0,0,0,56.95720362083021,-104.36330976293553,514.815
1,0,1,65.98186085418178,-104.36330976293553,517.601
2,0,2,75.00469101193035,-104.36331659312471,520.026
3,0,3,84.0252535468745,-104.36333025350304,521.897
4,0,4,86.95681171977898,75.63674305734499,523.094
5,0,5,77.94180212863007,75.63670890639914,523.576
6,0,6,68.92992759431019,75.63670207620997,523.387
7,0,7,59.921358871548584,75.6366952460208,522.649
8,0,8,50.91620182827741,75.6366952460208,521.543
9,0,9,41.91453842676669,75.6366952460208,520.292
10,0,10,32.91638232739478,75.6366952460208,519.137
11,0,11,23.92174206789813,75.6366952460208,518.306
12,0,12,14.93055276147963,75.6366952460208,517.992
13,0,13,5.942719212377722,75.6366952460208,518.332
14,0,14,-3.041902867153811,75.6366952460208,519.389
15,0,15,-12.023568755435198,75.6366952460208,521.147
16,0,16,-21.002570443053457,75.6366952460208,523.51
17,0,17,-29.97928145597882,75.6366952460208,526.306
18,0,18,-38.95420808198352,75.6366952460208,529.308
19,0,19,-47.92789161355928,75.63668841583163,532.249
20,0,20,-56.90097408848808,75.63668841583163,534.852
21,0,21,-65.8741419407815,75.63668841583163,536.852
22,0,22,-74.84814990634283,75.63668841583163,538.028
23,0,23,-83.82374930598078,75.63666792526412,538.216
24,0,24,-87.19832720883063,-104.36325512142217,537.338
25,0,25,-78.21739343145092,-104.36329610255719,535.4
26,0,26,-69.23279184248689,-104.36329610255719,532.503
27,0,27,-60.24408530983169,-104.36330293274636,528.829
28,0,28,-51.25082987118926,-104.36330293274636,524.628
29,0,29,-42.2528206208845,-104.36330293274636,520.197
30,0,30,-33.24999608721488,-104.36330293274636,515.853
31,0,31,-24.242463845659834,-104.36330293274636,511.906
32,0,32,-15.230483443407815,-104.36330293274636,508.628
33,0,33,-6.214467253129965,-104.36330293274636,506.233
34,0,34,2.805022942114483,-104.36330293274636,504.859
35,0,35,11.827407430019724,-104.36330293274636,504.552
36,0,36,20.851959649212798,-104.36330976293553,505.267
37,0,37,29.877941939263344,-104.36330976293553,506.876
38,0,38,38.90461407842006,-104.36330976293553,509.176
39,0,39,47.93126231191468,-104.36330976293553,511.915
40,1,0,61.46972860544462,-95.3633129275823,516.239
41,1,1,70.49352865005535,-95.3633129275823,518.872
42,1,2,79.51527963791507,-95.36331975777146,521.04
43,1,3,88.53456492748442,-95.36340172004151,522.584
44,1,4,82.4489278487056,84.63671257194154,523.423
45,1,5,73.43546188030909,84.63670574175238,523.559
46,1,6,64.42521976120084,84.6366989115632,523.077
47,1,7,55.41834834044799,84.6366989115632,522.128
48,1,8,46.41493641050975,84.6366989115632,520.921
49,1,9,37.41501812233198,84.6366989115632,519.688
50,1,10,28.418629334407807,84.6366989115632,518.668
51,1,11,19.425720527865757,84.63669208137404,518.074
52,1,12,10.436231084776942,84.63669208137404,518.074
53,1,13,1.4500278164525506,84.63669208137404,518.769
54,1,14,-7.533089913914287,84.63669208137404,520.184
55,1,15,-16.513380799738385,84.63669208137404,522.262
56,1,16,-25.49118976557283,84.63669208137404,524.867
57,1,17,-34.466937721825225,84.63669208137404,527.797
58,1,18,-43.44116766853458,84.63669208137404,530.803
59,1,19,-52.41446870951682,84.63669208137404,533.61
60,1,20,-61.38749312783767,84.63669208137404,535.943
61,1,21,-70.36099565940043,84.63668525118486,537.555
62,1,22,-79.3357003042571,84.6366784209957,538.252
63,1,23,-88.31237204359473,84.63661011910399,537.912
64,1,24,-82.70828379186932,-95.36328560682561,536.497
65,1,25,-73.72557416530539,-95.36329926720396,534.062
66,1,26,-64.73899865167122,-95.36329926720396,530.749
67,1,27,-55.74804157168451,-95.36329926720396,526.777
68,1,28,-46.75242630268384,-95.36330609739314,522.422
69,1,29,-37.75200599560207,-95.36330609739314,517.995
70,1,30,-28.746804556101285,-95.36330609739314,513.812
71,1,31,-19.737006399289086,-95.36330609739314,510.168
72,1,32,-10.722948765755737,-95.36330609739314,507.31
73,1,33,-1.7051085948043758,-95.36330609739314,505.414
74,1,34,7.31589928981799,-95.36330609739314,504.573
75,1,35,16.339458570260472,-95.36330609739314,504.788
76,1,36,25.364817605549256,-95.36330609739314,505.971
77,1,37,34.39123873525397,-95.36330609739314,507.954
78,1,38,43.41798600649156,-95.36330609739314,510.508
79,1,39,52.44436444751397,-95.36330609739314,513.363
80,2,0,56.95720362083021,-86.36330926203989,514.815
81,2,1,65.98186085418178,-86.36330926203989,517.601
82,2,2,75.00469101193035,-86.36331609222907,520.026
83,2,3,84.0252535468745,-86.36332975260741,521.897
84,2,4,86.95681171977898,93.63674355824062,523.094
85,2,5,77.94180212863007,93.63670940729477,523.576
86,2,6,68.92992759431019,93.63670257710561,523.387
87,2,7,59.921358871548584,93.63669574691643,522.649
88,2,8,50.91620182827741,93.63669574691643,521.543
89,2,9,41.91453842676669,93.63669574691643,520.292
90,2,10,32.91638232739478,93.63669574691643,519.137
91,2,11,23.92174206789813,93.63669574691643,518.306
92,2,12,14.93055276147963,93.63669574691643,517.992
93,2,13,5.942719212377722,93.63669574691643,518.332
94,2,14,-3.041902867153811,93.63669574691643,519.389
95,2,15,-12.023568755435198,93.63669574691643,521.147
96,2,16,-21.002570443053457,93.63669574691643,523.51
97,2,17,-29.97928145597882,93.63669574691643,526.306
98,2,18,-38.95420808198352,93.63669574691643,529.308
99,2,19,-47.92789161355928,93.63668891672727,532.249
100,2,20,-56.90097408848808,93.63668891672727,534.852
101,2,21,-65.8741419407815,93.63668891672727,536.852
102,2,22,-74.84814990634283,93.63668891672727,538.028
103,2,23,-83.82374930598078,93.63666842615976,538.216
104,2,24,-87.19832720883063,-86.36325462052653,537.338
105,2,25,-78.21739343145092,-86.36329560166156,535.4
106,2,26,-69.23279184248689,-86.36329560166156,532.503
107,2,27,-60.24408530983169,-86.36330243185073,528.829
108,2,28,-51.25082987118926,-86.36330243185073,524.628
109,2,29,-42.2528206208845,-86.36330243185073,520.197
110,2,30,-33.24999608721488,-86.36330243185073,515.853
111,2,31,-24.242463845659834,-86.36330243185073,511.906
112,2,32,-15.230483443407815,-86.36330243185073,508.628
113,2,33,-6.214467253129965,-86.36330243185073,506.233
114,2,34,2.805022942114483,-86.36330243185073,504.859
115,2,35,11.827407430019724,-86.36330243185073,504.552
116,2,36,20.851959649212798,-86.36330926203989,505.267
117,2,37,29.877941939263344,-86.36330926203989,506.876
118,2,38,38.90461407842006,-86.36330926203989,509.176
119,2,39,47.93126231191468,-86.36330926203989,511.915
120,3,0,61.46972860544462,-77.36331242668666,516.239
121,3,1,70.49352865005535,-77.36331242668666,518.872
122,3,2,79.51527963791507,-77.36331925687584,521.04
123,3,3,88.53456492748442,-77.36340121914587,522.584
124,3,4,82.4489278487056,102.63671307283718,523.423
125,3,5,73.43546188030909,102.636706242648,523.559
126,3,6,64.42521976120084,102.63669941245884,523.077
127,3,7,55.41834834044799,102.63669941245884,522.128
128,3,8,46.41493641050975,102.63669941245884,520.921
129,3,9,37.41501812233198,102.63669941245884,519.688
130,3,10,28.418629334407807,102.63669941245884,518.668
131,3,11,19.425720527865757,102.63669258226967,518.074
132,3,12,10.436231084776942,102.63669258226967,518.074
133,3,13,1.4500278164525506,102.63669258226967,518.769
134,3,14,-7.533089913914287,102.63669258226967,520.184
135,3,15,-16.513380799738385,102.63669258226967,522.262
136,3,16,-25.49118976557283,102.63669258226967,524.867
137,3,17,-34.466937721825225,102.63669258226967,527.797
138,3,18,-43.44116766853458,102.63669258226967,530.803
139,3,19,-52.41446870951682,102.63669258226967,533.61
140,3,20,-61.38749312783767,102.63669258226967,535.943
141,3,21,-70.36099565940043,102.6366857520805,537.555
142,3,22,-79.3357003042571,102.63667892189133,538.252
143,3,23,-88.31237204359473,102.63661061999963,537.912
144,3,24,-82.70828379186932,-77.36328510592999,536.497
145,3,25,-73.72557416530539,-77.36329876630833,534.062
146,3,26,-64.73899865167122,-77.36329876630833,530.749
147,3,27,-55.74804157168451,-77.36329876630833,526.777
148,3,28,-46.75242630268384,-77.3633055964975,522.422
149,3,29,-37.75200599560207,-77.3633055964975,517.995
150,3,30,-28.746804556101285,-77.3633055964975,513.812
151,3,31,-19.737006399289086,-77.3633055964975,510.168
152,3,32,-10.722948765755737,-77.3633055964975,507.31
153,3,33,-1.7051085948043758,-77.3633055964975,505.414
154,3,34,7.31589928981799,-77.3633055964975,504.573
155,3,35,16.339458570260472,-77.3633055964975,504.788
156,3,36,25.364817605549256,-77.3633055964975,505.971
157,3,37,34.39123873525397,-77.3633055964975,507.954
158,3,38,43.41798600649156,-77.3633055964975,510.508
159,3,39,52.44436444751397,-77.3633055964975,513.363
160,4,0,56.95720362083021,-68.36330876114427,514.815
161,4,1,65.98186085418178,-68.36330876114427,517.601
162,4,2,75.00469101193035,-68.36331559133343,520.026
163,4,3,84.0252535468745,-68.36332925171178,521.897
164,4,4,86.95681171977898,111.63674405913626,523.094
165,4,5,77.94180212863007,111.63670990819041,523.576
166,4,6,68.92992759431019,111.63670307800123,523.387
167,4,7,59.921358871548584,111.63669624781207,522.649
168,4,8,50.91620182827741,111.63669624781207,521.543
169,4,9,41.91453842676669,111.63669624781207,520.292
170,4,10,32.91638232739478,111.63669624781207,519.137
171,4,11,23.92174206789813,111.63669624781207,518.306
172,4,12,14.93055276147963,111.63669624781207,517.992
173,4,13,5.942719212377722,111.63669624781207,518.332
174,4,14,-3.041902867153811,111.63669624781207,519.389
175,4,15,-12.023568755435198,111.63669624781207,521.147
176,4,16,-21.002570443053457,111.63669624781207,523.51
177,4,17,-29.97928145597882,111.63669624781207,526.306
178,4,18,-38.95420808198352,111.63669624781207,529.308
179,4,19,-47.92789161355928,111.6366894176229,532.249
180,4,20,-56.90097408848808,111.6366894176229,534.852
181,4,21,-65.8741419407815,111.6366894176229,536.852
182,4,22,-74.84814990634283,111.6366894176229,538.028
183,4,23,-83.82374930598078,111.6366689270554,538.216
184,4,24,-87.19832720883063,-68.36325411963091,537.338
185,4,25,-78.21739343145092,-68.36329510076592,535.4
186,4,26,-69.23279184248689,-68.36329510076592,532.503
187,4,27,-60.24408530983169,-68.36330193095509,528.829
188,4,28,-51.25082987118926,-68.36330193095509,524.628
189,4,29,-42.2528206208845,-68.36330193095509,520.197
190,4,30,-33.24999608721488,-68.36330193095509,515.853
191,4,31,-24.242463845659834,-68.36330193095509,511.906
192,4,32,-15.230483443407815,-68.36330193095509,508.628
193,4,33,-6.214467253129965,-68.36330193095509,506.233
194,4,34,2.805022942114483,-68.36330193095509,504.859
195,4,35,11.827407430019724,-68.36330193095509,504.552
196,4,36,20.851959649212798,-68.36330876114427,505.267
197,4,37,29.877941939263344,-68.36330876114427,506.876
198,4,38,38.90461407842006,-68.36330876114427,509.176
199,4,39,47.93126231191468,-68.36330876114427,511.915
200,5,0,61.46972860544462,-59.36331192579103,516.239
201,5,1,70.49352865005535,-59.36331192579103,518.872
202,5,2,79.51527963791507,-59.3633187559802,521.04
203,5,3,88.53456492748442,-59.36340071825024,522.584
204,5,4,82.4489278487056,120.6367135737328,523.423
205,5,5,73.43546188030909,120.63669991335448,523.559
206,5,6,64.42521976120084,120.63669991335448,523.077
207,5,7,55.41834834044799,120.63669991335448,522.128
208,5,8,46.41493641050975,120.63669991335448,520.921
209,5,9,37.41501812233198,120.63669991335448,519.688
210,5,10,28.418629334407807,120.63669991335448,518.668
211,5,11,19.425720527865757,120.63669991335448,518.074
212,5,12,10.436231084776942,120.63669991335448,518.074
213,5,13,1.4500278164525506,120.63669991335448,518.769
214,5,14,-7.533089913914287,120.63669991335448,520.184
215,5,15,-16.513380799738385,120.63669991335448,522.262
216,5,16,-25.49118976557283,120.63669991335448,524.867
217,5,17,-34.466937721825225,120.63669991335448,527.797
218,5,18,-43.44116766853458,120.63669991335448,530.803
219,5,19,-52.41446870951682,120.63668625297613,533.61
220,5,20,-61.38749312783767,120.63668625297613,535.943
221,5,21,-70.36099565940043,120.63668625297613,537.555
222,5,22,-79.3357003042571,120.63668625297613,538.252
223,5,23,-88.31237204359473,120.63660429070609,537.912
224,5,24,-82.70828379186932,-59.36328460503435,536.497
225,5,25,-73.72557416530539,-59.363298265412695,534.062
226,5,26,-64.73899865167122,-59.363298265412695,530.749
227,5,27,-55.74804157168451,-59.363298265412695,526.777
228,5,28,-46.75242630268384,-59.36330509560186,522.422
229,5,29,-37.75200599560207,-59.36330509560186,517.995
230,5,30,-28.746804556101285,-59.36330509560186,513.812
231,5,31,-19.737006399289086,-59.36330509560186,510.168
232,5,32,-10.722948765755737,-59.36330509560186,507.31
233,5,33,-1.7051085948043758,-59.36330509560186,505.414
234,5,34,7.31589928981799,-59.36330509560186,504.573
235,5,35,16.339458570260472,-59.36330509560186,504.788
236,5,36,25.364817605549256,-59.36330509560186,505.971
237,5,37,34.39123873525397,-59.36330509560186,507.954
238,5,38,43.41798600649156,-59.36330509560186,510.508
239,5,39,52.44436444751397,-59.36330509560186,513.363
240,6,0,56.95720362083021,-50.36330826024863,514.815
241,6,1,65.98186085418178,-50.36330826024863,517.601
242,6,2,75.00469101193035,-50.3633150904378,520.026
243,6,3,84.0252535468745,-50.363328750816144,521.897
244,6,4,86.95681171977898,129.6367445600319,523.094
245,6,5,77.94180212863007,129.63670357889688,523.576
246,6,6,68.92992759431019,129.63670357889688,523.387
247,6,7,59.921358871548584,129.63670357889688,522.649
248,6,8,50.91620182827741,129.63670357889688,521.543
249,6,9,41.91453842676669,129.63670357889688,520.292
250,6,10,32.91638232739478,129.63670357889688,519.137
251,6,11,23.92174206789813,129.63670357889688,518.306
252,6,12,14.93055276147963,129.63668991851853,517.992
253,6,13,5.942719212377722,129.63668991851853,518.332
254,6,14,-3.041902867153811,129.63668991851853,519.389
255,6,15,-12.023568755435198,129.63668991851853,521.147
256,6,16,-21.002570443053457,129.63668991851853,523.51
257,6,17,-29.97928145597882,129.63668991851853,526.306
258,6,18,-38.95420808198352,129.63668991851853,529.308
259,6,19,-47.92789161355928,129.63668991851853,532.249
260,6,20,-56.90097408848808,129.63668991851853,534.852
261,6,21,-65.8741419407815,129.63668991851853,536.852
262,6,22,-74.84814990634283,129.63668991851853,538.028
263,6,23,-83.82374930598078,129.6366762581402,538.216
264,6,24,-87.19832720883063,-50.36325361873527,537.338
265,6,25,-78.21739343145092,-50.363291184775704,535.4
266,6,26,-69.23279184248689,-50.363298014964876,532.503
267,6,27,-60.24408530983169,-50.36330143005946,528.829
268,6,28,-51.25082987118926,-50.36330143005946,524.628
269,6,29,-42.2528206208845,-50.36330143005946,520.197
270,6,30,-33.24999608721488,-50.36330143005946,515.853
271,6,31,-24.242463845659834,-50.36330143005946,511.906
272,6,32,-15.230483443407815,-50.36330484515405,508.628
273,6,33,-6.214467253129965,-50.36330484515405,506.233
274,6,34,2.805022942114483,-50.36330484515405,504.859
275,6,35,11.827407430019724,-50.36330484515405,504.552
276,6,36,20.851959649212798,-50.36330484515405,505.267
277,6,37,29.877941939263344,-50.36330484515405,506.876
278,6,38,38.90461407842006,-50.36330484515405,509.176
279,6,39,47.93126231191468,-50.36330826024863,511.915
280,7,0,61.46972860544462,-41.3633114248954,516.239
281,7,1,70.49352865005535,-41.36331483998998,518.872
282,7,2,79.51527963791507,-41.363321670179154,521.04
283,7,3,88.53456492748442,-41.36340363244919,522.584
284,7,4,82.4489278487056,138.63670724443926,523.423
285,7,5,73.43546188030909,138.63670724443926,523.559
286,7,6,64.42521976120084,138.63669358406094,523.077
287,7,7,55.41834834044799,138.63669358406094,522.128
288,7,8,46.41493641050975,138.63669358406094,520.921
289,7,9,37.41501812233198,138.63669358406094,519.688
290,7,10,28.418629334407807,138.63669358406094,518.668
291,7,11,19.425720527865757,138.63669358406094,518.074
292,7,12,10.436231084776942,138.63669358406094,518.074
293,7,13,1.4500278164525506,138.63669358406094,518.769
294,7,14,-7.533089913914287,138.63669358406094,520.184
295,7,15,-16.513380799738385,138.63669358406094,522.262
296,7,16,-25.49118976557283,138.63669358406094,524.867
297,7,17,-34.466937721825225,138.63669358406094,527.797
298,7,18,-43.44116766853458,138.63669358406094,530.803
299,7,19,-52.41446870951682,138.63669358406094,533.61
300,7,20,-61.38749312783767,138.63669358406094,535.943
301,7,21,-70.36099565940043,138.6366799236826,537.555
302,7,22,-79.3357003042571,138.6366799236826,538.252
303,7,23,-88.31237204359473,138.6366116217909,537.912
304,7,24,-82.70828379186932,-41.3632875192333,536.497
305,7,25,-73.72557416530539,-41.36329776451706,534.062
306,7,26,-64.73899865167122,-41.363301179611646,530.749
307,7,27,-55.74804157168451,-41.36330459470623,526.777
308,7,28,-46.75242630268384,-41.36330459470623,522.422
309,7,29,-37.75200599560207,-41.36330459470623,517.995
310,7,30,-28.746804556101285,-41.36330459470623,513.812
311,7,31,-19.737006399289086,-41.36330800980081,510.168
312,7,32,-10.722948765755737,-41.36330800980081,507.31
313,7,33,-1.7051085948043758,-41.36330800980081,505.414
314,7,34,7.31589928981799,-41.36330800980081,504.573
315,7,35,16.339458570260472,-41.36330800980081,504.788
316,7,36,25.364817605549256,-41.36330800980081,505.971
317,7,37,34.39123873525397,-41.36330800980081,507.954
318,7,38,43.41798600649156,-41.3633114248954,510.508
319,7,39,52.44436444751397,-41.3633114248954,513.363
320,8,0,56.95720362083021,-32.363307759353,514.815
321,8,1,65.98186085418178,-32.363307759353,517.601
322,8,2,75.00469101193035,-32.36331458954217,520.026
323,8,3,84.0252535468745,-32.36332824992051,521.897
324,8,4,86.95681171977898,147.63673823073836,523.094
325,8,5,77.94180212863007,147.63671090998167,523.576
326,8,6,68.92992759431019,147.63669724960334,523.387
327,8,7,59.921358871548584,147.63669724960334,522.649
328,8,8,50.91620182827741,147.63669724960334,521.543
329,8,9,41.91453842676669,147.63669724960334,520.292
330,8,10,32.91638232739478,147.63669724960334,519.137
331,8,11,23.92174206789813,147.63669724960334,518.306
332,8,12,14.93055276147963,147.63669724960334,517.992
333,8,13,5.942719212377722,147.63669724960334,518.332
334,8,14,-3.041902867153811,147.63669724960334,519.389
335,8,15,-12.023568755435198,147.63669724960334,521.147
336,8,16,-21.002570443053457,147.63669724960334,523.51
337,8,17,-29.97928145597882,147.63669724960334,526.306
338,8,18,-38.95420808198352,147.63669724960334,529.308
339,8,19,-47.92789161355928,147.63669724960334,532.249
340,8,20,-56.90097408848808,147.63669724960334,534.852
341,8,21,-65.8741419407815,147.63669724960334,536.852
342,8,22,-74.84814990634283,147.636683589225,538.028
343,8,23,-83.82374930598078,147.63666992884666,538.216
344,8,24,-87.19832720883063,-32.36325311783964,537.338
345,8,25,-78.21739343145092,-32.363290683880074,535.4
346,8,26,-69.23279184248689,-32.363297514069245,532.503
347,8,27,-60.24408530983169,-32.36330092916383,528.829
348,8,28,-51.25082987118926,-32.36330092916383,524.628
349,8,29,-42.2528206208845,-32.36330092916383,520.197
350,8,30,-33.24999608721488,-32.36330092916383,515.853
351,8,31,-24.242463845659834,-32.36330092916383,511.906
352,8,32,-15.230483443407815,-32.36330434425841,508.628
353,8,33,-6.214467253129965,-32.36330434425841,506.233
354,8,34,2.805022942114483,-32.36330434425841,504.859
355,8,35,11.827407430019724,-32.36330434425841,504.552
356,8,36,20.851959649212798,-32.36330434425841,505.267
357,8,37,29.877941939263344,-32.36330434425841,506.876
358,8,38,38.90461407842006,-32.36330434425841,509.176
359,8,39,47.93126231191468,-32.363307759353,511.915
360,9,0,61.46972860544462,-23.363310923999766,516.239
361,9,1,70.49352865005535,-23.36331433909435,518.872
362,9,2,79.51527963791507,-23.36332116928352,521.04
363,9,3,88.53456492748442,-23.363404839100852,522.584
364,9,4,82.4489278487056,156.63671457552408,523.423
365,9,5,73.43546188030909,156.63670091514572,523.559
366,9,6,64.42521976120084,156.63670091514572,523.077
367,9,7,55.41834834044799,156.63670091514572,522.128
368,9,8,46.41493641050975,156.63670091514572,520.921
369,9,9,37.41501812233198,156.63670091514572,519.688
370,9,10,28.418629334407807,156.63670091514572,518.668
371,9,11,19.425720527865757,156.6366872547674,518.074
372,9,12,10.436231084776942,156.6366872547674,518.074
373,9,13,1.4500278164525506,156.6366872547674,518.769
374,9,14,-7.533089913914287,156.6366872547674,520.184
375,9,15,-16.513380799738385,156.6366872547674,522.262
376,9,16,-25.49118976557283,156.6366872547674,524.867
377,9,17,-34.466937721825225,156.6366872547674,527.797
378,9,18,-43.44116766853458,156.6366872547674,530.803
379,9,19,-52.41446870951682,156.6366872547674,533.61
380,9,20,-61.38749312783767,156.6366872547674,535.943
381,9,21,-70.36099565940043,156.6366872547674,537.555
382,9,22,-79.3357003042571,156.63667359438907,538.252
383,9,23,-88.31237204359473,156.63660529249736,537.912
384,9,24,-82.70828379186932,-23.363287018337672,536.497
385,9,25,-73.72557416530539,-23.363298971168717,534.062
386,9,26,-64.73899865167122,-23.363302386263303,530.749
387,9,27,-55.74804157168451,-23.363302386263303,526.777
388,9,28,-46.75242630268384,-23.363304093810594,522.422
389,9,29,-37.75200599560207,-23.363304093810594,517.995
390,9,30,-28.746804556101285,-23.36330580135789,513.812
391,9,31,-19.737006399289086,-23.36330580135789,510.168
392,9,32,-10.722948765755737,-23.36330580135789,507.31
393,9,33,-1.7051085948043758,-23.36330750890518,505.414
394,9,34,7.31589928981799,-23.36330750890518,504.573
395,9,35,16.339458570260472,-23.36330750890518,504.788
396,9,36,25.364817605549256,-23.36330750890518,505.971
397,9,37,34.39123873525397,-23.363309216452475,507.954
398,9,38,43.41798600649156,-23.363309216452475,510.508
399,9,39,52.44436444751397,-23.363310923999766,513.363
400,10,0,56.95720362083021,-14.363307258457365,514.815
401,10,1,65.98186085418178,-14.363308966004658,517.601
402,10,2,75.00469101193035,-14.363312381099242,520.026
403,10,3,84.0252535468745,-14.363327749024874,521.897
404,10,4,86.95681171977898,165.63674556182315,523.094
405,10,5,77.94180212863007,165.63670458068813,523.576
406,10,6,68.92992759431019,165.63670458068813,523.387
407,10,7,59.921358871548584,165.63670458068813,522.649
408,10,8,50.91620182827741,165.63670458068813,521.543
409,10,9,41.91453842676669,165.63670458068813,520.292
410,10,10,32.91638232739478,165.63670458068813,519.137
411,10,11,23.92174206789813,165.63670458068813,518.306
412,10,12,14.93055276147963,165.6366909203098,517.992
413,10,13,5.942719212377722,165.6366909203098,518.332
414,10,14,-3.041902867153811,165.6366909203098,519.389
415,10,15,-12.023568755435198,165.6366909203098,521.147
416,10,16,-21.002570443053457,165.6366909203098,523.51
417,10,17,-29.97928145597882,165.6366909203098,526.306
418,10,18,-38.95420808198352,165.6366909203098,529.308
419,10,19,-47.92789161355928,165.6366909203098,532.249
420,10,20,-56.90097408848808,165.6366909203098,534.852
421,10,21,-65.8741419407815,165.6366909203098,536.852
422,10,22,-74.84814990634283,165.6366909203098,538.028
423,10,23,-83.82374930598078,165.63667725993145,538.216
424,10,24,-87.19832720883063,-14.363252616944004,537.338
425,10,25,-78.21739343145092,-14.363291890531732,535.4
426,10,26,-69.23279184248689,-14.363297013173609,532.503
427,10,27,-60.24408530983169,-14.363298720720902,528.829
428,10,28,-51.25082987118926,-14.363300428268195,524.628
429,10,29,-42.2528206208845,-14.363300428268195,520.197
430,10,30,-33.24999608721488,-14.363302135815486,515.853
431,10,31,-24.242463845659834,-14.363302135815486,511.906
432,10,32,-15.230483443407815,-14.363302135815486,508.628
433,10,33,-6.214467253129965,-14.363302135815486,506.233
434,10,34,2.805022942114483,-14.363303843362779,504.859
435,10,35,11.827407430019724,-14.363303843362779,504.552
436,10,36,20.851959649212798,-14.363303843362779,505.267
437,10,37,29.877941939263344,-14.363303843362779,506.876
438,10,38,38.90461407842006,-14.363305550910072,509.176
439,10,39,47.93126231191468,-14.363305550910072,511.915
440,11,0,61.46972860544462,-5.363310849990956,516.239
441,11,1,70.49352865005535,-5.3633134113118945,518.872
442,11,2,79.51527963791507,-5.363319814614242,521.04
443,11,3,88.53456492748442,-5.36340433820522,522.584
444,11,4,82.4489278487056,174.63670824623054,523.423
445,11,5,73.43546188030909,174.63670824623054,523.559
446,11,6,64.42521976120084,174.6366945858522,523.077
447,11,7,55.41834834044799,174.6366945858522,522.128
448,11,8,46.41493641050975,174.6366945858522,520.921
449,11,9,37.41501812233198,174.6366945858522,519.688
450,11,10,28.418629334407807,174.6366945858522,518.668
451,11,11,19.425720527865757,174.6366945858522,518.074
452,11,12,10.436231084776942,174.6366945858522,518.074
453,11,13,1.4500278164525506,174.6366945858522,518.769
454,11,14,-7.533089913914287,174.6366945858522,520.184
455,11,15,-16.513380799738385,174.6366945858522,522.262
456,11,16,-25.49118976557283,174.6366945858522,524.867
457,11,17,-34.466937721825225,174.6366945858522,527.797
458,11,18,-43.44116766853458,174.6366945858522,530.803
459,11,19,-52.41446870951682,174.6366945858522,533.61
460,11,20,-61.38749312783767,174.6366945858522,535.943
461,11,21,-70.36099565940043,174.63668092547385,537.555
462,11,22,-79.3357003042571,174.63668092547385,538.252
463,11,23,-88.31237204359473,174.63661262358215,537.912
464,11,24,-82.70828379186932,-5.363286944328861,536.497
465,11,25,-73.72557416530539,-5.363297616499438,534.062
466,11,26,-64.73899865167122,-5.363301031594024,530.749
467,11,27,-55.74804157168451,-5.363302739141316,526.777
468,11,28,-46.75242630268384,-5.363303592914963,522.422
469,11,29,-37.75200599560207,-5.363304446688609,517.995
470,11,30,-28.746804556101285,-5.363304873575432,513.812
471,11,31,-19.737006399289086,-5.363305300462255,510.168
472,11,32,-10.722948765755737,-5.363305727349078,507.31
473,11,33,-1.7051085948043758,-5.363306154235901,505.414
474,11,34,7.31589928981799,-5.363306581122725,504.573
475,11,35,16.339458570260472,-5.3633070080095475,504.788
476,11,36,25.364817605549256,-5.36330743489637,505.971
477,11,37,34.39123873525397,-5.363307861783194,507.954
478,11,38,43.41798600649156,-5.36330871555684,510.508
479,11,39,52.44436444751397,-5.363309569330486,513.363
480,12,0,56.95720362083021,3.636693242438269,514.815
481,12,1,65.98186085418178,3.6366915348909767,517.601
482,12,2,75.00469101193035,3.636688119796392,520.026
483,12,3,84.0252535468745,3.636673178757582,521.897
484,12,4,86.95681171977898,-176.3632571250047,523.094
485,12,5,77.94180212863007,-176.3632844457614,523.576
486,12,6,68.92992759431019,-176.36329810613972,523.387
487,12,7,59.921358871548584,-176.36329810613972,522.649
488,12,8,50.91620182827741,-176.36329810613972,521.543
489,12,9,41.91453842676669,-176.36329810613972,520.292
490,12,10,32.91638232739478,-176.36329810613972,519.137
491,12,11,23.92174206789813,-176.36329810613972,518.306
492,12,12,14.93055276147963,-176.36329810613972,517.992
493,12,13,5.942719212377722,-176.36329810613972,518.332
494,12,14,-3.041902867153811,-176.36329810613972,519.389
495,12,15,-12.023568755435198,-176.36329810613972,521.147
496,12,16,-21.002570443053457,-176.36329810613972,523.51
497,12,17,-29.97928145597882,-176.36329810613972,526.306
498,12,18,-38.95420808198352,-176.36329810613972,529.308
499,12,19,-47.92789161355928,-176.36331176651805,532.249
500,12,20,-56.90097408848808,-176.36331176651805,534.852
501,12,21,-65.8741419407815,-176.36331176651805,536.852
502,12,22,-74.84814990634283,-176.36331176651805,538.028
503,12,23,-83.82374930598078,-176.3633254268964,538.216
504,12,24,-87.19832720883063,3.6367483108384526,537.338
505,12,25,-78.21739343145092,3.636709464137548,535.4
506,12,26,-69.23279184248689,3.636703914608847,532.503
507,12,27,-60.24408530983169,3.636701780174732,528.829
508,12,28,-51.25082987118926,3.636700499514262,524.628
509,12,29,-42.2528206208845,3.636699645740616,520.197
510,12,30,-33.24999608721488,3.6366987919669698,515.853
511,12,31,-24.242463845659834,3.6366983650801465,511.906
512,12,32,-15.230483443407815,3.6366979381933238,508.628
513,12,33,-6.214467253129965,3.6366975113065005,506.233
514,12,34,2.805022942114483,3.6366970844196773,504.859
515,12,35,11.827407430019724,3.636696657532854,504.552
516,12,36,20.851959649212798,3.636696230646031,505.267
517,12,37,29.877941939263344,3.636695803759208,506.876
518,12,38,38.90461407842006,3.636695376872385,509.176
519,12,39,47.93126231191468,3.6366945230987384,511.915
520,13,0,61.46972860544462,12.636696054207025,516.239
521,13,1,70.49352865005535,12.636693492886085,518.872
522,13,2,79.51527963791507,12.636687516470563,521.04
523,13,3,88.53456492748442,12.636602992879583,522.584
524,13,4,82.4489278487056,-167.363280780219,523.423
525,13,5,73.43546188030909,-167.36329444059731,523.559
526,13,6,64.42521976120084,-167.36329444059731,523.077
527,13,7,55.41834834044799,-167.36329444059731,522.128
528,13,8,46.41493641050975,-167.36329444059731,520.921
529,13,9,37.41501812233198,-167.36329444059731,519.688
530,13,10,28.418629334407807,-167.36329444059731,518.668
531,13,11,19.425720527865757,-167.36329444059731,518.074
532,13,12,10.436231084776942,-167.36329444059731,518.074
533,13,13,1.4500278164525506,-167.36329444059731,518.769
534,13,14,-7.533089913914287,-167.36329444059731,520.184
535,13,15,-16.513380799738385,-167.36329444059731,522.262
536,13,16,-25.49118976557283,-167.36329444059731,524.867
537,13,17,-34.466937721825225,-167.36329444059731,527.797
538,13,18,-43.44116766853458,-167.36330810097567,530.803
539,13,19,-52.41446870951682,-167.36330810097567,533.61
540,13,20,-61.38749312783767,-167.36330810097567,535.943
541,13,21,-70.36099565940043,-167.36330810097567,537.555
542,13,22,-79.3357003042571,-167.36330810097567,538.252
543,13,23,-88.31237204359473,-167.3633900632457,537.912
544,13,24,-82.70828379186932,12.636720813642766,536.497
545,13,25,-73.72557416530539,12.636709714585365,534.062
546,13,26,-64.73899865167122,12.636706299490779,530.749
547,13,27,-55.74804157168451,12.636704591943488,526.777
548,13,28,-46.75242630268384,12.63670373816984,522.422
549,13,29,-37.75200599560207,12.636702884396195,517.995
550,13,30,-28.746804556101285,12.636702030622548,513.812
551,13,31,-19.737006399289086,12.636702030622548,510.168
552,13,32,-10.722948765755737,12.636701176848902,507.31
553,13,33,-1.7051085948043758,12.636701176848902,505.414
554,13,34,7.31589928981799,12.636700323075257,504.573
555,13,35,16.339458570260472,12.636700323075257,504.788
556,13,36,25.364817605549256,12.63669946930161,505.971
557,13,37,34.39123873525397,12.63669946930161,507.954
558,13,38,43.41798600649156,12.636698615527964,510.508
559,13,39,52.44436444751397,12.636697761754316,513.363
560,14,0,56.95720362083021,21.636686913144732,514.815
561,14,1,65.98186085418178,21.63668520559744,517.601
562,14,2,75.00469101193035,21.636681790502855,520.026
563,14,3,84.0252535468745,21.63666642257722,521.897
564,14,4,86.95681171977898,-158.36326345429825,523.094
565,14,5,77.94180212863007,-158.36329077505494,523.576
566,14,6,68.92992759431019,-158.36330443543326,523.387
567,14,7,59.921358871548584,-158.36330443543326,522.649
568,14,8,50.91620182827741,-158.36330443543326,521.543
569,14,9,41.91453842676669,-158.36330443543326,520.292
570,14,10,32.91638232739478,-158.36330443543326,519.137
571,14,11,23.92174206789813,-158.36330443543326,518.306
572,14,12,14.93055276147963,-158.36330443543326,517.992
573,14,13,5.942719212377722,-158.36330443543326,518.332
574,14,14,-3.041902867153811,-158.36330443543326,519.389
575,14,15,-12.023568755435198,-158.36330443543326,521.147
576,14,16,-21.002570443053457,-158.36330443543326,523.51
577,14,17,-29.97928145597882,-158.36330443543326,526.306
578,14,18,-38.95420808198352,-158.36330443543326,529.308
579,14,19,-47.92789161355928,-158.3633180958116,532.249
580,14,20,-56.90097408848808,-158.3633180958116,534.852
581,14,21,-65.8741419407815,-158.3633180958116,536.852
582,14,22,-74.84814990634283,-158.3633180958116,538.028
583,14,23,-83.82374930598078,-158.36333175618995,538.216
584,14,24,-87.19832720883063,21.636741554658094,537.338
585,14,25,-78.21739343145092,21.636702281070367,535.4
586,14,26,-69.23279184248689,21.636697158428486,532.503
587,14,27,-60.24408530983169,21.636695450881195,528.829
588,14,28,-51.25082987118926,21.636693743333904,524.628
589,14,29,-42.2528206208845,21.636693743333904,520.197
590,14,30,-33.24999608721488,21.63669203578661,515.853
591,14,31,-24.242463845659834,21.63669203578661,511.906
592,14,32,-15.230483443407815,21.63669203578661,508.628
593,14,33,-6.214467253129965,21.63669203578661,506.233
594,14,34,2.805022942114483,21.636690328239318,504.859
595,14,35,11.827407430019724,21.636690328239318,504.552
596,14,36,20.851959649212798,21.636690328239318,505.267
597,14,37,29.877941939263344,21.636690328239318,506.876
598,14,38,38.90461407842006,21.636688620692023,509.176
599,14,39,47.93126231191468,21.636688620692023,511.915
600,15,0,61.46972860544462,30.636690578687134,516.239
601,15,1,70.49352865005535,30.636687163592548,518.872
602,15,2,79.51527963791507,30.63668033340338,521.04
603,15,3,88.53456492748442,30.63659837113334,522.584
604,15,4,82.4489278487056,-149.36328710951253,523.423
605,15,5,73.43546188030909,-149.36330076989086,523.559
606,15,6,64.42521976120084,-149.36330076989086,523.077
607,15,7,55.41834834044799,-149.36330076989086,522.128
608,15,8,46.41493641050975,-149.36330076989086,520.921
609,15,9,37.41501812233198,-149.36330076989086,519.688
610,15,10,28.418629334407807,-149.36330076989086,518.668
611,15,11,19.425720527865757,-149.36330076989086,518.074
612,15,12,10.436231084776942,-149.36330076989086,518.074
613,15,13,1.4500278164525506,-149.36330076989086,518.769
614,15,14,-7.533089913914287,-149.36330076989086,520.184
615,15,15,-16.513380799738385,-149.36330076989086,522.262
616,15,16,-25.49118976557283,-149.36330076989086,524.867
617,15,17,-34.466937721825225,-149.36330076989086,527.797
618,15,18,-43.44116766853458,-149.3633144302692,530.803
619,15,19,-52.41446870951682,-149.3633144302692,533.61
620,15,20,-61.38749312783767,-149.3633144302692,535.943
621,15,21,-70.36099565940043,-149.3633144302692,537.555
622,15,22,-79.3357003042571,-149.3633144302692,538.252
623,15,23,-88.31237204359473,-149.36339639253924,537.912
624,15,24,-82.70828379186932,30.63671448434923,536.497
625,15,25,-73.72557416530539,30.636704239065473,534.062
626,15,26,-64.73899865167122,30.63670082397089,530.749
627,15,27,-55.74804157168451,30.636697408876305,526.777
628,15,28,-46.75242630268384,30.636697408876305,522.422
629,15,29,-37.75200599560207,30.636697408876305,517.995
630,15,30,-28.746804556101285,30.636697408876305,513.812
631,15,31,-19.737006399289086,30.63669399378172,510.168
632,15,32,-10.722948765755737,30.63669399378172,507.31
633,15,33,-1.7051085948043758,30.63669399378172,505.414
634,15,34,7.31589928981799,30.63669399378172,504.573
635,15,35,16.339458570260472,30.63669399378172,504.788
636,15,36,25.364817605549256,30.63669399378172,505.971
637,15,37,34.39123873525397,30.63669399378172,507.954
638,15,38,43.41798600649156,30.636690578687134,510.508
639,15,39,52.44436444751397,30.636690578687134,513.363
640,16,0,56.95720362083021,39.63669424422954,514.815
641,16,1,65.98186085418178,39.63669424422954,517.601
642,16,2,75.00469101193035,39.63668741404037,520.026
643,16,3,84.0252535468745,39.63667375366202,521.897
644,16,4,86.95681171977898,-140.36325612321343,523.094
645,16,5,77.94180212863007,-140.36328344397012,523.576
646,16,6,68.92992759431019,-140.36329710434845,523.387
647,16,7,59.921358871548584,-140.36329710434845,522.649
648,16,8,50.91620182827741,-140.36329710434845,521.543
649,16,9,41.91453842676669,-140.36329710434845,520.292
650,16,10,32.91638232739478,-140.36329710434845,519.137
651,16,11,23.92174206789813,-140.36329710434845,518.306
652,16,12,14.93055276147963,-140.36329710434845,517.992
653,16,13,5.942719212377722,-140.36329710434845,518.332
654,16,14,-3.041902867153811,-140.36329710434845,519.389
655,16,15,-12.023568755435198,-140.36329710434845,521.147
656,16,16,-21.002570443053457,-140.36329710434845,523.51
657,16,17,-29.97928145597882,-140.36329710434845,526.306
658,16,18,-38.95420808198352,-140.36329710434845,529.308
659,16,19,-47.92789161355928,-140.3633107647268,532.249
660,16,20,-56.90097408848808,-140.3633107647268,534.852
661,16,21,-65.8741419407815,-140.3633107647268,536.852
662,16,22,-74.84814990634283,-140.3633107647268,538.028
663,16,23,-83.82374930598078,-140.36332442510513,538.216
664,16,24,-87.19832720883063,39.6367488857429,537.338
665,16,25,-78.21739343145092,39.636711319702464,535.4
666,16,26,-69.23279184248689,39.63670448951329,532.503
667,16,27,-60.24408530983169,39.6367010744187,528.829
668,16,28,-51.25082987118926,39.6367010744187,524.628
669,16,29,-42.2528206208845,39.6367010744187,520.197
670,16,30,-33.24999608721488,39.6367010744187,515.853
671,16,31,-24.242463845659834,39.6367010744187,511.906
672,16,32,-15.230483443407815,39.63669765932412,508.628
673,16,33,-6.214467253129965,39.63669765932412,506.233
674,16,34,2.805022942114483,39.63669765932412,504.859
675,16,35,11.827407430019724,39.63669765932412,504.552
676,16,36,20.851959649212798,39.63669765932412,505.267
677,16,37,29.877941939263344,39.63669765932412,506.876
678,16,38,38.90461407842006,39.63669765932412,509.176
679,16,39,47.93126231191468,39.63669424422954,511.915
680,17,0,61.46972860544462,48.636684249393596,516.239
681,17,1,70.49352865005535,48.636680834299014,518.872
682,17,2,79.51527963791507,48.63667400410984,521.04
683,17,3,88.53456492748442,48.636592041839805,522.584
684,17,4,82.4489278487056,-131.36329343880607,523.423
685,17,5,73.43546188030909,-131.3633070991844,523.559
686,17,6,64.42521976120084,-131.3633070991844,523.077
687,17,7,55.41834834044799,-131.3633070991844,522.128
688,17,8,46.41493641050975,-131.3633070991844,520.921
689,17,9,37.41501812233198,-131.3633070991844,519.688
690,17,10,28.418629334407807,-131.3633070991844,518.668
691,17,11,19.425720527865757,-131.3633070991844,518.074
692,17,12,10.436231084776942,-131.3633070991844,518.074
693,17,13,1.4500278164525506,-131.3633070991844,518.769
694,17,14,-7.533089913914287,-131.3633070991844,520.184
695,17,15,-16.513380799738385,-131.3633070991844,522.262
696,17,16,-25.49118976557283,-131.3633070991844,524.867
697,17,17,-34.466937721825225,-131.3633070991844,527.797
698,17,18,-43.44116766853458,-131.36332075956273,530.803
699,17,19,-52.41446870951682,-131.36332075956273,533.61
700,17,20,-61.38749312783767,-131.36332075956273,535.943
701,17,21,-70.36099565940043,-131.36332075956273,537.555
702,17,22,-79.3357003042571,-131.36332075956273,538.252
703,17,23,-88.31237204359473,-131.36340272183278,537.912
704,17,24,-82.70828379186932,48.63670815505569,536.497
705,17,25,-73.72557416530539,48.63669790977194,534.062
706,17,26,-64.73899865167122,48.63669449467735,530.749
707,17,27,-55.74804157168451,48.63669107958277,526.777
708,17,28,-46.75242630268384,48.63669107958277,522.422
709,17,29,-37.75200599560207,48.63669107958277,517.995
710,17,30,-28.746804556101285,48.63669107958277,513.812
711,17,31,-19.737006399289086,48.636687664488186,510.168
712,17,32,-10.722948765755737,48.636687664488186,507.31
713,17,33,-1.7051085948043758,48.636687664488186,505.414
714,17,34,7.31589928981799,48.636687664488186,504.573
715,17,35,16.339458570260472,48.636687664488186,504.788
716,17,36,25.364817605549256,48.636687664488186,505.971
717,17,37,34.39123873525397,48.636687664488186,507.954
718,17,38,43.41798600649156,48.636684249393596,510.508
719,17,39,52.44436444751397,48.636684249393596,513.363
720,18,0,56.95720362083021,57.636687914936,514.815
721,18,1,65.98186085418178,57.636687914936,517.601
722,18,2,75.00469101193035,57.636681084746826,520.026
723,18,3,84.0252535468745,57.63666742436849,521.897
724,18,4,86.95681171977898,-122.36326245250697,523.094
725,18,5,77.94180212863007,-122.36328977326366,523.576
726,18,6,68.92992759431019,-122.36330343364199,523.387
727,18,7,59.921358871548584,-122.36330343364199,522.649
728,18,8,50.91620182827741,-122.36330343364199,521.543
729,18,9,41.91453842676669,-122.36330343364199,520.292
730,18,10,32.91638232739478,-122.36330343364199,519.137
731,18,11,23.92174206789813,-122.36330343364199,518.306
732,18,12,14.93055276147963,-122.36330343364199,517.992
733,18,13,5.942719212377722,-122.36330343364199,518.332
734,18,14,-3.041902867153811,-122.36330343364199,519.389
735,18,15,-12.023568755435198,-122.36330343364199,521.147
736,18,16,-21.002570443053457,-122.36330343364199,523.51
737,18,17,-29.97928145597882,-122.36330343364199,526.306
738,18,18,-38.95420808198352,-122.36330343364199,529.308
739,18,19,-47.92789161355928,-122.36331709402033,532.249
740,18,20,-56.90097408848808,-122.36331709402033,534.852
741,18,21,-65.8741419407815,-122.36331709402033,536.852
742,18,22,-74.84814990634283,-122.36331709402033,538.028
743,18,23,-83.82374930598078,-122.36333075439867,538.216
744,18,24,-87.19832720883063,57.636742556449356,537.338
745,18,25,-78.21739343145092,57.63670157531434,535.4
746,18,26,-69.23279184248689,57.63670157531434,532.503
747,18,27,-60.24408530983169,57.63669474512517,528.829
748,18,28,-51.25082987118926,57.63669474512517,524.628
749,18,29,-42.2528206208845,57.63669474512517,520.197
750,18,30,-33.24999608721488,57.63669474512517,515.853
751,18,31,-24.242463845659834,57.63669474512517,511.906
752,18,32,-15.230483443407815,57.63669474512517,508.628
753,18,33,-6.214467253129965,57.63669474512517,506.233
754,18,34,2.805022942114483,57.63669474512517,504.859
755,18,35,11.827407430019724,57.63669474512517,504.552
756,18,36,20.851959649212798,57.636687914936,505.267
757,18,37,29.877941939263344,57.636687914936,506.876
758,18,38,38.90461407842006,57.636687914936,509.176
759,18,39,47.93126231191468,57.636687914936,511.915
760,19,0,61.46972860544462,66.6366915804784,516.239
761,19,1,70.49352865005535,66.6366915804784,518.872
762,19,2,79.51527963791507,66.63668475028923,521.04
763,19,3,88.53456492748442,66.63659595783002,522.584
764,19,4,82.4489278487056,-113.36328610772125,523.423
765,19,5,73.43546188030909,-113.36329293791043,523.559
766,19,6,64.42521976120084,-113.3632997680996,523.077
767,19,7,55.41834834044799,-113.3632997680996,522.128
768,19,8,46.41493641050975,-113.3632997680996,520.921
769,19,9,37.41501812233198,-113.3632997680996,519.688
770,19,10,28.418629334407807,-113.3632997680996,518.668
771,19,11,19.425720527865757,-113.36330659828876,518.074
772,19,12,10.436231084776942,-113.36330659828876,518.074
773,19,13,1.4500278164525506,-113.36330659828876,518.769
774,19,14,-7.533089913914287,-113.36330659828876,520.184
775,19,15,-16.513380799738385,-113.36330659828876,522.262
776,19,16,-25.49118976557283,-113.36330659828876,524.867
777,19,17,-34.466937721825225,-113.36330659828876,527.797
778,19,18,-43.44116766853458,-113.36330659828876,530.803
779,19,19,-52.41446870951682,-113.36330659828876,533.61
780,19,20,-61.38749312783767,-113.36330659828876,535.943
781,19,21,-70.36099565940043,-113.36331342847794,537.555
782,19,22,-79.3357003042571,-113.3633202586671,538.252
783,19,23,-88.31237204359473,-113.3633885605588,537.912
784,19,24,-82.70828379186932,66.6367120710459,536.497
785,19,25,-73.72557416530539,66.63670524085674,534.062
786,19,26,-64.73899865167122,66.63669841066758,530.749
787,19,27,-55.74804157168451,66.63669841066758,526.777
788,19,28,-46.75242630268384,66.63669841066758,522.422
789,19,29,-37.75200599560207,66.63669841066758,517.995
790,19,30,-28.746804556101285,66.63669841066758,513.812
791,19,31,-19.737006399289086,66.63669841066758,510.168
792,19,32,-10.722948765755737,66.63669841066758,507.31
793,19,33,-1.7051085948043758,66.63669841066758,505.414
794,19,34,7.31589928981799,66.63669841066758,504.573
795,19,35,16.339458570260472,66.6366915804784,504.788
796,19,36,25.364817605549256,66.6366915804784,505.971
797,19,37,34.39123873525397,66.6366915804784,507.954
798,19,38,43.41798600649156,66.6366915804784,510.508
799,19,39,52.44436444751397,66.6366915804784,513.363
800,20,0,56.95720362083021,75.6366952460208,514.815
801,20,1,65.98186085418178,75.6366952460208,517.601
802,20,2,75.00469101193035,75.63668841583163,520.026
803,20,3,84.0252535468745,75.6366747554533,521.897
804,20,4,86.95681171977898,-104.36325512142217,523.094
805,20,5,77.94180212863007,-104.36328927236802,523.576
806,20,6,68.92992759431019,-104.36329610255719,523.387
807,20,7,59.921358871548584,-104.36329610255719,522.649
808,20,8,50.91620182827741,-104.36329610255719,521.543
809,20,9,41.91453842676669,-104.36329610255719,520.292
810,20,10,32.91638232739478,-104.36329610255719,519.137
811,20,11,23.92174206789813,-104.36330293274636,518.306
812,20,12,14.93055276147963,-104.36330293274636,517.992
813,20,13,5.942719212377722,-104.36330293274636,518.332
814,20,14,-3.041902867153811,-104.36330293274636,519.389
815,20,15,-12.023568755435198,-104.36330293274636,521.147
816,20,16,-21.002570443053457,-104.36330293274636,523.51
817,20,17,-29.97928145597882,-104.36330293274636,526.306
818,20,18,-38.95420808198352,-104.36330293274636,529.308
819,20,19,-47.92789161355928,-104.36330293274636,532.249
820,20,20,-56.90097408848808,-104.36330293274636,534.852
821,20,21,-65.8741419407815,-104.36330293274636,536.852
822,20,22,-74.84814990634283,-104.36330976293553,538.028
823,20,23,-83.82374930598078,-104.36332342331387,538.216
824,20,24,-87.19832720883063,75.63674988753417,537.338
825,20,25,-78.21739343145092,75.63670890639914,535.4
826,20,26,-69.23279184248689,75.63670890639914,532.503
827,20,27,-60.24408530983169,75.63670207620997,528.829
828,20,28,-51.25082987118926,75.63670207620997,524.628
829,20,29,-42.2528206208845,75.63670207620997,520.197
830,20,30,-33.24999608721488,75.63670207620997,515.853
831,20,31,-24.242463845659834,75.63670207620997,511.906
832,20,32,-15.230483443407815,75.63670207620997,508.628
833,20,33,-6.214467253129965,75.63670207620997,506.233
834,20,34,2.805022942114483,75.63670207620997,504.859
835,20,35,11.827407430019724,75.63670207620997,504.552
836,20,36,20.851959649212798,75.6366952460208,505.267
837,20,37,29.877941939263344,75.6366952460208,506.876
838,20,38,38.90461407842006,75.6366952460208,509.176
839,20,39,47.93126231191468,75.6366952460208,511.915
840,21,0,61.46972860544462,84.63668525118486,516.239
841,21,1,70.49352865005535,84.63668525118486,518.872
842,21,2,79.51527963791507,84.6366784209957,521.04
843,21,3,88.53456492748442,84.63658962853648,522.584
844,21,4,82.4489278487056,-95.36329243701479,523.423
845,21,5,73.43546188030909,-95.36329926720396,523.559
846,21,6,64.42521976120084,-95.36330609739314,523.077
847,21,7,55.41834834044799,-95.36330609739314,522.128
848,21,8,46.41493641050975,-95.36330609739314,520.921
849,21,9,37.41501812233198,-95.36330609739314,519.688
850,21,10,28.418629334407807,-95.36330609739314,518.668
851,21,11,19.425720527865757,-95.3633129275823,518.074
852,21,12,10.436231084776942,-95.3633129275823,518.074
853,21,13,1.4500278164525506,-95.3633129275823,518.769
854,21,14,-7.533089913914287,-95.3633129275823,520.184
855,21,15,-16.513380799738385,-95.3633129275823,522.262
856,21,16,-25.49118976557283,-95.3633129275823,524.867
857,21,17,-34.466937721825225,-95.3633129275823,527.797
858,21,18,-43.44116766853458,-95.3633129275823,530.803
859,21,19,-52.41446870951682,-95.3633129275823,533.61
860,21,20,-61.38749312783767,-95.3633129275823,535.943
861,21,21,-70.36099565940043,-95.36331975777146,537.555
862,21,22,-79.3357003042571,-95.36332658796064,538.252
863,21,23,-88.31237204359473,-95.36339488985234,537.912
864,21,24,-82.70828379186932,84.63670574175238,536.497
865,21,25,-73.72557416530539,84.6366989115632,534.062
866,21,26,-64.73899865167122,84.63669208137404,530.749
867,21,27,-55.74804157168451,84.63669208137404,526.777
868,21,28,-46.75242630268384,84.63669208137404,522.422
869,21,29,-37.75200599560207,84.63669208137404,517.995
870,21,30,-28.746804556101285,84.63669208137404,513.812
871,21,31,-19.737006399289086,84.63669208137404,510.168
872,21,32,-10.722948765755737,84.63669208137404,507.31
873,21,33,-1.7051085948043758,84.63669208137404,505.414
874,21,34,7.31589928981799,84.63669208137404,504.573
875,21,35,16.339458570260472,84.63668525118486,504.788
876,21,36,25.364817605549256,84.63668525118486,505.971
877,21,37,34.39123873525397,84.63668525118486,507.954
878,21,38,43.41798600649156,84.63668525118486,510.508
879,21,39,52.44436444751397,84.63668525118486,513.363
880,22,0,56.95720362083021,93.63668891672727,514.815
881,22,1,65.98186085418178,93.63668891672727,517.601
882,22,2,75.00469101193035,93.6366820865381,520.026
883,22,3,84.0252535468745,93.63666842615976,521.897
884,22,4,86.95681171977898,-86.36326145071571,523.094
885,22,5,77.94180212863007,-86.36329560166156,523.576
886,22,6,68.92992759431019,-86.36330243185073,523.387
887,22,7,59.921358871548584,-86.36330243185073,522.649
888,22,8,50.91620182827741,-86.36330243185073,521.543
889,22,9,41.91453842676669,-86.36330243185073,520.292
890,22,10,32.91638232739478,-86.36330243185073,519.137
891,22,11,23.92174206789813,-86.36330926203989,518.306
892,22,12,14.93055276147963,-86.36330926203989,517.992
893,22,13,5.942719212377722,-86.36330926203989,518.332
894,22,14,-3.041902867153811,-86.36330926203989,519.389
895,22,15,-12.023568755435198,-86.36330926203989,521.147
896,22,16,-21.002570443053457,-86.36330926203989,523.51
897,22,17,-29.97928145597882,-86.36330926203989,526.306
898,22,18,-38.95420808198352,-86.36330926203989,529.308
899,22,19,-47.92789161355928,-86.36330926203989,532.249
900,22,20,-56.90097408848808,-86.36330926203989,534.852
901,22,21,-65.8741419407815,-86.36330926203989,536.852
902,22,22,-74.84814990634283,-86.36331609222907,538.028
903,22,23,-83.82374930598078,-86.36332975260741,538.216
904,22,24,-87.19832720883063,93.63674355824062,537.338
905,22,25,-78.21739343145092,93.63670257710561,535.4
906,22,26,-69.23279184248689,93.63670257710561,532.503
907,22,27,-60.24408530983169,93.63669574691643,528.829
908,22,28,-51.25082987118926,93.63669574691643,524.628
909,22,29,-42.2528206208845,93.63669574691643,520.197
910,22,30,-33.24999608721488,93.63669574691643,515.853
911,22,31,-24.242463845659834,93.63669574691643,511.906
912,22,32,-15.230483443407815,93.63669574691643,508.628
913,22,33,-6.214467253129965,93.63669574691643,506.233
914,22,34,2.805022942114483,93.63669574691643,504.859
915,22,35,11.827407430019724,93.63669574691643,504.552
916,22,36,20.851959649212798,93.63668891672727,505.267
917,22,37,29.877941939263344,93.63668891672727,506.876
918,22,38,38.90461407842006,93.63668891672727,509.176
919,22,39,47.93126231191468,93.63668891672727,511.915
920,23,0,61.46972860544462,102.63669258226967,516.239
921,23,1,70.49352865005535,102.63669258226967,518.872
922,23,2,79.51527963791507,102.6366857520805,521.04
923,23,3,88.53456492748442,102.63659695962129,522.584
924,23,4,82.4489278487056,-77.36328510592999,523.423
925,23,5,73.43546188030909,-77.36329193611915,523.559
926,23,6,64.42521976120084,-77.36329876630833,523.077
927,23,7,55.41834834044799,-77.36329876630833,522.128
928,23,8,46.41493641050975,-77.36329876630833,520.921
929,23,9,37.41501812233198,-77.36329876630833,519.688
930,23,10,28.418629334407807,-77.36329876630833,518.668
931,23,11,19.425720527865757,-77.3633055964975,518.074
932,23,12,10.436231084776942,-77.3633055964975,518.074
933,23,13,1.4500278164525506,-77.3633055964975,518.769
934,23,14,-7.533089913914287,-77.3633055964975,520.184
935,23,15,-16.513380799738385,-77.3633055964975,522.262
936,23,16,-25.49118976557283,-77.3633055964975,524.867
937,23,17,-34.466937721825225,-77.3633055964975,527.797
938,23,18,-43.44116766853458,-77.3633055964975,530.803
939,23,19,-52.41446870951682,-77.3633055964975,533.61
940,23,20,-61.38749312783767,-77.3633055964975,535.943
941,23,21,-70.36099565940043,-77.36331242668666,537.555
942,23,22,-79.3357003042571,-77.36331925687584,538.252
943,23,23,-88.31237204359473,-77.36338755876754,537.912
944,23,24,-82.70828379186932,102.63671307283718,536.497
945,23,25,-73.72557416530539,102.636706242648,534.062
946,23,26,-64.73899865167122,102.63669941245884,530.749
947,23,27,-55.74804157168451,102.63669941245884,526.777
948,23,28,-46.75242630268384,102.63669941245884,522.422
949,23,29,-37.75200599560207,102.63669941245884,517.995
950,23,30,-28.746804556101285,102.63669941245884,513.812
951,23,31,-19.737006399289086,102.63669941245884,510.168
952,23,32,-10.722948765755737,102.63669941245884,507.31
953,23,33,-1.7051085948043758,102.63669941245884,505.414
954,23,34,7.31589928981799,102.63669941245884,504.573
955,23,35,16.339458570260472,102.63669258226967,504.788
956,23,36,25.364817605549256,102.63669258226967,505.971
957,23,37,34.39123873525397,102.63669258226967,507.954
958,23,38,43.41798600649156,102.63669258226967,510.508
959,23,39,52.44436444751397,102.63669258226967,513.363
960,24,0,56.95720362083021,111.63669624781207,514.815
961,24,1,65.98186085418178,111.63669624781207,517.601
962,24,2,75.00469101193035,111.6366894176229,520.026
963,24,3,84.0252535468745,111.63667575724456,521.897
964,24,4,86.95681171977898,-68.36325411963091,523.094
965,24,5,77.94180212863007,-68.36328827057676,523.576
966,24,6,68.92992759431019,-68.36329510076592,523.387
967,24,7,59.921358871548584,-68.36329510076592,522.649
968,24,8,50.91620182827741,-68.36329510076592,521.543
969,24,9,41.91453842676669,-68.36329510076592,520.292
970,24,10,32.91638232739478,-68.36329510076592,519.137
971,24,11,23.92174206789813,-68.36330193095509,518.306
972,24,12,14.93055276147963,-68.36330193095509,517.992
973,24,13,5.942719212377722,-68.36330193095509,518.332
974,24,14,-3.041902867153811,-68.36330193095509,519.389
975,24,15,-12.023568755435198,-68.36330193095509,521.147
976,24,16,-21.002570443053457,-68.36330193095509,523.51
977,24,17,-29.97928145597882,-68.36330193095509,526.306
978,24,18,-38.95420808198352,-68.36330193095509,529.308
979,24,19,-47.92789161355928,-68.36330193095509,532.249
980,24,20,-56.90097408848808,-68.36330193095509,534.852
981,24,21,-65.8741419407815,-68.36330193095509,536.852
982,24,22,-74.84814990634283,-68.36330876114427,538.028
983,24,23,-83.82374930598078,-68.36332242152261,538.216
984,24,24,-87.19832720883063,111.63675088932543,537.338
985,24,25,-78.21739343145092,111.63670990819041,535.4
986,24,26,-69.23279184248689,111.63670990819041,532.503
987,24,27,-60.24408530983169,111.63670307800123,528.829
988,24,28,-51.25082987118926,111.63670307800123,524.628
989,24,29,-42.2528206208845,111.63670307800123,520.197
990,24,30,-33.24999608721488,111.63670307800123,515.853
991,24,31,-24.242463845659834,111.63670307800123,511.906
992,24,32,-15.230483443407815,111.63670307800123,508.628
993,24,33,-6.214467253129965,111.63670307800123,506.233
994,24,34,2.805022942114483,111.63670307800123,504.859
995,24,35,11.827407430019724,111.63670307800123,504.552
996,24,36,20.851959649212798,111.63669624781207,505.267
997,24,37,29.877941939263344,111.63669624781207,506.876
998,24,38,38.90461407842006,111.63669624781207,509.176
999,24,39,47.93126231191468,111.63669624781207,511.915
1000,25,0,61.46972860544462,120.63668625297613,516.239
1001,25,1,70.49352865005535,120.63668625297613,518.872
1002,25,2,79.51527963791507,120.63667259259779,521.04
1003,25,3,88.53456492748442,120.63659063032775,522.584
1004,25,4,82.4489278487056,-59.36329143522352,523.423
1005,25,5,73.43546188030909,-59.363298265412695,523.559
1006,25,6,64.42521976120084,-59.36330509560186,523.077
1007,25,7,55.41834834044799,-59.36330509560186,522.128
1008,25,8,46.41493641050975,-59.36330509560186,520.921
1009,25,9,37.41501812233198,-59.36330509560186,519.688
1010,25,10,28.418629334407807,-59.36330509560186,518.668
1011,25,11,19.425720527865757,-59.36331192579103,518.074
1012,25,12,10.436231084776942,-59.36331192579103,518.074
1013,25,13,1.4500278164525506,-59.36331192579103,518.769
1014,25,14,-7.533089913914287,-59.36331192579103,520.184
1015,25,15,-16.513380799738385,-59.36331192579103,522.262
1016,25,16,-25.49118976557283,-59.36331192579103,524.867
1017,25,17,-34.466937721825225,-59.36331192579103,527.797
1018,25,18,-43.44116766853458,-59.36331192579103,530.803
1019,25,19,-52.41446870951682,-59.36331192579103,533.61
1020,25,20,-61.38749312783767,-59.36331192579103,535.943
1021,25,21,-70.36099565940043,-59.3633187559802,537.555
1022,25,22,-79.3357003042571,-59.363325586169374,538.252
1023,25,23,-88.31237204359473,-59.363393888061076,537.912
1024,25,24,-82.70828379186932,120.6367135737328,536.497
1025,25,25,-73.72557416530539,120.63669991335448,534.062
1026,25,26,-64.73899865167122,120.63669991335448,530.749
1027,25,27,-55.74804157168451,120.63669991335448,526.777
1028,25,28,-46.75242630268384,120.63668625297613,522.422
1029,25,29,-37.75200599560207,120.63668625297613,517.995
1030,25,30,-28.746804556101285,120.63668625297613,513.812
1031,25,31,-19.737006399289086,120.63668625297613,510.168
1032,25,32,-10.722948765755737,120.63668625297613,507.31
1033,25,33,-1.7051085948043758,120.63668625297613,505.414
1034,25,34,7.31589928981799,120.63668625297613,504.573
1035,25,35,16.339458570260472,120.63668625297613,504.788
1036,25,36,25.364817605549256,120.63668625297613,505.971
1037,25,37,34.39123873525397,120.63668625297613,507.954
1038,25,38,43.41798600649156,120.63668625297613,510.508
1039,25,39,52.44436444751397,120.63668625297613,513.363
1040,26,0,56.95720362083021,129.63670357889688,514.815
1041,26,1,65.98186085418178,129.63670357889688,517.601
1042,26,2,75.00469101193035,129.63670357889688,520.026
1043,26,3,84.0252535468745,129.63668991851853,521.897
1044,26,4,86.95681171977898,-50.3632467885461,523.094
1045,26,5,77.94180212863007,-50.36328093949195,523.576
1046,26,6,68.92992759431019,-50.36328435458653,523.387
1047,26,7,59.921358871548584,-50.36328776968112,522.649
1048,26,8,50.91620182827741,-50.36328776968112,521.543
1049,26,9,41.91453842676669,-50.363291184775704,520.292
1050,26,10,32.91638232739478,-50.363291184775704,519.137
1051,26,11,23.92174206789813,-50.363291184775704,518.306
1052,26,12,14.93055276147963,-50.363291184775704,517.992
1053,26,13,5.942719212377722,-50.363291184775704,518.332
1054,26,14,-3.041902867153811,-50.363291184775704,519.389
1055,26,15,-12.023568755435198,-50.363291184775704,521.147
1056,26,16,-21.002570443053457,-50.363294599870294,523.51
1057,26,17,-29.97928145597882,-50.363294599870294,526.306
1058,26,18,-38.95420808198352,-50.363294599870294,529.308
1059,26,19,-47.92789161355928,-50.363294599870294,532.249
1060,26,20,-56.90097408848808,-50.363294599870294,534.852
1061,26,21,-65.8741419407815,-50.363298014964876,536.852
1062,26,22,-74.84814990634283,-50.36330143005946,538.028
1063,26,23,-83.82374930598078,-50.3633150904378,538.216
1064,26,24,-87.19832720883063,129.63675822041023,537.338
1065,26,25,-78.21739343145092,129.6367172392752,535.4
1066,26,26,-69.23279184248689,129.6367172392752,532.503
1067,26,27,-60.24408530983169,129.6367172392752,528.829
1068,26,28,-51.25082987118926,129.6367172392752,524.628
1069,26,29,-42.2528206208845,129.63670357889688,520.197
1070,26,30,-33.24999608721488,129.63670357889688,515.853
1071,26,31,-24.242463845659834,129.63670357889688,511.906
1072,26,32,-15.230483443407815,129.63670357889688,508.628
1073,26,33,-6.214467253129965,129.63670357889688,506.233
1074,26,34,2.805022942114483,129.63670357889688,504.859
1075,26,35,11.827407430019724,129.63670357889688,504.552
1076,26,36,20.851959649212798,129.63670357889688,505.267
1077,26,37,29.877941939263344,129.63670357889688,506.876
1078,26,38,38.90461407842006,129.63670357889688,509.176
1079,26,39,47.93126231191468,129.63670357889688,511.915
1080,27,0,61.46972860544462,138.6366799236826,516.239
1081,27,1,70.49352865005535,138.6366799236826,518.872
1082,27,2,79.51527963791507,138.63666626330425,521.04
1083,27,3,88.53456492748442,138.63658430103422,522.584
1084,27,4,82.4489278487056,-41.36329776451706,523.423
1085,27,5,73.43546188030909,-41.36330800980081,523.559
1086,27,6,64.42521976120084,-41.3633114248954,523.077
1087,27,7,55.41834834044799,-41.3633114248954,522.128
1088,27,8,46.41493641050975,-41.36331483998998,520.921
1089,27,9,37.41501812233198,-41.36331483998998,519.688
1090,27,10,28.418629334407807,-41.36331483998998,518.668
1091,27,11,19.425720527865757,-41.36331483998998,518.074
1092,27,12,10.436231084776942,-41.36331483998998,518.074
1093,27,13,1.4500278164525506,-41.36331483998998,518.769
1094,27,14,-7.533089913914287,-41.36331483998998,520.184
1095,27,15,-16.513380799738385,-41.36331825508457,522.262
1096,27,16,-25.49118976557283,-41.36331825508457,524.867
1097,27,17,-34.466937721825225,-41.36331825508457,527.797
1098,27,18,-43.44116766853458,-41.36331825508457,530.803
1099,27,19,-52.41446870951682,-41.36331825508457,533.61
1100,27,20,-61.38749312783767,-41.363321670179154,535.943
1101,27,21,-70.36099565940043,-41.363321670179154,537.555
1102,27,22,-79.3357003042571,-41.363328500368326,538.252
1103,27,23,-88.31237204359473,-41.36340021735461,537.912
1104,27,24,-82.70828379186932,138.63670724443926,536.497
1105,27,25,-73.72557416530539,138.63669358406094,534.062
1106,27,26,-64.73899865167122,138.63669358406094,530.749
1107,27,27,-55.74804157168451,138.63669358406094,526.777
1108,27,28,-46.75242630268384,138.6366799236826,522.422
1109,27,29,-37.75200599560207,138.6366799236826,517.995
1110,27,30,-28.746804556101285,138.6366799236826,513.812
1111,27,31,-19.737006399289086,138.6366799236826,510.168
1112,27,32,-10.722948765755737,138.6366799236826,507.31
1113,27,33,-1.7051085948043758,138.6366799236826,505.414
1114,27,34,7.31589928981799,138.6366799236826,504.573
1115,27,35,16.339458570260472,138.6366799236826,504.788
1116,27,36,25.364817605549256,138.6366799236826,505.971
1117,27,37,34.39123873525397,138.6366799236826,507.954
1118,27,38,43.41798600649156,138.6366799236826,510.508
1119,27,39,52.44436444751397,138.6366799236826,513.363
1120,28,0,56.95720362083021,147.636683589225,514.815
1121,28,1,65.98186085418178,147.636683589225,517.601
1122,28,2,75.00469101193035,147.636683589225,520.026
1123,28,3,84.0252535468745,147.63666992884666,521.897
1124,28,4,86.95681171977898,-32.36326677821798,523.094
1125,28,5,77.94180212863007,-32.36330092916383,523.576
1126,28,6,68.92992759431019,-32.36330434425841,523.387
1127,28,7,59.921358871548584,-32.363307759353,522.649
1128,28,8,50.91620182827741,-32.363307759353,521.543
1129,28,9,41.91453842676669,-32.36331117444758,520.292
1130,28,10,32.91638232739478,-32.36331117444758,519.137
1131,28,11,23.92174206789813,-32.36331117444758,518.306
1132,28,12,14.93055276147963,-32.36331117444758,517.992
1133,28,13,5.942719212377722,-32.36331117444758,518.332
1134,28,14,-3.041902867153811,-32.36331117444758,519.389
1135,28,15,-12.023568755435198,-32.36331117444758,521.147
1136,28,16,-21.002570443053457,-32.36331458954217,523.51
1137,28,17,-29.97928145597882,-32.36331458954217,526.306
1138,28,18,-38.95420808198352,-32.36331458954217,529.308
1139,28,19,-47.92789161355928,-32.36331458954217,532.249
1140,28,20,-56.90097408848808,-32.36331458954217,534.852
1141,28,21,-65.8741419407815,-32.36331800463675,536.852
1142,28,22,-74.84814990634283,-32.363321419731335,538.028
1143,28,23,-83.82374930598078,-32.36333508010968,538.216
1144,28,24,-87.19832720883063,147.63673823073836,537.338
1145,28,25,-78.21739343145092,147.63669724960334,535.4
1146,28,26,-69.23279184248689,147.63669724960334,532.503
1147,28,27,-60.24408530983169,147.63669724960334,528.829
1148,28,28,-51.25082987118926,147.63669724960334,524.628
1149,28,29,-42.2528206208845,147.636683589225,520.197
1150,28,30,-33.24999608721488,147.636683589225,515.853
1151,28,31,-24.242463845659834,147.636683589225,511.906
1152,28,32,-15.230483443407815,147.636683589225,508.628
1153,28,33,-6.214467253129965,147.636683589225,506.233
1154,28,34,2.805022942114483,147.636683589225,504.859
1155,28,35,11.827407430019724,147.636683589225,504.552
1156,28,36,20.851959649212798,147.636683589225,505.267
1157,28,37,29.877941939263344,147.636683589225,506.876
1158,28,38,38.90461407842006,147.636683589225,509.176
1159,28,39,47.93126231191468,147.636683589225,511.915
1160,29,0,61.46972860544462,156.6366872547674,516.239
1161,29,1,70.49352865005535,156.6366872547674,518.872
1162,29,2,79.51527963791507,156.63667359438907,521.04
1163,29,3,88.53456492748442,156.636591632119,522.584
1164,29,4,82.4489278487056,-23.363290433432255,523.423
1165,29,5,73.43546188030909,-23.363300678716012,523.559
1166,29,6,64.42521976120084,-23.363304093810594,523.077
1167,29,7,55.41834834044799,-23.36330580135789,522.128
1168,29,8,46.41493641050975,-23.36330580135789,520.921
1169,29,9,37.41501812233198,-23.36330750890518,519.688
1170,29,10,28.418629334407807,-23.36330750890518,518.668
1171,29,11,19.425720527865757,-23.36330750890518,518.074
1172,29,12,10.436231084776942,-23.36330750890518,518.074
1173,29,13,1.4500278164525506,-23.363309216452475,518.769
1174,29,14,-7.533089913914287,-23.363309216452475,520.184
1175,29,15,-16.513380799738385,-23.363309216452475,522.262
1176,29,16,-25.49118976557283,-23.363309216452475,524.867
1177,29,17,-34.466937721825225,-23.363310923999766,527.797
1178,29,18,-43.44116766853458,-23.363310923999766,530.803
1179,29,19,-52.41446870951682,-23.363312631547057,533.61
1180,29,20,-61.38749312783767,-23.363312631547057,535.943
1181,29,21,-70.36099565940043,-23.363316046641643,537.555
1182,29,22,-79.3357003042571,-23.36332116928352,538.252
1183,29,23,-88.31237204359473,-23.363394593817098,537.912
1184,29,24,-82.70828379186932,156.63671457552408,536.497
1185,29,25,-73.72557416530539,156.63670091514572,534.062
1186,29,26,-64.73899865167122,156.63670091514572,530.749
1187,29,27,-55.74804157168451,156.63670091514572,526.777
1188,29,28,-46.75242630268384,156.6366872547674,522.422
1189,29,29,-37.75200599560207,156.6366872547674,517.995
1190,29,30,-28.746804556101285,156.6366872547674,513.812
1191,29,31,-19.737006399289086,156.6366872547674,510.168
1192,29,32,-10.722948765755737,156.6366872547674,507.31
1193,29,33,-1.7051085948043758,156.6366872547674,505.414
1194,29,34,7.31589928981799,156.6366872547674,504.573
1195,29,35,16.339458570260472,156.6366872547674,504.788
1196,29,36,25.364817605549256,156.6366872547674,505.971
1197,29,37,34.39123873525397,156.6366872547674,507.954
1198,29,38,43.41798600649156,156.6366872547674,510.508
1199,29,39,52.44436444751397,156.6366872547674,513.363
1200,30,0,56.95720362083021,165.6366909203098,514.815
1201,30,1,65.98186085418178,165.6366909203098,517.601
1202,30,2,75.00469101193035,165.6366909203098,520.026
1203,30,3,84.0252535468745,165.63667725993145,521.897
1204,30,4,86.95681171977898,-14.363257739585881,523.094
1205,30,5,77.94180212863007,-14.363293598079025,523.576
1206,30,6,68.92992759431019,-14.363298720720902,523.387
1207,30,7,59.921358871548584,-14.363300428268195,522.649
1208,30,8,50.91620182827741,-14.363302135815486,521.543
1209,30,9,41.91453842676669,-14.363302135815486,520.292
1210,30,10,32.91638232739478,-14.363303843362779,519.137
1211,30,11,23.92174206789813,-14.363303843362779,518.306
1212,30,12,14.93055276147963,-14.363303843362779,517.992
1213,30,13,5.942719212377722,-14.363305550910072,518.332
1214,30,14,-3.041902867153811,-14.363305550910072,519.389
1215,30,15,-12.023568755435198,-14.363305550910072,521.147
1216,30,16,-21.002570443053457,-14.363305550910072,523.51
1217,30,17,-29.97928145597882,-14.363307258457365,526.306
1218,30,18,-38.95420808198352,-14.363307258457365,529.308
1219,30,19,-47.92789161355928,-14.363307258457365,532.249
1220,30,20,-56.90097408848808,-14.363308966004658,534.852
1221,30,21,-65.8741419407815,-14.363310673551949,536.852
1222,30,22,-74.84814990634283,-14.363314088646534,538.028
1223,30,23,-83.82374930598078,-14.363327749024874,538.216
1224,30,24,-87.19832720883063,165.63674556182315,537.338
1225,30,25,-78.21739343145092,165.63670458068813,535.4
1226,30,26,-69.23279184248689,165.63670458068813,532.503
1227,30,27,-60.24408530983169,165.63670458068813,528.829
1228,30,28,-51.25082987118926,165.63670458068813,524.628
1229,30,29,-42.2528206208845,165.6366909203098,520.197
1230,30,30,-33.24999608721488,165.6366909203098,515.853
1231,30,31,-24.242463845659834,165.6366909203098,511.906
1232,30,32,-15.230483443407815,165.6366909203098,508.628
1233,30,33,-6.214467253129965,165.6366909203098,506.233
1234,30,34,2.805022942114483,165.6366909203098,504.859
1235,30,35,11.827407430019724,165.6366909203098,504.552
1236,30,36,20.851959649212798,165.6366909203098,505.267
1237,30,37,29.877941939263344,165.6366909203098,506.876
1238,30,38,38.90461407842006,165.6366909203098,509.176
1239,30,39,47.93126231191468,165.6366909203098,511.915
1240,31,0,61.46972860544462,174.6366945858522,516.239
1241,31,1,70.49352865005535,174.6366945858522,518.872
1242,31,2,79.51527963791507,174.63668092547385,521.04
1243,31,3,88.53456492748442,174.63659896320382,522.584
1244,31,4,82.4489278487056,-5.363282248573806,523.423
1245,31,5,73.43546188030909,-5.363292920744384,523.559
1246,31,6,64.42521976120084,-5.363295908952146,523.077
1247,31,7,55.41834834044799,-5.363297616499438,522.128
1248,31,8,46.41493641050975,-5.3632988971599085,520.921
1249,31,9,37.41501812233198,-5.363299324046731,519.688
1250,31,10,28.418629334407807,-5.363300177820378,518.668
1251,31,11,19.425720527865757,-5.3633006047072005,518.074
1252,31,12,10.436231084776942,-5.363301031594024,518.074
1253,31,13,1.4500278164525506,-5.363301458480847,518.769
1254,31,14,-7.533089913914287,-5.36330188536767,520.184
1255,31,15,-16.513380799738385,-5.36330188536767,522.262
1256,31,16,-25.49118976557283,-5.363302739141316,524.867
1257,31,17,-34.466937721825225,-5.363303166028139,527.797
1258,31,18,-43.44116766853458,-5.363303592914963,530.803
1259,31,19,-52.41446870951682,-5.363304446688609,533.61
1260,31,20,-61.38749312783767,-5.363306154235901,535.943
1261,31,21,-70.36099565940043,-5.363308288670017,537.555
1262,31,22,-79.3357003042571,-5.363314691972364,538.252
1263,31,23,-88.31237204359473,-5.3633864089586485,537.912
1264,31,24,-82.70828379186932,174.63672190660887,536.497
1265,31,25,-73.72557416530539,174.63670824623054,534.062
1266,31,26,-64.73899865167122,174.63670824623054,530.749
1267,31,27,-55.74804157168451,174.63670824623054,526.777
1268,31,28,-46.75242630268384,174.6366945858522,522.422
1269,31,29,-37.75200599560207,174.6366945858522,517.995
1270,31,30,-28.746804556101285,174.6366945858522,513.812
1271,31,31,-19.737006399289086,174.6366945858522,510.168
1272,31,32,-10.722948765755737,174.6366945858522,507.31
1273,31,33,-1.7051085948043758,174.6366945858522,505.414
1274,31,34,7.31589928981799,174.6366945858522,504.573
1275,31,35,16.339458570260472,174.6366945858522,504.788
1276,31,36,25.364817605549256,174.6366945858522,505.971
1277,31,37,34.39123873525397,174.6366945858522,507.954
1278,31,38,43.41798600649156,174.6366945858522,510.508
1279,31,39,52.44436444751397,174.6366945858522,513.363
1280,32,0,56.95720362083021,-176.36329810613972,514.815
1281,32,1,65.98186085418178,-176.36329810613972,517.601
1282,32,2,75.00469101193035,-176.36331176651805,520.026
1283,32,3,84.0252535468745,-176.3633254268964,521.897
1284,32,4,86.95681171977898,3.636749591498922,523.094
1285,32,5,77.94180212863007,3.6367141598926023,523.576
1286,32,6,68.92992759431019,3.6367086103639017,523.387
1287,32,7,59.921358871548584,3.636706475929786,522.649
1288,32,8,50.91620182827741,3.636705195269317,521.543
1289,32,9,41.91453842676669,3.6367047683824936,520.292
1290,32,10,32.91638232739478,3.636703914608847,519.137
1291,32,11,23.92174206789813,3.6367034877220243,518.306
1292,32,12,14.93055276147963,3.636703060835201,517.992
1293,32,13,5.942719212377722,3.636702633948378,518.332
1294,32,14,-3.041902867153811,3.6367022070615547,519.389
1295,32,15,-12.023568755435198,3.636701780174732,521.147
1296,32,16,-21.002570443053457,3.6367013532879087,523.51
1297,32,17,-29.97928145597882,3.6367009264010854,526.306
1298,32,18,-38.95420808198352,3.636700499514262,529.308
1299,32,19,-47.92789161355928,3.636699645740616,532.249
1300,32,20,-56.90097408848808,3.6366983650801465,534.852
1301,32,21,-65.8741419407815,3.636696657532854,536.852
1302,32,22,-74.84814990634283,3.636693242438269,538.028
1303,32,23,-83.82374930598078,3.636679155173106,538.216
1304,32,24,-87.19832720883063,-176.36324346462635,537.338
1305,32,25,-78.21739343145092,-176.3632844457614,535.4
1306,32,26,-69.23279184248689,-176.3632844457614,532.503
1307,32,27,-60.24408530983169,-176.36329810613972,528.829
1308,32,28,-51.25082987118926,-176.36329810613972,524.628
1309,32,29,-42.2528206208845,-176.36329810613972,520.197
1310,32,30,-33.24999608721488,-176.36329810613972,515.853
1311,32,31,-24.242463845659834,-176.36329810613972,511.906
1312,32,32,-15.230483443407815,-176.36329810613972,508.628
1313,32,33,-6.214467253129965,-176.36329810613972,506.233
1314,32,34,2.805022942114483,-176.36329810613972,504.859
1315,32,35,11.827407430019724,-176.36329810613972,504.552
1316,32,36,20.851959649212798,-176.36329810613972,505.267
1317,32,37,29.877941939263344,-176.36329810613972,506.876
1318,32,38,38.90461407842006,-176.36329810613972,509.176
1319,32,39,47.93126231191468,-176.36329810613972,511.915
1320,33,0,61.46972860544462,-167.36329444059731,516.239
1321,33,1,70.49352865005535,-167.36329444059731,518.872
1322,33,2,79.51527963791507,-167.36330810097567,521.04
1323,33,3,88.53456492748442,-167.3633900632457,522.584
1324,33,4,82.4489278487056,12.636725082510997,523.423
1325,33,5,73.43546188030909,12.636713983453596,523.559
1326,33,6,64.42521976120084,12.636711422132658,523.077
1327,33,7,55.41834834044799,12.636709714585365,522.128
1328,33,8,46.41493641050975,12.636708860811718,520.921
1329,33,9,37.41501812233198,12.636708007038072,519.688
1330,33,10,28.418629334407807,12.636707153264426,518.668
1331,33,11,19.425720527865757,12.636707153264426,518.074
1332,33,12,10.436231084776942,12.636706299490779,518.074
1333,33,13,1.4500278164525506,12.636706299490779,518.769
1334,33,14,-7.533089913914287,12.636705445717134,520.184
1335,33,15,-16.513380799738385,12.636705445717134,522.262
1336,33,16,-25.49118976557283,12.636704591943488,524.867
1337,33,17,-34.466937721825225,12.636704591943488,527.797
1338,33,18,-43.44116766853458,12.63670373816984,530.803
1339,33,19,-52.41446870951682,12.636702884396195,533.61
1340,33,20,-61.38749312783767,12.636701176848902,535.943
1341,33,21,-70.36099565940043,12.636698615527964,537.555
1342,33,22,-79.3357003042571,12.63669263911244,538.252
1343,33,23,-88.31237204359473,12.636620922126154,537.912
1344,33,24,-82.70828379186932,-167.363280780219,536.497
1345,33,25,-73.72557416530539,-167.363280780219,534.062
1346,33,26,-64.73899865167122,-167.36329444059731,530.749
1347,33,27,-55.74804157168451,-167.36329444059731,526.777
1348,33,28,-46.75242630268384,-167.36329444059731,522.422
1349,33,29,-37.75200599560207,-167.36329444059731,517.995
1350,33,30,-28.746804556101285,-167.36329444059731,513.812
1351,33,31,-19.737006399289086,-167.36329444059731,510.168
1352,33,32,-10.722948765755737,-167.36329444059731,507.31
1353,33,33,-1.7051085948043758,-167.36329444059731,505.414
1354,33,34,7.31589928981799,-167.36329444059731,504.573
1355,33,35,16.339458570260472,-167.36329444059731,504.788
1356,33,36,25.364817605549256,-167.36329444059731,505.971
1357,33,37,34.39123873525397,-167.36329444059731,507.954
1358,33,38,43.41798600649156,-167.36329444059731,510.508
1359,33,39,52.44436444751397,-167.36329444059731,513.363
1360,34,0,56.95720362083021,-158.3633180958116,514.815
1361,34,1,65.98186085418178,-158.3633180958116,517.601
1362,34,2,75.00469101193035,-158.36333175618995,520.026
1363,34,3,84.0252535468745,-158.36334541656828,521.897
1364,34,4,86.95681171977898,21.636729601827046,523.094
1365,34,5,77.94180212863007,21.636693743333904,523.576
1366,34,6,68.92992759431019,21.636688620692023,523.387
1367,34,7,59.921358871548584,21.636686913144732,522.649
1368,34,8,50.91620182827741,21.63668520559744,521.543
1369,34,9,41.91453842676669,21.63668520559744,520.292
1370,34,10,32.91638232739478,21.636683498050147,519.137
1371,34,11,23.92174206789813,21.636683498050147,518.306
1372,34,12,14.93055276147963,21.636683498050147,517.992
1373,34,13,5.942719212377722,21.636681790502855,518.332
1374,34,14,-3.041902867153811,21.636681790502855,519.389
1375,34,15,-12.023568755435198,21.636681790502855,521.147
1376,34,16,-21.002570443053457,21.636681790502855,523.51
1377,34,17,-29.97928145597882,21.63668008295556,526.306
1378,34,18,-38.95420808198352,21.63668008295556,529.308
1379,34,19,-47.92789161355928,21.63668008295556,532.249
1380,34,20,-56.90097408848808,21.63667837540827,534.852
1381,34,21,-65.8741419407815,21.63667666786098,536.852
1382,34,22,-74.84814990634283,21.636673252766393,538.028
1383,34,23,-83.82374930598078,21.636659592388053,538.216
1384,34,24,-87.19832720883063,-158.36326345429825,537.338
1385,34,25,-78.21739343145092,-158.36330443543326,535.4
1386,34,26,-69.23279184248689,-158.36330443543326,532.503
1387,34,27,-60.24408530983169,-158.3633180958116,528.829
1388,34,28,-51.25082987118926,-158.3633180958116,524.628
1389,34,29,-42.2528206208845,-158.3633180958116,520.197
1390,34,30,-33.24999608721488,-158.3633180958116,515.853
1391,34,31,-24.242463845659834,-158.3633180958116,511.906
1392,34,32,-15.230483443407815,-158.3633180958116,508.628
1393,34,33,-6.214467253129965,-158.3633180958116,506.233
1394,34,34,2.805022942114483,-158.3633180958116,504.859
1395,34,35,11.827407430019724,-158.3633180958116,504.552
1396,34,36,20.851959649212798,-158.3633180958116,505.267
1397,34,37,29.877941939263344,-158.3633180958116,506.876
1398,34,38,38.90461407842006,-158.3633180958116,509.176
1399,34,39,47.93126231191468,-158.3633180958116,511.915
1400,35,0,61.46972860544462,-149.3633144302692,516.239
1401,35,1,70.49352865005535,-149.3633144302692,518.872
1402,35,2,79.51527963791507,-149.36332809064754,521.04
1403,35,3,88.53456492748442,-149.36341005291757,522.584
1404,35,4,82.4489278487056,30.636704239065473,523.423
1405,35,5,73.43546188030909,30.63669399378172,523.559
1406,35,6,64.42521976120084,30.636690578687134,523.077
1407,35,7,55.41834834044799,30.636690578687134,522.128
1408,35,8,46.41493641050975,30.636687163592548,520.921
1409,35,9,37.41501812233198,30.636687163592548,519.688
1410,35,10,28.418629334407807,30.636687163592548,518.668
1411,35,11,19.425720527865757,30.636687163592548,518.074
1412,35,12,10.436231084776942,30.636687163592548,518.074
1413,35,13,1.4500278164525506,30.636687163592548,518.769
1414,35,14,-7.533089913914287,30.636687163592548,520.184
1415,35,15,-16.513380799738385,30.636683748497965,522.262
1416,35,16,-25.49118976557283,30.636683748497965,524.867
1417,35,17,-34.466937721825225,30.636683748497965,527.797
1418,35,18,-43.44116766853458,30.636683748497965,530.803
1419,35,19,-52.41446870951682,30.636683748497965,533.61
1420,35,20,-61.38749312783767,30.63668033340338,535.943
1421,35,21,-70.36099565940043,30.63668033340338,537.555
1422,35,22,-79.3357003042571,30.636673503214208,538.252
1423,35,23,-88.31237204359473,30.636601786227924,537.912
1424,35,24,-82.70828379186932,-149.36330076989086,536.497
1425,35,25,-73.72557416530539,-149.36330076989086,534.062
1426,35,26,-64.73899865167122,-149.3633144302692,530.749
1427,35,27,-55.74804157168451,-149.3633144302692,526.777
1428,35,28,-46.75242630268384,-149.3633144302692,522.422
1429,35,29,-37.75200599560207,-149.3633144302692,517.995
1430,35,30,-28.746804556101285,-149.3633144302692,513.812
1431,35,31,-19.737006399289086,-149.3633144302692,510.168
1432,35,32,-10.722948765755737,-149.3633144302692,507.31
1433,35,33,-1.7051085948043758,-149.3633144302692,505.414
1434,35,34,7.31589928981799,-149.3633144302692,504.573
1435,35,35,16.339458570260472,-149.3633144302692,504.788
1436,35,36,25.364817605549256,-149.3633144302692,505.971
1437,35,37,34.39123873525397,-149.3633144302692,507.954
1438,35,38,43.41798600649156,-149.3633144302692,510.508
1439,35,39,52.44436444751397,-149.3633144302692,513.363
1440,36,0,56.95720362083021,-140.3633107647268,514.815
1441,36,1,65.98186085418178,-140.3633107647268,517.601
1442,36,2,75.00469101193035,-140.36332442510513,520.026
1443,36,3,84.0252535468745,-140.3633380854835,521.897
1444,36,4,86.95681171977898,39.63673522536455,523.094
1445,36,5,77.94180212863007,39.6367010744187,523.576
1446,36,6,68.92992759431019,39.63669765932412,523.387
1447,36,7,59.921358871548584,39.63669424422954,522.649
1448,36,8,50.91620182827741,39.63669424422954,521.543
1449,36,9,41.91453842676669,39.63669082913495,520.292
1450,36,10,32.91638232739478,39.63669082913495,519.137
1451,36,11,23.92174206789813,39.63669082913495,518.306
1452,36,12,14.93055276147963,39.63669082913495,517.992
1453,36,13,5.942719212377722,39.63669082913495,518.332
1454,36,14,-3.041902867153811,39.63669082913495,519.389
1455,36,15,-12.023568755435198,39.63669082913495,521.147
1456,36,16,-21.002570443053457,39.63668741404037,523.51
1457,36,17,-29.97928145597882,39.63668741404037,526.306
1458,36,18,-38.95420808198352,39.63668741404037,529.308
1459,36,19,-47.92789161355928,39.63668741404037,532.249
1460,36,20,-56.90097408848808,39.63668741404037,534.852
1461,36,21,-65.8741419407815,39.636683998945784,536.852
1462,36,22,-74.84814990634283,39.636680583851195,538.028
1463,36,23,-83.82374930598078,39.63666692347286,538.216
1464,36,24,-87.19832720883063,-140.36325612321343,537.338
1465,36,25,-78.21739343145092,-140.36329710434845,535.4
1466,36,26,-69.23279184248689,-140.36329710434845,532.503
1467,36,27,-60.24408530983169,-140.3633107647268,528.829
1468,36,28,-51.25082987118926,-140.3633107647268,524.628
1469,36,29,-42.2528206208845,-140.3633107647268,520.197
1470,36,30,-33.24999608721488,-140.3633107647268,515.853
1471,36,31,-24.242463845659834,-140.3633107647268,511.906
1472,36,32,-15.230483443407815,-140.3633107647268,508.628
1473,36,33,-6.214467253129965,-140.3633107647268,506.233
1474,36,34,2.805022942114483,-140.3633107647268,504.859
1475,36,35,11.827407430019724,-140.3633107647268,504.552
1476,36,36,20.851959649212798,-140.3633107647268,505.267
1477,36,37,29.877941939263344,-140.3633107647268,506.876
1478,36,38,38.90461407842006,-140.3633107647268,509.176
1479,36,39,47.93126231191468,-140.3633107647268,511.915
1480,37,0,61.46972860544462,-131.3633070991844,516.239
1481,37,1,70.49352865005535,-131.3633070991844,518.872
1482,37,2,79.51527963791507,-131.36332075956273,521.04
1483,37,3,88.53456492748442,-131.36340272183278,522.584
1484,37,4,82.4489278487056,48.636711570150275,523.423
1485,37,5,73.43546188030909,48.63670132486652,523.559
1486,37,6,64.42521976120084,48.63669790977194,523.077
1487,37,7,55.41834834044799,48.63669790977194,522.128
1488,37,8,46.41493641050975,48.63669449467735,520.921
1489,37,9,37.41501812233198,48.63669449467735,519.688
1490,37,10,28.418629334407807,48.63669449467735,518.668
1491,37,11,19.425720527865757,48.63669449467735,518.074
1492,37,12,10.436231084776942,48.63669449467735,518.074
1493,37,13,1.4500278164525506,48.63669449467735,518.769
1494,37,14,-7.533089913914287,48.63669449467735,520.184
1495,37,15,-16.513380799738385,48.63669107958277,522.262
1496,37,16,-25.49118976557283,48.63669107958277,524.867
1497,37,17,-34.466937721825225,48.63669107958277,527.797
1498,37,18,-43.44116766853458,48.63669107958277,530.803
1499,37,19,-52.41446870951682,48.63669107958277,533.61
1500,37,20,-61.38749312783767,48.636687664488186,535.943
1501,37,21,-70.36099565940043,48.636687664488186,537.555
1502,37,22,-79.3357003042571,48.636680834299014,538.252
1503,37,23,-88.31237204359473,48.63660911731273,537.912
1504,37,24,-82.70828379186932,-131.36329343880607,536.497
1505,37,25,-73.72557416530539,-131.36329343880607,534.062
1506,37,26,-64.73899865167122,-131.3633070991844,530.749
1507,37,27,-55.74804157168451,-131.3633070991844,526.777
1508,37,28,-46.75242630268384,-131.3633070991844,522.422
1509,37,29,-37.75200599560207,-131.3633070991844,517.995
1510,37,30,-28.746804556101285,-131.3633070991844,513.812
1511,37,31,-19.737006399289086,-131.3633070991844,510.168
1512,37,32,-10.722948765755737,-131.3633070991844,507.31
1513,37,33,-1.7051085948043758,-131.3633070991844,505.414
1514,37,34,7.31589928981799,-131.3633070991844,504.573
1515,37,35,16.339458570260472,-131.3633070991844,504.788
1516,37,36,25.364817605549256,-131.3633070991844,505.971
1517,37,37,34.39123873525397,-131.3633070991844,507.954
1518,37,38,43.41798600649156,-131.3633070991844,510.508
1519,37,39,52.44436444751397,-131.3633070991844,513.363
1520,38,0,56.95720362083021,-122.36330343364199,514.815
1521,38,1,65.98186085418178,-122.36330343364199,517.601
1522,38,2,75.00469101193035,-122.36331709402033,520.026
1523,38,3,84.0252535468745,-122.36333075439867,521.897
1524,38,4,86.95681171977898,57.636742556449356,523.094
1525,38,5,77.94180212863007,57.63670840550351,523.576
1526,38,6,68.92992759431019,57.63670157531434,523.387
1527,38,7,59.921358871548584,57.63670157531434,522.649
1528,38,8,50.91620182827741,57.63670157531434,521.543
1529,38,9,41.91453842676669,57.63670157531434,520.292
1530,38,10,32.91638232739478,57.63670157531434,519.137
1531,38,11,23.92174206789813,57.63669474512517,518.306
1532,38,12,14.93055276147963,57.63669474512517,517.992
1533,38,13,5.942719212377722,57.63669474512517,518.332
1534,38,14,-3.041902867153811,57.63669474512517,519.389
1535,38,15,-12.023568755435198,57.63669474512517,521.147
1536,38,16,-21.002570443053457,57.63669474512517,523.51
1537,38,17,-29.97928145597882,57.63669474512517,526.306
1538,38,18,-38.95420808198352,57.63669474512517,529.308
1539,38,19,-47.92789161355928,57.63669474512517,532.249
1540,38,20,-56.90097408848808,57.63669474512517,534.852
1541,38,21,-65.8741419407815,57.63669474512517,536.852
1542,38,22,-74.84814990634283,57.636687914936,538.028
1543,38,23,-83.82374930598078,57.63667425455766,538.216
1544,38,24,-87.19832720883063,-122.36324879212863,537.338
1545,38,25,-78.21739343145092,-122.36328977326366,535.4
1546,38,26,-69.23279184248689,-122.36328977326366,532.503
1547,38,27,-60.24408530983169,-122.36330343364199,528.829
1548,38,28,-51.25082987118926,-122.36330343364199,524.628
1549,38,29,-42.2528206208845,-122.36330343364199,520.197
1550,38,30,-33.24999608721488,-122.36330343364199,515.853
1551,38,31,-24.242463845659834,-122.36330343364199,511.906
1552,38,32,-15.230483443407815,-122.36330343364199,508.628
1553,38,33,-6.214467253129965,-122.36330343364199,506.233
1554,38,34,2.805022942114483,-122.36330343364199,504.859
1555,38,35,11.827407430019724,-122.36330343364199,504.552
1556,38,36,20.851959649212798,-122.36330343364199,505.267
1557,38,37,29.877941939263344,-122.36330343364199,506.876
1558,38,38,38.90461407842006,-122.36330343364199,509.176
1559,38,39,47.93126231191468,-122.36330343364199,511.915
1560,39,0,61.46972860544462,-113.36330659828876,516.239
1561,39,1,70.49352865005535,-113.36330659828876,518.872
1562,39,2,79.51527963791507,-113.36331342847794,521.04
1563,39,3,88.53456492748442,-113.36339539074797,522.584
1564,39,4,82.4489278487056,66.63671890123508,523.423
1565,39,5,73.43546188030909,66.6367120710459,523.559
1566,39,6,64.42521976120084,66.63670524085674,523.077
1567,39,7,55.41834834044799,66.63670524085674,522.128
1568,39,8,46.41493641050975,66.63670524085674,520.921
1569,39,9,37.41501812233198,66.63670524085674,519.688
1570,39,10,28.418629334407807,66.63670524085674,518.668
1571,39,11,19.425720527865757,66.63669841066758,518.074
1572,39,12,10.436231084776942,66.63669841066758,518.074
1573,39,13,1.4500278164525506,66.63669841066758,518.769
1574,39,14,-7.533089913914287,66.63669841066758,520.184
1575,39,15,-16.513380799738385,66.63669841066758,522.262
1576,39,16,-25.49118976557283,66.63669841066758,524.867
1577,39,17,-34.466937721825225,66.63669841066758,527.797
1578,39,18,-43.44116766853458,66.63669841066758,530.803
1579,39,19,-52.41446870951682,66.63669841066758,533.61
1580,39,20,-61.38749312783767,66.63669841066758,535.943
1581,39,21,-70.36099565940043,66.6366915804784,537.555
1582,39,22,-79.3357003042571,66.63668475028923,538.252
1583,39,23,-88.31237204359473,66.63661644839753,537.912
1584,39,24,-82.70828379186932,-113.36327927753209,536.497
1585,39,25,-73.72557416530539,-113.36329293791043,534.062
1586,39,26,-64.73899865167122,-113.36329293791043,530.749
1587,39,27,-55.74804157168451,-113.36329293791043,526.777
1588,39,28,-46.75242630268384,-113.3632997680996,522.422
1589,39,29,-37.75200599560207,-113.3632997680996,517.995
1590,39,30,-28.746804556101285,-113.3632997680996,513.812
1591,39,31,-19.737006399289086,-113.3632997680996,510.168
1592,39,32,-10.722948765755737,-113.3632997680996,507.31
1593,39,33,-1.7051085948043758,-113.3632997680996,505.414
1594,39,34,7.31589928981799,-113.3632997680996,504.573
1595,39,35,16.339458570260472,-113.3632997680996,504.788
1596,39,36,25.364817605549256,-113.3632997680996,505.971
1597,39,37,34.39123873525397,-113.3632997680996,507.954
1598,39,38,43.41798600649156,-113.3632997680996,510.508
1599,39,39,52.44436444751397,-113.3632997680996,513.363
