0,0,0,72.17719077103101,-105.3660498349851,519.319
1,0,1,81.19850462678384,-105.36605666517427,521.38
2,0,2,89.78270686622338,74.63461770232072,522.797
3,0,3,80.766754708969,74.63396883434957,523.502
4,0,4,71.75387613684113,74.6339620041604,523.514
5,0,5,62.744262395136516,74.6339620041604,522.93
6,0,6,53.73802959707106,74.6339620041604,521.917
7,0,7,44.73526995019856,74.6339620041604,520.686
8,0,8,35.73601419037028,74.63395517397123,519.476
9,0,9,26.74027939305913,74.63395517397123,518.52
10,0,10,17.748016039393644,74.63395517397123,518.026
11,0,11,8.759152412387534,74.63395517397123,518.15
12,0,12,-0.22646404663761707,74.63395517397123,518.98
13,0,13,-9.209032213580533,74.63395517397123,520.525
14,0,14,-18.188817665406052,74.63395517397123,522.713
15,0,15,-27.166209989701127,74.63395517397123,525.395
16,0,16,-36.14164546479899,74.63395517397123,528.36
17,0,17,-45.11564318507657,74.63395517397123,531.35
18,0,18,-54.088845188315844,74.63395517397123,534.088
19,0,19,-63.061914002866295,74.63394834378207,536.304
20,0,20,-72.0355872891583,74.63394834378207,537.758
21,0,21,-81.01059929252763,74.63394151359289,538.269
22,0,22,-89.98772182435049,74.62226189011217,537.728
23,0,23,-81.03234661484494,-105.3660293444176,536.116
24,0,24,-72.04896079955319,-105.36603617460676,533.504
25,0,25,-63.06158615378614,-105.36603617460676,530.049
26,0,26,-54.06975822468024,-105.36604300479593,525.983
27,0,27,-45.07327552165498,-105.36604300479593,521.59
28,0,28,-36.07195704469735,-105.36604300479593,517.185
29,0,29,-27.065877925888223,-105.36604300479593,513.082
30,0,30,-18.05525160863916,-105.36604300479593,509.568
31,0,31,-9.040447776938986,-105.36604300479593,506.879
32,0,32,-0.021963225330696428,-105.36604300479593,505.175
33,0,33,8.999595561739493,-105.36604300479593,504.534
34,0,34,18.02351854975528,-105.36604300479593,504.94
35,0,35,27.049130302043352,-105.36604300479593,506.287
36,0,36,36.07566242232208,-105.36604300479593,508.396
37,0,37,45.102392618086746,-105.36604300479593,511.027
38,0,38,54.12862762513658,-105.3660498349851,513.907
39,0,39,63.15375272644629,-105.3660498349851,516.757
40,1,0,76.68814139704173,-96.36605299963188,520.423
41,1,1,85.70823947912231,-96.36607349019938,522.175
42,1,2,85.27435854228642,83.63398616027031,523.239
43,1,3,76.25992268702778,83.6339656697028,523.59
44,1,4,67.24865603954403,83.6339656697028,523.288
45,1,5,58.24071569418608,83.63395883951364,522.465
46,1,6,49.23621093398064,83.63395883951364,521.314
47,1,7,40.23520323063024,83.63395883951364,520.063
48,1,8,31.237713074702405,83.63395883951364,518.952
49,1,9,22.24371656053503,83.63395883951364,518.204
50,1,10,13.253170145672158,83.63395883951364,518.003
51,1,11,4.265948752274612,83.63395883951364,518.474
52,1,12,-4.7181064215558095,83.63395883951364,519.665
53,1,13,-13.69924297017652,83.63395883951364,521.546
54,1,14,-22.67778874266768,83.63395883951364,524.004
55,1,15,-31.65413946311433,83.63395200932446,526.858
56,1,16,-40.62879288155223,83.63395200932446,529.869
57,1,17,-49.60230224330415,83.63395200932446,532.768
58,1,18,-58.575353982381685,83.63395200932446,535.277
59,1,19,-67.54863111770182,83.63395200932446,537.139
60,1,20,-76.52287130969493,83.6339451791353,538.14
61,1,21,-85.4988531999264,83.63392468856779,538.133
62,1,22,-85.52270422050809,-96.36601201849685,537.053
63,1,23,-76.5411215751572,-96.36603250906437,534.927
64,1,24,-67.5558096465195,-96.36603933925353,531.869
65,1,25,-58.566235679839714,-96.36603933925353,528.075
66,1,26,-49.57212988264562,-96.36603933925353,523.808
67,1,27,-40.57321904737042,-96.36603933925353,519.37
68,1,28,-31.569503174014116,-96.36603933925353,515.077
69,1,29,-22.56111374371823,-96.36603933925353,511.235
70,1,30,-13.548344454617075,-96.36603933925353,508.108
71,1,31,-4.531630304383414,-96.3660461694427,505.897
72,1,32,4.488472900339042,-96.3660461694427,504.721
73,1,33,13.511316291579144,-96.3660461694427,504.611
74,1,34,22.536163062680174,-96.3660461694427,505.505
75,1,35,31.562328060291016,-96.3660461694427,507.26
76,1,36,40.589048010771926,-96.3660461694427,509.663
77,1,37,49.61561086690192,-96.3660461694427,512.453
78,1,38,58.641367760709855,-96.3660461694427,515.353
79,1,39,67.66571422045418,-96.3660461694427,518.088
80,2,0,72.17719077103101,-87.36604933408947,519.319
81,2,1,81.19850462678384,-87.36605616427865,521.38
82,2,2,89.78270686622338,92.63461820321635,522.797
83,2,3,80.766754708969,92.6339693352452,523.502
84,2,4,71.75387613684113,92.63396250505603,523.514
85,2,5,62.744262395136516,92.63396250505603,522.93
86,2,6,53.73802959707106,92.63396250505603,521.917
87,2,7,44.73526995019856,92.63396250505603,520.686
88,2,8,35.73601419037028,92.63395567486687,519.476
89,2,9,26.74027939305913,92.63395567486687,518.52
90,2,10,17.748016039393644,92.63395567486687,518.026
91,2,11,8.759152412387534,92.63395567486687,518.15
92,2,12,-0.22646404663761707,92.63395567486687,518.98
93,2,13,-9.209032213580533,92.63395567486687,520.525
94,2,14,-18.188817665406052,92.63395567486687,522.713
95,2,15,-27.166209989701127,92.63395567486687,525.395
96,2,16,-36.14164546479899,92.63395567486687,528.36
97,2,17,-45.11564318507657,92.63395567486687,531.35
98,2,18,-54.088845188315844,92.63395567486687,534.088
99,2,19,-63.061914002866295,92.63394884467769,536.304
100,2,20,-72.0355872891583,92.63394884467769,537.758
101,2,21,-81.01059929252763,92.63394201448853,538.269
102,2,22,-89.98772182435049,92.62226239100781,537.728
103,2,23,-81.03234661484494,-87.36602884352196,536.116
104,2,24,-72.04896079955319,-87.36603567371112,533.504
105,2,25,-63.06158615378614,-87.36603567371112,530.049
106,2,26,-54.06975822468024,-87.3660425039003,525.983
107,2,27,-45.07327552165498,-87.3660425039003,521.59
108,2,28,-36.07195704469735,-87.3660425039003,517.185
109,2,29,-27.065877925888223,-87.3660425039003,513.082
110,2,30,-18.05525160863916,-87.3660425039003,509.568
111,2,31,-9.040447776938986,-87.3660425039003,506.879
112,2,32,-0.021963225330696428,-87.3660425039003,505.175
113,2,33,8.999595561739493,-87.3660425039003,504.534
114,2,34,18.02351854975528,-87.3660425039003,504.94
115,2,35,27.049130302043352,-87.3660425039003,506.287
116,2,36,36.07566242232208,-87.3660425039003,508.396
117,2,37,45.102392618086746,-87.3660425039003,511.027
118,2,38,54.12862762513658,-87.36604933408947,513.907
119,2,39,63.15375272644629,-87.36604933408947,516.757
120,3,0,76.68814139704173,-78.36605249873624,520.423
121,3,1,85.70823947912231,-78.36607298930375,522.175
122,3,2,85.27435854228642,101.63398666116595,523.239
123,3,3,76.25992268702778,101.63396617059844,523.59
124,3,4,67.24865603954403,101.63396617059844,523.288
125,3,5,58.24071569418608,101.63395934040926,522.465
126,3,6,49.23621093398064,101.63395934040926,521.314
127,3,7,40.23520323063024,101.63395934040926,520.063
128,3,8,31.237713074702405,101.63395934040926,518.952
129,3,9,22.24371656053503,101.63395934040926,518.204
130,3,10,13.253170145672158,101.63395934040926,518.003
131,3,11,4.265948752274612,101.63395934040926,518.474
132,3,12,-4.7181064215558095,101.63395934040926,519.665
133,3,13,-13.69924297017652,101.63395934040926,521.546
134,3,14,-22.67778874266768,101.63395934040926,524.004
135,3,15,-31.65413946311433,101.6339525102201,526.858
136,3,16,-40.62879288155223,101.6339525102201,529.869
137,3,17,-49.60230224330415,101.6339525102201,532.768
138,3,18,-58.575353982381685,101.6339525102201,535.277
139,3,19,-67.54863111770182,101.6339525102201,537.139
140,3,20,-76.52287130969493,101.63394568003092,538.14
141,3,21,-85.4988531999264,101.63392518946341,538.133
142,3,22,-85.52270422050809,-78.36601151760122,537.053
143,3,23,-76.5411215751572,-78.36603200816873,534.927
144,3,24,-67.5558096465195,-78.3660388383579,531.869
145,3,25,-58.566235679839714,-78.3660388383579,528.075
146,3,26,-49.57212988264562,-78.3660388383579,523.808
147,3,27,-40.57321904737042,-78.3660388383579,519.37
148,3,28,-31.569503174014116,-78.3660388383579,515.077
149,3,29,-22.56111374371823,-78.3660388383579,511.235
150,3,30,-13.548344454617075,-78.3660388383579,508.108
151,3,31,-4.531630304383414,-78.36604566854707,505.897
152,3,32,4.488472900339042,-78.36604566854707,504.721
153,3,33,13.511316291579144,-78.36604566854707,504.611
154,3,34,22.536163062680174,-78.36604566854707,505.505
155,3,35,31.562328060291016,-78.36604566854707,507.26
156,3,36,40.589048010771926,-78.36604566854707,509.663
157,3,37,49.61561086690192,-78.36604566854707,512.453
158,3,38,58.641367760709855,-78.36604566854707,515.353
159,3,39,67.66571422045418,-78.36604566854707,518.088
160,4,0,72.17719077103101,-69.36604883319383,519.319
161,4,1,81.19850462678384,-69.36605566338301,521.38
162,4,2,89.78270686622338,110.63461870411199,522.797
163,4,3,80.766754708969,110.63396983614084,523.502
164,4,4,71.75387613684113,110.63396300595167,523.514
165,4,5,62.744262395136516,110.63396300595167,522.93
166,4,6,53.73802959707106,110.63396300595167,521.917
167,4,7,44.73526995019856,110.63396300595167,520.686
168,4,8,35.73601419037028,110.63395617576249,519.476
169,4,9,26.74027939305913,110.63395617576249,518.52
170,4,10,17.748016039393644,110.63395617576249,518.026
171,4,11,8.759152412387534,110.63395617576249,518.15
172,4,12,-0.22646404663761707,110.63395617576249,518.98
173,4,13,-9.209032213580533,110.63395617576249,520.525
174,4,14,-18.188817665406052,110.63395617576249,522.713
175,4,15,-27.166209989701127,110.63395617576249,525.395
176,4,16,-36.14164546479899,110.63395617576249,528.36
177,4,17,-45.11564318507657,110.63395617576249,531.35
178,4,18,-54.088845188315844,110.63395617576249,534.088
179,4,19,-63.061914002866295,110.63394934557333,536.304
180,4,20,-72.0355872891583,110.63394934557333,537.758
181,4,21,-81.01059929252763,110.63394251538416,538.269
182,4,22,-89.98772182435049,110.62226289190343,537.728
183,4,23,-81.03234661484494,-69.36602834262632,536.116
184,4,24,-72.04896079955319,-69.3660351728155,533.504
185,4,25,-63.06158615378614,-69.3660351728155,530.049
186,4,26,-54.06975822468024,-69.36604200300467,525.983
187,4,27,-45.07327552165498,-69.36604200300467,521.59
188,4,28,-36.07195704469735,-69.36604200300467,517.185
189,4,29,-27.065877925888223,-69.36604200300467,513.082
190,4,30,-18.05525160863916,-69.36604200300467,509.568
191,4,31,-9.040447776938986,-69.36604200300467,506.879
192,4,32,-0.021963225330696428,-69.36604200300467,505.175
193,4,33,8.999595561739493,-69.36604200300467,504.534
194,4,34,18.02351854975528,-69.36604200300467,504.94
195,4,35,27.049130302043352,-69.36604200300467,506.287
196,4,36,36.07566242232208,-69.36604200300467,508.396
197,4,37,45.102392618086746,-69.36604200300467,511.027
198,4,38,54.12862762513658,-69.36604883319383,513.907
199,4,39,63.15375272644629,-69.36604883319383,516.757
200,5,0,76.68814139704173,-60.36605199784061,520.423
201,5,1,85.70823947912231,-60.366072488408115,522.175
202,5,2,85.27435854228642,119.63398716206157,523.239
203,5,3,76.25992268702778,119.63397350168324,523.59
204,5,4,67.24865603954403,119.6339598413049,523.288
205,5,5,58.24071569418608,119.6339598413049,522.465
206,5,6,49.23621093398064,119.6339598413049,521.314
207,5,7,40.23520323063024,119.6339598413049,520.063
208,5,8,31.237713074702405,119.6339598413049,518.952
209,5,9,22.24371656053503,119.6339598413049,518.204
210,5,10,13.253170145672158,119.6339598413049,518.003
211,5,11,4.265948752274612,119.6339598413049,518.474
212,5,12,-4.7181064215558095,119.6339598413049,519.665
213,5,13,-13.69924297017652,119.6339598413049,521.546
214,5,14,-22.67778874266768,119.6339598413049,524.004
215,5,15,-31.65413946311433,119.6339598413049,526.858
216,5,16,-40.62879288155223,119.6339598413049,529.869
217,5,17,-49.60230224330415,119.6339598413049,532.768
218,5,18,-58.575353982381685,119.6339598413049,535.277
219,5,19,-67.54863111770182,119.63394618092656,537.139
220,5,20,-76.52287130969493,119.63394618092656,538.14
221,5,21,-85.4988531999264,119.63393252054821,538.133
222,5,22,-85.52270422050809,-60.366011016705585,537.053
223,5,23,-76.5411215751572,-60.36603150727309,534.927
224,5,24,-67.5558096465195,-60.366038337462264,531.869
225,5,25,-58.566235679839714,-60.366038337462264,528.075
226,5,26,-49.57212988264562,-60.366038337462264,523.808
227,5,27,-40.57321904737042,-60.366038337462264,519.37
228,5,28,-31.569503174014116,-60.366038337462264,515.077
229,5,29,-22.56111374371823,-60.366038337462264,511.235
230,5,30,-13.548344454617075,-60.366038337462264,508.108
231,5,31,-4.531630304383414,-60.366045167651436,505.897
232,5,32,4.488472900339042,-60.366045167651436,504.721
233,5,33,13.511316291579144,-60.366045167651436,504.611
234,5,34,22.536163062680174,-60.366045167651436,505.505
235,5,35,31.562328060291016,-60.366045167651436,507.26
236,5,36,40.589048010771926,-60.366045167651436,509.663
237,5,37,49.61561086690192,-60.366045167651436,512.453
238,5,38,58.641367760709855,-60.366045167651436,515.353
239,5,39,67.66571422045418,-60.366045167651436,518.088
240,6,0,72.17719077103101,-51.366048332298206,519.319
241,6,1,81.19850462678384,-51.36605857758196,521.38
242,6,2,89.78270686622338,128.63461920500762,522.797
243,6,3,80.766754708969,128.63397716722565,523.502
244,6,4,71.75387613684113,128.6339635068473,523.514
245,6,5,62.744262395136516,128.6339635068473,522.93
246,6,6,53.73802959707106,128.6339635068473,521.917
247,6,7,44.73526995019856,128.6339635068473,520.686
248,6,8,35.73601419037028,128.6339635068473,519.476
249,6,9,26.74027939305913,128.6339635068473,518.52
250,6,10,17.748016039393644,128.6339635068473,518.026
251,6,11,8.759152412387534,128.6339635068473,518.15
252,6,12,-0.22646404663761707,128.6339635068473,518.98
253,6,13,-9.209032213580533,128.6339635068473,520.525
254,6,14,-18.188817665406052,128.6339635068473,522.713
255,6,15,-27.166209989701127,128.63394984646897,525.395
256,6,16,-36.14164546479899,128.63394984646897,528.36
257,6,17,-45.11564318507657,128.63394984646897,531.35
258,6,18,-54.088845188315844,128.63394984646897,534.088
259,6,19,-63.061914002866295,128.63394984646897,536.304
260,6,20,-72.0355872891583,128.63394984646897,537.758
261,6,21,-81.01059929252763,128.6339361860906,538.269
262,6,22,-89.98772182435049,128.62227022298825,537.728
263,6,23,-81.03234661484494,-51.36602784173069,536.116
264,6,24,-72.04896079955319,-51.36603467191986,533.504
265,6,25,-63.06158615378614,-51.366038087014445,530.049
266,6,26,-54.06975822468024,-51.366038087014445,525.983
267,6,27,-45.07327552165498,-51.366038087014445,521.59
268,6,28,-36.07195704469735,-51.366041502109034,517.185
269,6,29,-27.065877925888223,-51.366041502109034,513.082
270,6,30,-18.05525160863916,-51.366041502109034,509.568
271,6,31,-9.040447776938986,-51.366041502109034,506.879
272,6,32,-0.021963225330696428,-51.366041502109034,505.175
273,6,33,8.999595561739493,-51.366041502109034,504.534
274,6,34,18.02351854975528,-51.366041502109034,504.94
275,6,35,27.049130302043352,-51.36604491720362,506.287
276,6,36,36.07566242232208,-51.36604491720362,508.396
277,6,37,45.102392618086746,-51.36604491720362,511.027
278,6,38,54.12862762513658,-51.36604491720362,513.907
279,6,39,63.15375272644629,-51.366048332298206,516.757
280,7,0,76.68814139704173,-42.36605491203956,520.423
281,7,1,85.70823947912231,-42.36607881770165,522.175
282,7,2,85.27435854228642,137.63398083276803,523.239
283,7,3,76.25992268702778,137.6339671723897,523.59
284,7,4,67.24865603954403,137.6339671723897,523.288
285,7,5,58.24071569418608,137.63395351201137,522.465
286,7,6,49.23621093398064,137.63395351201137,521.314
287,7,7,40.23520323063024,137.63395351201137,520.063
288,7,8,31.237713074702405,137.63395351201137,518.952
289,7,9,22.24371656053503,137.63395351201137,518.204
290,7,10,13.253170145672158,137.63395351201137,518.003
291,7,11,4.265948752274612,137.63395351201137,518.474
292,7,12,-4.7181064215558095,137.63395351201137,519.665
293,7,13,-13.69924297017652,137.63395351201137,521.546
294,7,14,-22.67778874266768,137.63395351201137,524.004
295,7,15,-31.65413946311433,137.63395351201137,526.858
296,7,16,-40.62879288155223,137.63395351201137,529.869
297,7,17,-49.60230224330415,137.63395351201137,532.768
298,7,18,-58.575353982381685,137.63395351201137,535.277
299,7,19,-67.54863111770182,137.63395351201137,537.139
300,7,20,-76.52287130969493,137.63393985163302,538.14
301,7,21,-85.4988531999264,137.6339261912547,538.133
302,7,22,-85.52270422050809,-42.366013930904536,537.053
303,7,23,-76.5411215751572,-42.366034421472044,534.927
304,7,24,-67.5558096465195,-42.36603783656663,531.869
305,7,25,-58.566235679839714,-42.366041251661215,528.075
306,7,26,-49.57212988264562,-42.366041251661215,523.808
307,7,27,-40.57321904737042,-42.3660446667558,519.37
308,7,28,-31.569503174014116,-42.3660446667558,515.077
309,7,29,-22.56111374371823,-42.3660446667558,511.235
310,7,30,-13.548344454617075,-42.3660446667558,508.108
311,7,31,-4.531630304383414,-42.3660446667558,505.897
312,7,32,4.488472900339042,-42.3660446667558,504.721
313,7,33,13.511316291579144,-42.3660446667558,504.611
314,7,34,22.536163062680174,-42.3660446667558,505.505
315,7,35,31.562328060291016,-42.36604808185039,507.26
316,7,36,40.589048010771926,-42.36604808185039,509.663
317,7,37,49.61561086690192,-42.36604808185039,512.453
318,7,38,58.641367760709855,-42.36604808185039,515.353
319,7,39,67.66571422045418,-42.36605149694497,518.088
320,8,0,72.17719077103101,-33.36604783140257,519.319
321,8,1,81.19850462678384,-33.36605807668632,521.38
322,8,2,89.78270686622338,146.63461287571408,522.797
323,8,3,80.766754708969,146.6339708379321,523.502
324,8,4,71.75387613684113,146.6339708379321,523.514
325,8,5,62.744262395136516,146.63395717755375,522.93
326,8,6,53.73802959707106,146.63395717755375,521.917
327,8,7,44.73526995019856,146.63395717755375,520.686
328,8,8,35.73601419037028,146.63395717755375,519.476
329,8,9,26.74027939305913,146.63395717755375,518.52
330,8,10,17.748016039393644,146.63395717755375,518.026
331,8,11,8.759152412387534,146.63395717755375,518.15
332,8,12,-0.22646404663761707,146.63395717755375,518.98
333,8,13,-9.209032213580533,146.63395717755375,520.525
334,8,14,-18.188817665406052,146.63395717755375,522.713
335,8,15,-27.166209989701127,146.63395717755375,525.395
336,8,16,-36.14164546479899,146.63395717755375,528.36
337,8,17,-45.11564318507657,146.63395717755375,531.35
338,8,18,-54.088845188315844,146.63395717755375,534.088
339,8,19,-63.061914002866295,146.63395717755375,536.304
340,8,20,-72.0355872891583,146.63395717755375,537.758
341,8,21,-81.01059929252763,146.63394351717542,538.269
342,8,22,-89.98772182435049,146.6222638936947,537.728
343,8,23,-81.03234661484494,-33.36602734083506,536.116
344,8,24,-72.04896079955319,-33.36603417102423,533.504
345,8,25,-63.06158615378614,-33.366037586118814,530.049
346,8,26,-54.06975822468024,-33.366037586118814,525.983
347,8,27,-45.07327552165498,-33.366037586118814,521.59
348,8,28,-36.07195704469735,-33.3660410012134,517.185
349,8,29,-27.065877925888223,-33.3660410012134,513.082
350,8,30,-18.05525160863916,-33.3660410012134,509.568
351,8,31,-9.040447776938986,-33.3660410012134,506.879
352,8,32,-0.021963225330696428,-33.3660410012134,505.175
353,8,33,8.999595561739493,-33.3660410012134,504.534
354,8,34,18.02351854975528,-33.3660410012134,504.94
355,8,35,27.049130302043352,-33.366044416307986,506.287
356,8,36,36.07566242232208,-33.366044416307986,508.396
357,8,37,45.102392618086746,-33.366044416307986,511.027
358,8,38,54.12862762513658,-33.366044416307986,513.907
359,8,39,63.15375272644629,-33.36604783140257,516.757
360,9,0,76.68814139704173,-24.366056118691215,520.423
361,9,1,85.70823947912231,-24.366078316806018,522.175
362,9,2,85.27435854228642,155.63398816385285,523.239
363,9,3,76.25992268702778,155.63396084309616,523.59
364,9,4,67.24865603954403,155.63396084309616,523.288
365,9,5,58.24071569418608,155.63396084309616,522.465
366,9,6,49.23621093398064,155.63396084309616,521.314
367,9,7,40.23520323063024,155.63396084309616,520.063
368,9,8,31.237713074702405,155.63396084309616,518.952
369,9,9,22.24371656053503,155.63396084309616,518.204
370,9,10,13.253170145672158,155.63396084309616,518.003
371,9,11,4.265948752274612,155.63396084309616,518.474
372,9,12,-4.7181064215558095,155.63396084309616,519.665
373,9,13,-13.69924297017652,155.63396084309616,521.546
374,9,14,-22.67778874266768,155.63396084309616,524.004
375,9,15,-31.65413946311433,155.63394718271783,526.858
376,9,16,-40.62879288155223,155.63394718271783,529.869
377,9,17,-49.60230224330415,155.63394718271783,532.768
378,9,18,-58.575353982381685,155.63394718271783,535.277
379,9,19,-67.54863111770182,155.63394718271783,537.139
380,9,20,-76.52287130969493,155.63394718271783,538.14
381,9,21,-85.4988531999264,155.63391986196115,538.133
382,9,22,-85.52270422050809,-24.366013430008902,537.053
383,9,23,-76.5411215751572,-24.366033920576413,534.927
384,9,24,-67.5558096465195,-24.36603904321829,531.869
385,9,25,-58.566235679839714,-24.36604075076558,528.075
386,9,26,-49.57212988264562,-24.366042458312876,523.808
387,9,27,-40.57321904737042,-24.366042458312876,519.37
388,9,28,-31.569503174014116,-24.366042458312876,515.077
389,9,29,-22.56111374371823,-24.366044165860167,511.235
390,9,30,-13.548344454617075,-24.366044165860167,508.108
391,9,31,-4.531630304383414,-24.366044165860167,505.897
392,9,32,4.488472900339042,-24.366044165860167,504.721
393,9,33,13.511316291579144,-24.36604587340746,504.611
394,9,34,22.536163062680174,-24.36604587340746,505.505
395,9,35,31.562328060291016,-24.36604587340746,507.26
396,9,36,40.589048010771926,-24.366047580954753,509.663
397,9,37,49.61561086690192,-24.366047580954753,512.453
398,9,38,58.641367760709855,-24.366049288502044,515.353
399,9,39,67.66571422045418,-24.36605099604934,518.088
400,10,0,72.17719077103101,-15.366049038054229,519.319
401,10,1,81.19850462678384,-15.366057575790691,521.38
402,10,2,89.78270686622338,164.6346202067989,522.797
403,10,3,80.766754708969,164.6339781690169,523.502
404,10,4,71.75387613684113,164.63396450863857,523.514
405,10,5,62.744262395136516,164.63396450863857,522.93
406,10,6,53.73802959707106,164.63396450863857,521.917
407,10,7,44.73526995019856,164.63396450863857,520.686
408,10,8,35.73601419037028,164.63396450863857,519.476
409,10,9,26.74027939305913,164.63396450863857,518.52
410,10,10,17.748016039393644,164.63396450863857,518.026
411,10,11,8.759152412387534,164.63396450863857,518.15
412,10,12,-0.22646404663761707,164.63396450863857,518.98
413,10,13,-9.209032213580533,164.63396450863857,520.525
414,10,14,-18.188817665406052,164.63396450863857,522.713
415,10,15,-27.166209989701127,164.63395084826024,525.395
416,10,16,-36.14164546479899,164.63395084826024,528.36
417,10,17,-45.11564318507657,164.63395084826024,531.35
418,10,18,-54.088845188315844,164.63395084826024,534.088
419,10,19,-63.061914002866295,164.63395084826024,536.304
420,10,20,-72.0355872891583,164.63395084826024,537.758
421,10,21,-81.01059929252763,164.63393718788188,538.269
422,10,22,-89.98772182435049,164.6222712247795,537.728
423,10,23,-81.03234661484494,-15.366025132392133,536.116
424,10,24,-72.04896079955319,-15.366033670128596,533.504
425,10,25,-63.06158615378614,-15.366035377675889,530.049
426,10,26,-54.06975822468024,-15.366037085223182,525.983
427,10,27,-45.07327552165498,-15.366038792770473,521.59
428,10,28,-36.07195704469735,-15.366038792770473,517.185
429,10,29,-27.065877925888223,-15.366040500317766,513.082
430,10,30,-18.05525160863916,-15.366040500317766,509.568
431,10,31,-9.040447776938986,-15.366040500317766,506.879
432,10,32,-0.021963225330696428,-15.366040500317766,505.175
433,10,33,8.999595561739493,-15.366042207865059,504.534
434,10,34,18.02351854975528,-15.366042207865059,504.94
435,10,35,27.049130302043352,-15.366042207865059,506.287
436,10,36,36.07566242232208,-15.366042207865059,508.396
437,10,37,45.102392618086746,-15.366043915412352,511.027
438,10,38,54.12862762513658,-15.366043915412352,513.907
439,10,39,63.15375272644629,-15.366045622959644,516.757
440,11,0,76.68814139704173,-6.366054764021936,520.423
441,11,1,85.70823947912231,-6.366077815910384,522.175
442,11,2,85.27435854228642,173.6339818345593,523.239
443,11,3,76.25992268702778,173.63396817418098,523.59
444,11,4,67.24865603954403,173.63396817418098,523.288
445,11,5,58.24071569418608,173.63395451380262,522.465
446,11,6,49.23621093398064,173.63395451380262,521.314
447,11,7,40.23520323063024,173.63395451380262,520.063
448,11,8,31.237713074702405,173.63395451380262,518.952
449,11,9,22.24371656053503,173.63395451380262,518.204
450,11,10,13.253170145672158,173.63395451380262,518.003
451,11,11,4.265948752274612,173.63395451380262,518.474
452,11,12,-4.7181064215558095,173.63395451380262,519.665
453,11,13,-13.69924297017652,173.63395451380262,521.546
454,11,14,-22.67778874266768,173.63395451380262,524.004
455,11,15,-31.65413946311433,173.63395451380262,526.858
456,11,16,-40.62879288155223,173.63395451380262,529.869
457,11,17,-49.60230224330415,173.63395451380262,532.768
458,11,18,-58.575353982381685,173.63395451380262,535.277
459,11,19,-67.54863111770182,173.63395451380262,537.139
460,11,20,-76.52287130969493,173.6339408534243,538.14
461,11,21,-85.4988531999264,173.63392719304596,538.133
462,11,22,-85.52270422050809,-6.366012075339623,537.053
463,11,23,-76.5411215751572,-6.3660338465676025,534.927
464,11,24,-67.5558096465195,-6.366038115435834,531.869
465,11,25,-58.566235679839714,-6.3660402498699495,528.075
466,11,26,-49.57212988264562,-6.366041530530419,523.808
467,11,27,-40.57321904737042,-6.3660419574172415,519.37
468,11,28,-31.569503174014116,-6.366042811190888,515.077
469,11,29,-22.56111374371823,-6.366043238077712,511.235
470,11,30,-13.548344454617075,-6.366043664964534,508.108
471,11,31,-4.531630304383414,-6.366044091851357,505.897
472,11,32,4.488472900339042,-6.366044518738181,504.721
473,11,33,13.511316291579144,-6.366044945625004,504.611
474,11,34,22.536163062680174,-6.366045372511827,505.505
475,11,35,31.562328060291016,-6.36604579939865,507.26
476,11,36,40.589048010771926,-6.366046226285473,509.663
477,11,37,49.61561086690192,-6.366047080059119,512.453
478,11,38,58.641367760709855,-6.366048360719589,515.353
479,11,39,67.66571422045418,-6.366050495153704,518.088
480,12,0,72.17719077103101,2.6339516762848163,519.319
481,12,1,81.19850462678384,2.6339431385483536,521.38
482,12,2,89.78270686622338,-177.36538248002898,522.797
483,12,3,80.766754708969,-177.36602451781096,523.502
484,12,4,71.75387613684113,-177.36603817818929,523.514
485,12,5,62.744262395136516,-177.36603817818929,522.93
486,12,6,53.73802959707106,-177.36603817818929,521.917
487,12,7,44.73526995019856,-177.36603817818929,520.686
488,12,8,35.73601419037028,-177.36603817818929,519.476
489,12,9,26.74027939305913,-177.36603817818929,518.52
490,12,10,17.748016039393644,-177.36603817818929,518.026
491,12,11,8.759152412387534,-177.36603817818929,518.15
492,12,12,-0.22646404663761707,-177.36603817818929,518.98
493,12,13,-9.209032213580533,-177.36603817818929,520.525
494,12,14,-18.188817665406052,-177.36603817818929,522.713
495,12,15,-27.166209989701127,-177.36603817818929,525.395
496,12,16,-36.14164546479899,-177.36603817818929,528.36
497,12,17,-45.11564318507657,-177.36603817818929,531.35
498,12,18,-54.088845188315844,-177.36603817818929,534.088
499,12,19,-63.061914002866295,-177.36605183856764,536.304
500,12,20,-72.0355872891583,-177.36605183856764,537.758
501,12,21,-81.01059929252763,-177.36605183856764,538.269
502,12,22,-89.98772182435049,-177.37773146204836,537.728
503,12,23,-81.03234661484494,2.6339753685034997,536.116
504,12,24,-72.04896079955319,2.633967044210449,533.504
505,12,25,-63.06158615378614,2.6339642694460985,530.049
506,12,26,-54.06975822468024,2.6339627753422175,525.983
507,12,27,-45.07327552165498,2.6339619215685715,521.59
508,12,28,-36.07195704469735,2.6339612812383364,517.185
509,12,29,-27.065877925888223,2.633960640908102,513.082
510,12,30,-18.05525160863916,2.633960214021279,509.568
511,12,31,-9.040447776938986,2.6339597871344558,506.879
512,12,32,-0.021963225330696428,2.6339593602476326,505.175
513,12,33,8.999595561739493,2.6339589333608093,504.534
514,12,34,18.02351854975528,2.633958506473986,504.94
515,12,35,27.049130302043352,2.6339580795871633,506.287
516,12,36,36.07566242232208,2.63395765270034,508.396
517,12,37,45.102392618086746,2.6339567989266937,511.027
518,12,38,54.12862762513658,2.6339559451530477,513.907
519,12,39,63.15375272644629,2.6339544510491666,516.757
520,13,0,76.68814139704173,11.633952567062869,520.423
521,13,1,85.70823947912231,11.633929515174419,522.175
522,13,2,85.27435854228642,-168.36600719189022,523.239
523,13,3,76.25992268702778,-168.36602085226855,523.59
524,13,4,67.24865603954403,-168.3660345126469,523.288
525,13,5,58.24071569418608,-168.3660345126469,522.465
526,13,6,49.23621093398064,-168.3660345126469,521.314
527,13,7,40.23520323063024,-168.3660345126469,520.063
528,13,8,31.237713074702405,-168.3660345126469,518.952
529,13,9,22.24371656053503,-168.3660345126469,518.204
530,13,10,13.253170145672158,-168.3660345126469,518.003
531,13,11,4.265948752274612,-168.3660345126469,518.474
532,13,12,-4.7181064215558095,-168.3660345126469,519.665
533,13,13,-13.69924297017652,-168.3660345126469,521.546
534,13,14,-22.67778874266768,-168.3660345126469,524.004
535,13,15,-31.65413946311433,-168.3660345126469,526.858
536,13,16,-40.62879288155223,-168.3660345126469,529.869
537,13,17,-49.60230224330415,-168.3660345126469,532.768
538,13,18,-58.575353982381685,-168.3660345126469,535.277
539,13,19,-67.54863111770182,-168.36604817302523,537.139
540,13,20,-76.52287130969493,-168.36604817302523,538.14
541,13,21,-85.4988531999264,-168.36607549378192,538.133
542,13,22,-85.52270422050809,11.63399525574518,537.053
543,13,23,-76.5411215751572,11.633973911404023,534.927
544,13,24,-67.5558096465195,11.633968788762147,531.869
545,13,25,-58.566235679839714,11.633967081214854,528.075
546,13,26,-49.57212988264562,11.633966227441208,523.808
547,13,27,-40.57321904737042,11.63396537366756,519.37
548,13,28,-31.569503174014116,11.633964519893915,515.077
549,13,29,-22.56111374371823,11.633964519893915,511.235
550,13,30,-13.548344454617075,11.63396366612027,508.108
551,13,31,-4.531630304383414,11.63396366612027,505.897
552,13,32,4.488472900339042,11.633962812346622,504.721
553,13,33,13.511316291579144,11.633962812346622,504.611
554,13,34,22.536163062680174,11.633961958572977,505.505
555,13,35,31.562328060291016,11.63396110479933,507.26
556,13,36,40.589048010771926,11.63396110479933,509.663
557,13,37,49.61561086690192,11.633960251025684,512.453
558,13,38,58.641367760709855,11.633958543478391,515.353
559,13,39,67.66571422045418,11.633956835931098,518.088
560,14,0,72.17719077103101,20.63394513354787,519.319
561,14,1,81.19850462678384,20.633936595811406,521.38
562,14,2,89.78270686622338,-159.36538880932252,522.797
563,14,3,80.766754708969,-159.3660308471045,523.502
564,14,4,71.75387613684113,-159.36604450748283,523.514
565,14,5,62.744262395136516,-159.36604450748283,522.93
566,14,6,53.73802959707106,-159.36604450748283,521.917
567,14,7,44.73526995019856,-159.36604450748283,520.686
568,14,8,35.73601419037028,-159.36604450748283,519.476
569,14,9,26.74027939305913,-159.36604450748283,518.52
570,14,10,17.748016039393644,-159.36604450748283,518.026
571,14,11,8.759152412387534,-159.36604450748283,518.15
572,14,12,-0.22646404663761707,-159.36604450748283,518.98
573,14,13,-9.209032213580533,-159.36604450748283,520.525
574,14,14,-18.188817665406052,-159.36604450748283,522.713
575,14,15,-27.166209989701127,-159.36604450748283,525.395
576,14,16,-36.14164546479899,-159.36604450748283,528.36
577,14,17,-45.11564318507657,-159.36604450748283,531.35
578,14,18,-54.088845188315844,-159.36604450748283,534.088
579,14,19,-63.061914002866295,-159.36605816786118,536.304
580,14,20,-72.0355872891583,-159.36605816786118,537.758
581,14,21,-81.01059929252763,-159.36605816786118,538.269
582,14,22,-89.98772182435049,-159.3777377913419,537.728
583,14,23,-81.03234661484494,20.633969039209962,536.116
584,14,24,-72.04896079955319,20.6339605014735,533.504
585,14,25,-63.06158615378614,20.633958793926208,530.049
586,14,26,-54.06975822468024,20.633957086378917,525.983
587,14,27,-45.07327552165498,20.633955378831622,521.59
588,14,28,-36.07195704469735,20.633955378831622,517.185
589,14,29,-27.065877925888223,20.63395367128433,513.082
590,14,30,-18.05525160863916,20.63395367128433,509.568
591,14,31,-9.040447776938986,20.63395367128433,506.879
592,14,32,-0.021963225330696428,20.63395367128433,505.175
593,14,33,8.999595561739493,20.633951963737037,504.534
594,14,34,18.02351854975528,20.633951963737037,504.94
595,14,35,27.049130302043352,20.633951963737037,506.287
596,14,36,36.07566242232208,20.633951963737037,508.396
597,14,37,45.102392618086746,20.633950256189745,511.027
598,14,38,54.12862762513658,20.633950256189745,513.907
599,14,39,63.15375272644629,20.633948548642454,516.757
600,15,0,76.68814139704173,29.63394709154298,520.423
601,15,1,85.70823947912231,29.63392318588088,522.175
602,15,2,85.27435854228642,-150.36601352118376,523.239
603,15,3,76.25992268702778,-150.3660271815621,523.59
604,15,4,67.24865603954403,-150.36604084194042,523.288
605,15,5,58.24071569418608,-150.36604084194042,522.465
606,15,6,49.23621093398064,-150.36604084194042,521.314
607,15,7,40.23520323063024,-150.36604084194042,520.063
608,15,8,31.237713074702405,-150.36604084194042,518.952
609,15,9,22.24371656053503,-150.36604084194042,518.204
610,15,10,13.253170145672158,-150.36604084194042,518.003
611,15,11,4.265948752274612,-150.36604084194042,518.474
612,15,12,-4.7181064215558095,-150.36604084194042,519.665
613,15,13,-13.69924297017652,-150.36604084194042,521.546
614,15,14,-22.67778874266768,-150.36604084194042,524.004
615,15,15,-31.65413946311433,-150.36604084194042,526.858
616,15,16,-40.62879288155223,-150.36604084194042,529.869
617,15,17,-49.60230224330415,-150.36604084194042,532.768
618,15,18,-58.575353982381685,-150.36604084194042,535.277
619,15,19,-67.54863111770182,-150.36605450231878,537.139
620,15,20,-76.52287130969493,-150.36605450231878,538.14
621,15,21,-85.4988531999264,-150.36608182307546,538.133
622,15,22,-85.52270422050809,29.633988072677997,537.053
623,15,23,-76.5411215751572,29.633967582110486,534.927
624,15,24,-67.5558096465195,29.633964167015904,531.869
625,15,25,-58.566235679839714,29.633960751921318,528.075
626,15,26,-49.57212988264562,29.633960751921318,523.808
627,15,27,-40.57321904737042,29.633957336826732,519.37
628,15,28,-31.569503174014116,29.633957336826732,515.077
629,15,29,-22.56111374371823,29.633957336826732,511.235
630,15,30,-13.548344454617075,29.633957336826732,508.108
631,15,31,-4.531630304383414,29.633957336826732,505.897
632,15,32,4.488472900339042,29.633957336826732,504.721
633,15,33,13.511316291579144,29.633957336826732,504.611
634,15,34,22.536163062680174,29.633957336826732,505.505
635,15,35,31.562328060291016,29.633953921732147,507.26
636,15,36,40.589048010771926,29.633953921732147,509.663
637,15,37,49.61561086690192,29.633953921732147,512.453
638,15,38,58.641367760709855,29.633953921732147,515.353
639,15,39,67.66571422045418,29.63395050663756,518.088
640,16,0,72.17719077103101,38.63395417217996,519.319
641,16,1,81.19850462678384,38.63394392689621,521.38
642,16,2,89.78270686622338,-141.3653814782377,522.797
643,16,3,80.766754708969,-141.36602351601968,523.502
644,16,4,71.75387613684113,-141.36603717639804,523.514
645,16,5,62.744262395136516,-141.36603717639804,522.93
646,16,6,53.73802959707106,-141.36603717639804,521.917
647,16,7,44.73526995019856,-141.36603717639804,520.686
648,16,8,35.73601419037028,-141.36603717639804,519.476
649,16,9,26.74027939305913,-141.36603717639804,518.52
650,16,10,17.748016039393644,-141.36603717639804,518.026
651,16,11,8.759152412387534,-141.36603717639804,518.15
652,16,12,-0.22646404663761707,-141.36603717639804,518.98
653,16,13,-9.209032213580533,-141.36603717639804,520.525
654,16,14,-18.188817665406052,-141.36603717639804,522.713
655,16,15,-27.166209989701127,-141.36603717639804,525.395
656,16,16,-36.14164546479899,-141.36603717639804,528.36
657,16,17,-45.11564318507657,-141.36603717639804,531.35
658,16,18,-54.088845188315844,-141.36603717639804,534.088
659,16,19,-63.061914002866295,-141.36605083677637,536.304
660,16,20,-72.0355872891583,-141.36605083677637,537.758
661,16,21,-81.01059929252763,-141.36605083677637,538.269
662,16,22,-89.98772182435049,-141.37773046025708,537.728
663,16,23,-81.03234661484494,38.63397466274748,536.116
664,16,24,-72.04896079955319,38.633967832558305,533.504
665,16,25,-63.06158615378614,38.633964417463716,530.049
666,16,26,-54.06975822468024,38.633964417463716,525.983
667,16,27,-45.07327552165498,38.633964417463716,521.59
668,16,28,-36.07195704469735,38.633961002369134,517.185
669,16,29,-27.065877925888223,38.633961002369134,513.082
670,16,30,-18.05525160863916,38.633961002369134,509.568
671,16,31,-9.040447776938986,38.633961002369134,506.879
672,16,32,-0.021963225330696428,38.633961002369134,505.175
673,16,33,8.999595561739493,38.633961002369134,504.534
674,16,34,18.02351854975528,38.633961002369134,504.94
675,16,35,27.049130302043352,38.63395758727455,506.287
676,16,36,36.07566242232208,38.63395758727455,508.396
677,16,37,45.102392618086746,38.63395758727455,511.027
678,16,38,54.12862762513658,38.63395758727455,513.907
679,16,39,63.15375272644629,38.63395417217996,516.757
680,17,0,76.68814139704173,47.63394076224944,520.423
681,17,1,85.70823947912231,47.63391685658735,522.175
682,17,2,85.27435854228642,-132.3660198504773,523.239
683,17,3,76.25992268702778,-132.36603351085563,523.59
684,17,4,67.24865603954403,-132.36604717123396,523.288
685,17,5,58.24071569418608,-132.36604717123396,522.465
686,17,6,49.23621093398064,-132.36604717123396,521.314
687,17,7,40.23520323063024,-132.36604717123396,520.063
688,17,8,31.237713074702405,-132.36604717123396,518.952
689,17,9,22.24371656053503,-132.36604717123396,518.204
690,17,10,13.253170145672158,-132.36604717123396,518.003
691,17,11,4.265948752274612,-132.36604717123396,518.474
692,17,12,-4.7181064215558095,-132.36604717123396,519.665
693,17,13,-13.69924297017652,-132.36604717123396,521.546
694,17,14,-22.67778874266768,-132.36604717123396,524.004
695,17,15,-31.65413946311433,-132.36604717123396,526.858
696,17,16,-40.62879288155223,-132.36604717123396,529.869
697,17,17,-49.60230224330415,-132.36604717123396,532.768
698,17,18,-58.575353982381685,-132.36604717123396,535.277
699,17,19,-67.54863111770182,-132.36606083161232,537.139
700,17,20,-76.52287130969493,-132.36606083161232,538.14
701,17,21,-85.4988531999264,-132.366088152369,538.133
702,17,22,-85.52270422050809,47.63398174338446,537.053
703,17,23,-76.5411215751572,47.63396125281695,534.927
704,17,24,-67.5558096465195,47.63395783772236,531.869
705,17,25,-58.566235679839714,47.63395442262778,528.075
706,17,26,-49.57212988264562,47.63395442262778,523.808
707,17,27,-40.57321904737042,47.6339510075332,519.37
708,17,28,-31.569503174014116,47.6339510075332,515.077
709,17,29,-22.56111374371823,47.6339510075332,511.235
710,17,30,-13.548344454617075,47.6339510075332,508.108
711,17,31,-4.531630304383414,47.6339510075332,505.897
712,17,32,4.488472900339042,47.6339510075332,504.721
713,17,33,13.511316291579144,47.6339510075332,504.611
714,17,34,22.536163062680174,47.6339510075332,505.505
715,17,35,31.562328060291016,47.63394759243861,507.26
716,17,36,40.589048010771926,47.63394759243861,509.663
717,17,37,49.61561086690192,47.63394759243861,512.453
718,17,38,58.641367760709855,47.63394759243861,515.353
719,17,39,67.66571422045418,47.63394417734403,518.088
720,18,0,72.17719077103101,56.63394784288643,519.319
721,18,1,81.19850462678384,56.633937597602674,521.38
722,18,2,89.78270686622338,-123.36538780753125,522.797
723,18,3,80.766754708969,-123.36602984531322,523.502
724,18,4,71.75387613684113,-123.36604350569156,523.514
725,18,5,62.744262395136516,-123.36604350569156,522.93
726,18,6,53.73802959707106,-123.36604350569156,521.917
727,18,7,44.73526995019856,-123.36604350569156,520.686
728,18,8,35.73601419037028,-123.36604350569156,519.476
729,18,9,26.74027939305913,-123.36604350569156,518.52
730,18,10,17.748016039393644,-123.36604350569156,518.026
731,18,11,8.759152412387534,-123.36604350569156,518.15
732,18,12,-0.22646404663761707,-123.36604350569156,518.98
733,18,13,-9.209032213580533,-123.36604350569156,520.525
734,18,14,-18.188817665406052,-123.36604350569156,522.713
735,18,15,-27.166209989701127,-123.36604350569156,525.395
736,18,16,-36.14164546479899,-123.36604350569156,528.36
737,18,17,-45.11564318507657,-123.36604350569156,531.35
738,18,18,-54.088845188315844,-123.36604350569156,534.088
739,18,19,-63.061914002866295,-123.36605716606991,536.304
740,18,20,-72.0355872891583,-123.36605716606991,537.758
741,18,21,-81.01059929252763,-123.36605716606991,538.269
742,18,22,-89.98772182435049,-123.37773678955062,537.728
743,18,23,-81.03234661484494,56.633968333453936,536.116
744,18,24,-72.04896079955319,56.633961503264764,533.504
745,18,25,-63.06158615378614,56.63395808817018,530.049
746,18,26,-54.06975822468024,56.63395808817018,525.983
747,18,27,-45.07327552165498,56.63395808817018,521.59
748,18,28,-36.07195704469735,56.6339546730756,517.185
749,18,29,-27.065877925888223,56.6339546730756,513.082
750,18,30,-18.05525160863916,56.6339546730756,509.568
751,18,31,-9.040447776938986,56.6339546730756,506.879
752,18,32,-0.021963225330696428,56.6339546730756,505.175
753,18,33,8.999595561739493,56.6339546730756,504.534
754,18,34,18.02351854975528,56.6339546730756,504.94
755,18,35,27.049130302043352,56.63395125798101,506.287
756,18,36,36.07566242232208,56.63395125798101,508.396
757,18,37,45.102392618086746,56.63395125798101,511.027
758,18,38,54.12862762513658,56.63395125798101,513.907
759,18,39,63.15375272644629,56.63394784288643,516.757
760,19,0,76.68814139704173,65.63394467823966,520.423
761,19,1,85.70823947912231,65.63392418767215,522.175
762,19,2,85.27435854228642,-114.36601251939248,523.239
763,19,3,76.25992268702778,-114.36603300995999,523.59
764,19,4,67.24865603954403,-114.36603300995999,523.288
765,19,5,58.24071569418608,-114.36603984014917,522.465
766,19,6,49.23621093398064,-114.36603984014917,521.314
767,19,7,40.23520323063024,-114.36603984014917,520.063
768,19,8,31.237713074702405,-114.36603984014917,518.952
769,19,9,22.24371656053503,-114.36603984014917,518.204
770,19,10,13.253170145672158,-114.36603984014917,518.003
771,19,11,4.265948752274612,-114.36603984014917,518.474
772,19,12,-4.7181064215558095,-114.36603984014917,519.665
773,19,13,-13.69924297017652,-114.36603984014917,521.546
774,19,14,-22.67778874266768,-114.36604667033833,524.004
775,19,15,-31.65413946311433,-114.36604667033833,526.858
776,19,16,-40.62879288155223,-114.36604667033833,529.869
777,19,17,-49.60230224330415,-114.36604667033833,532.768
778,19,18,-58.575353982381685,-114.36604667033833,535.277
779,19,19,-67.54863111770182,-114.36604667033833,537.139
780,19,20,-76.52287130969493,-114.3660535005275,538.14
781,19,21,-85.4988531999264,-114.36607399109502,538.133
782,19,22,-85.52270422050809,65.63399248956385,537.053
783,19,23,-76.5411215751572,65.63396516880717,534.927
784,19,24,-67.5558096465195,65.63396516880717,531.869
785,19,25,-58.566235679839714,65.63396516880717,528.075
786,19,26,-49.57212988264562,65.633958338618,523.808
787,19,27,-40.57321904737042,65.633958338618,519.37
788,19,28,-31.569503174014116,65.633958338618,515.077
789,19,29,-22.56111374371823,65.633958338618,511.235
790,19,30,-13.548344454617075,65.633958338618,508.108
791,19,31,-4.531630304383414,65.633958338618,505.897
792,19,32,4.488472900339042,65.633958338618,504.721
793,19,33,13.511316291579144,65.633958338618,504.611
794,19,34,22.536163062680174,65.633958338618,505.505
795,19,35,31.562328060291016,65.633958338618,507.26
796,19,36,40.589048010771926,65.633958338618,509.663
797,19,37,49.61561086690192,65.63395150842882,512.453
798,19,38,58.641367760709855,65.63395150842882,515.353
799,19,39,67.66571422045418,65.63395150842882,518.088
800,20,0,72.17719077103101,74.63395517397123,519.319
801,20,1,81.19850462678384,74.63394834378207,521.38
802,20,2,89.78270686622338,-105.36538047644645,522.797
803,20,3,80.766754708969,-105.36602251422842,523.502
804,20,4,71.75387613684113,-105.3660293444176,523.514
805,20,5,62.744262395136516,-105.36603617460676,522.93
806,20,6,53.73802959707106,-105.36603617460676,521.917
807,20,7,44.73526995019856,-105.36603617460676,520.686
808,20,8,35.73601419037028,-105.36603617460676,519.476
809,20,9,26.74027939305913,-105.36603617460676,518.52
810,20,10,17.748016039393644,-105.36603617460676,518.026
811,20,11,8.759152412387534,-105.36603617460676,518.15
812,20,12,-0.22646404663761707,-105.36603617460676,518.98
813,20,13,-9.209032213580533,-105.36603617460676,520.525
814,20,14,-18.188817665406052,-105.36603617460676,522.713
815,20,15,-27.166209989701127,-105.36604300479593,525.395
816,20,16,-36.14164546479899,-105.36604300479593,528.36
817,20,17,-45.11564318507657,-105.36604300479593,531.35
818,20,18,-54.088845188315844,-105.36604300479593,534.088
819,20,19,-63.061914002866295,-105.36604300479593,536.304
820,20,20,-72.0355872891583,-105.36604300479593,537.758
821,20,21,-81.01059929252763,-105.36605666517427,538.269
822,20,22,-89.98772182435049,-105.37772945846582,537.728
823,20,23,-81.03234661484494,74.63397566453874,536.116
824,20,24,-72.04896079955319,74.63396883434957,533.504
825,20,25,-63.06158615378614,74.63396883434957,530.049
826,20,26,-54.06975822468024,74.6339620041604,525.983
827,20,27,-45.07327552165498,74.6339620041604,521.59
828,20,28,-36.07195704469735,74.6339620041604,517.185
829,20,29,-27.065877925888223,74.6339620041604,513.082
830,20,30,-18.05525160863916,74.6339620041604,509.568
831,20,31,-9.040447776938986,74.6339620041604,506.879
832,20,32,-0.021963225330696428,74.6339620041604,505.175
833,20,33,8.999595561739493,74.6339620041604,504.534
834,20,34,18.02351854975528,74.6339620041604,504.94
835,20,35,27.049130302043352,74.6339620041604,506.287
836,20,36,36.07566242232208,74.6339620041604,508.396
837,20,37,45.102392618086746,74.6339620041604,511.027
838,20,38,54.12862762513658,74.63395517397123,513.907
839,20,39,63.15375272644629,74.63395517397123,516.757
840,21,0,76.68814139704173,83.63393834894612,520.423
841,21,1,85.70823947912231,83.63391785837861,522.175
842,21,2,85.27435854228642,-96.36601884868602,523.239
843,21,3,76.25992268702778,-96.36603933925353,523.59
844,21,4,67.24865603954403,-96.36603933925353,523.288
845,21,5,58.24071569418608,-96.3660461694427,522.465
846,21,6,49.23621093398064,-96.3660461694427,521.314
847,21,7,40.23520323063024,-96.3660461694427,520.063
848,21,8,31.237713074702405,-96.3660461694427,518.952
849,21,9,22.24371656053503,-96.3660461694427,518.204
850,21,10,13.253170145672158,-96.3660461694427,518.003
851,21,11,4.265948752274612,-96.3660461694427,518.474
852,21,12,-4.7181064215558095,-96.3660461694427,519.665
853,21,13,-13.69924297017652,-96.3660461694427,521.546
854,21,14,-22.67778874266768,-96.36605299963188,524.004
855,21,15,-31.65413946311433,-96.36605299963188,526.858
856,21,16,-40.62879288155223,-96.36605299963188,529.869
857,21,17,-49.60230224330415,-96.36605299963188,532.768
858,21,18,-58.575353982381685,-96.36605299963188,535.277
859,21,19,-67.54863111770182,-96.36605299963188,537.139
860,21,20,-76.52287130969493,-96.36605982982104,538.14
861,21,21,-85.4988531999264,-96.36608032038855,538.133
862,21,22,-85.52270422050809,83.63398616027031,537.053
863,21,23,-76.5411215751572,83.63395883951364,534.927
864,21,24,-67.5558096465195,83.63395883951364,531.869
865,21,25,-58.566235679839714,83.63395883951364,528.075
866,21,26,-49.57212988264562,83.63395200932446,523.808
867,21,27,-40.57321904737042,83.63395200932446,519.37
868,21,28,-31.569503174014116,83.63395200932446,515.077
869,21,29,-22.56111374371823,83.63395200932446,511.235
870,21,30,-13.548344454617075,83.63395200932446,508.108
871,21,31,-4.531630304383414,83.63395200932446,505.897
872,21,32,4.488472900339042,83.63395200932446,504.721
873,21,33,13.511316291579144,83.63395200932446,504.611
874,21,34,22.536163062680174,83.63395200932446,505.505
875,21,35,31.562328060291016,83.63395200932446,507.26
876,21,36,40.589048010771926,83.63395200932446,509.663
877,21,37,49.61561086690192,83.6339451791353,512.453
878,21,38,58.641367760709855,83.6339451791353,515.353
879,21,39,67.66571422045418,83.6339451791353,518.088
880,22,0,72.17719077103101,92.63394884467769,519.319
881,22,1,81.19850462678384,92.63394201448853,521.38
882,22,2,89.78270686622338,-87.36538680573997,522.797
883,22,3,80.766754708969,-87.36602884352196,523.502
884,22,4,71.75387613684113,-87.36603567371112,523.514
885,22,5,62.744262395136516,-87.3660425039003,522.93
886,22,6,53.73802959707106,-87.3660425039003,521.917
887,22,7,44.73526995019856,-87.3660425039003,520.686
888,22,8,35.73601419037028,-87.3660425039003,519.476
889,22,9,26.74027939305913,-87.3660425039003,518.52
890,22,10,17.748016039393644,-87.3660425039003,518.026
891,22,11,8.759152412387534,-87.3660425039003,518.15
892,22,12,-0.22646404663761707,-87.3660425039003,518.98
893,22,13,-9.209032213580533,-87.3660425039003,520.525
894,22,14,-18.188817665406052,-87.3660425039003,522.713
895,22,15,-27.166209989701127,-87.36604933408947,525.395
896,22,16,-36.14164546479899,-87.36604933408947,528.36
897,22,17,-45.11564318507657,-87.36604933408947,531.35
898,22,18,-54.088845188315844,-87.36604933408947,534.088
899,22,19,-63.061914002866295,-87.36604933408947,536.304
900,22,20,-72.0355872891583,-87.36604933408947,537.758
901,22,21,-81.01059929252763,-87.36606299446781,538.269
902,22,22,-89.98772182435049,-87.37773578775936,537.728
903,22,23,-81.03234661484494,92.6339693352452,536.116
904,22,24,-72.04896079955319,92.63396250505603,533.504
905,22,25,-63.06158615378614,92.63396250505603,530.049
906,22,26,-54.06975822468024,92.63395567486687,525.983
907,22,27,-45.07327552165498,92.63395567486687,521.59
908,22,28,-36.07195704469735,92.63395567486687,517.185
909,22,29,-27.065877925888223,92.63395567486687,513.082
910,22,30,-18.05525160863916,92.63395567486687,509.568
911,22,31,-9.040447776938986,92.63395567486687,506.879
912,22,32,-0.021963225330696428,92.63395567486687,505.175
913,22,33,8.999595561739493,92.63395567486687,504.534
914,22,34,18.02351854975528,92.63395567486687,504.94
915,22,35,27.049130302043352,92.63395567486687,506.287
916,22,36,36.07566242232208,92.63395567486687,508.396
917,22,37,45.102392618086746,92.63395567486687,511.027
918,22,38,54.12862762513658,92.63394884467769,513.907
919,22,39,63.15375272644629,92.63394884467769,516.757
920,23,0,76.68814139704173,101.63394568003092,520.423
921,23,1,85.70823947912231,101.63392518946341,522.175
922,23,2,85.27435854228642,-78.36601151760122,523.239
923,23,3,76.25992268702778,-78.36603200816873,523.59
924,23,4,67.24865603954403,-78.36603200816873,523.288
925,23,5,58.24071569418608,-78.3660388383579,522.465
926,23,6,49.23621093398064,-78.3660388383579,521.314
927,23,7,40.23520323063024,-78.3660388383579,520.063
928,23,8,31.237713074702405,-78.3660388383579,518.952
929,23,9,22.24371656053503,-78.3660388383579,518.204
930,23,10,13.253170145672158,-78.3660388383579,518.003
931,23,11,4.265948752274612,-78.3660388383579,518.474
932,23,12,-4.7181064215558095,-78.3660388383579,519.665
933,23,13,-13.69924297017652,-78.3660388383579,521.546
934,23,14,-22.67778874266768,-78.36604566854707,524.004
935,23,15,-31.65413946311433,-78.36604566854707,526.858
936,23,16,-40.62879288155223,-78.36604566854707,529.869
937,23,17,-49.60230224330415,-78.36604566854707,532.768
938,23,18,-58.575353982381685,-78.36604566854707,535.277
939,23,19,-67.54863111770182,-78.36604566854707,537.139
940,23,20,-76.52287130969493,-78.36605249873624,538.14
941,23,21,-85.4988531999264,-78.36607298930375,538.133
942,23,22,-85.52270422050809,101.63399349135511,537.053
943,23,23,-76.5411215751572,101.63396617059844,534.927
944,23,24,-67.5558096465195,101.63396617059844,531.869
945,23,25,-58.566235679839714,101.63396617059844,528.075
946,23,26,-49.57212988264562,101.63395934040926,523.808
947,23,27,-40.57321904737042,101.63395934040926,519.37
948,23,28,-31.569503174014116,101.63395934040926,515.077
949,23,29,-22.56111374371823,101.63395934040926,511.235
950,23,30,-13.548344454617075,101.63395934040926,508.108
951,23,31,-4.531630304383414,101.63395934040926,505.897
952,23,32,4.488472900339042,101.63395934040926,504.721
953,23,33,13.511316291579144,101.63395934040926,504.611
954,23,34,22.536163062680174,101.63395934040926,505.505
955,23,35,31.562328060291016,101.63395934040926,507.26
956,23,36,40.589048010771926,101.63395934040926,509.663
957,23,37,49.61561086690192,101.6339525102201,512.453
958,23,38,58.641367760709855,101.6339525102201,515.353
959,23,39,67.66571422045418,101.6339525102201,518.088
960,24,0,72.17719077103101,110.63395617576249,519.319
961,24,1,81.19850462678384,110.63394934557333,521.38
962,24,2,89.78270686622338,-69.36537947465517,522.797
963,24,3,80.766754708969,-69.36602151243716,523.502
964,24,4,71.75387613684113,-69.36602834262632,523.514
965,24,5,62.744262395136516,-69.3660351728155,522.93
966,24,6,53.73802959707106,-69.3660351728155,521.917
967,24,7,44.73526995019856,-69.3660351728155,520.686
968,24,8,35.73601419037028,-69.3660351728155,519.476
969,24,9,26.74027939305913,-69.3660351728155,518.52
970,24,10,17.748016039393644,-69.3660351728155,518.026
971,24,11,8.759152412387534,-69.3660351728155,518.15
972,24,12,-0.22646404663761707,-69.3660351728155,518.98
973,24,13,-9.209032213580533,-69.3660351728155,520.525
974,24,14,-18.188817665406052,-69.3660351728155,522.713
975,24,15,-27.166209989701127,-69.36604200300467,525.395
976,24,16,-36.14164546479899,-69.36604200300467,528.36
977,24,17,-45.11564318507657,-69.36604200300467,531.35
978,24,18,-54.088845188315844,-69.36604200300467,534.088
979,24,19,-63.061914002866295,-69.36604200300467,536.304
980,24,20,-72.0355872891583,-69.36604200300467,537.758
981,24,21,-81.01059929252763,-69.36605566338301,538.269
982,24,22,-89.98772182435049,-69.37772845667456,537.728
983,24,23,-81.03234661484494,110.63397666633001,536.116
984,24,24,-72.04896079955319,110.63396983614084,533.504
985,24,25,-63.06158615378614,110.63396983614084,530.049
986,24,26,-54.06975822468024,110.63396300595167,525.983
987,24,27,-45.07327552165498,110.63396300595167,521.59
988,24,28,-36.07195704469735,110.63396300595167,517.185
989,24,29,-27.065877925888223,110.63396300595167,513.082
990,24,30,-18.05525160863916,110.63396300595167,509.568
991,24,31,-9.040447776938986,110.63396300595167,506.879
992,24,32,-0.021963225330696428,110.63396300595167,505.175
993,24,33,8.999595561739493,110.63396300595167,504.534
994,24,34,18.02351854975528,110.63396300595167,504.94
995,24,35,27.049130302043352,110.63396300595167,506.287
996,24,36,36.07566242232208,110.63396300595167,508.396
997,24,37,45.102392618086746,110.63396300595167,511.027
998,24,38,54.12862762513658,110.63395617576249,513.907
999,24,39,63.15375272644629,110.63395617576249,516.757
1000,25,0,76.68814139704173,119.63394618092656,520.423
1001,25,1,85.70823947912231,119.63391886016989,522.175
1002,25,2,85.27435854228642,-60.366017846894756,523.239
1003,25,3,76.25992268702778,-60.366038337462264,523.59
1004,25,4,67.24865603954403,-60.366038337462264,523.288
1005,25,5,58.24071569418608,-60.366045167651436,522.465
1006,25,6,49.23621093398064,-60.366045167651436,521.314
1007,25,7,40.23520323063024,-60.366045167651436,520.063
1008,25,8,31.237713074702405,-60.366045167651436,518.952
1009,25,9,22.24371656053503,-60.366045167651436,518.204
1010,25,10,13.253170145672158,-60.366045167651436,518.003
1011,25,11,4.265948752274612,-60.366045167651436,518.474
1012,25,12,-4.7181064215558095,-60.366045167651436,519.665
1013,25,13,-13.69924297017652,-60.366045167651436,521.546
1014,25,14,-22.67778874266768,-60.36605199784061,524.004
1015,25,15,-31.65413946311433,-60.36605199784061,526.858
1016,25,16,-40.62879288155223,-60.36605199784061,529.869
1017,25,17,-49.60230224330415,-60.36605199784061,532.768
1018,25,18,-58.575353982381685,-60.36605199784061,535.277
1019,25,19,-67.54863111770182,-60.36605199784061,537.139
1020,25,20,-76.52287130969493,-60.36605882802977,538.14
1021,25,21,-85.4988531999264,-60.366079318597286,538.133
1022,25,22,-85.52270422050809,119.63398716206157,537.053
1023,25,23,-76.5411215751572,119.6339598413049,534.927
1024,25,24,-67.5558096465195,119.6339598413049,531.869
1025,25,25,-58.566235679839714,119.6339598413049,528.075
1026,25,26,-49.57212988264562,119.6339598413049,523.808
1027,25,27,-40.57321904737042,119.6339598413049,519.37
1028,25,28,-31.569503174014116,119.6339598413049,515.077
1029,25,29,-22.56111374371823,119.6339598413049,511.235
1030,25,30,-13.548344454617075,119.6339598413049,508.108
1031,25,31,-4.531630304383414,119.63394618092656,505.897
1032,25,32,4.488472900339042,119.63394618092656,504.721
1033,25,33,13.511316291579144,119.63394618092656,504.611
1034,25,34,22.536163062680174,119.63394618092656,505.505
1035,25,35,31.562328060291016,119.63394618092656,507.26
1036,25,36,40.589048010771926,119.63394618092656,509.663
1037,25,37,49.61561086690192,119.63394618092656,512.453
1038,25,38,58.641367760709855,119.63394618092656,515.353
1039,25,39,67.66571422045418,119.63394618092656,518.088
1040,26,0,72.17719077103101,128.6339635068473,519.319
1041,26,1,81.19850462678384,128.63394984646897,521.38
1042,26,2,89.78270686622338,-51.36536872847579,522.797
1043,26,3,80.766754708969,-51.366014181352355,523.502
1044,26,4,71.75387613684113,-51.36602101154152,523.514
1045,26,5,62.744262395136516,-51.36602442663611,522.93
1046,26,6,53.73802959707106,-51.36602784173069,521.917
1047,26,7,44.73526995019856,-51.36602784173069,520.686
1048,26,8,35.73601419037028,-51.36602784173069,519.476
1049,26,9,26.74027939305913,-51.36602784173069,518.52
1050,26,10,17.748016039393644,-51.36602784173069,518.026
1051,26,11,8.759152412387534,-51.36603125682528,518.15
1052,26,12,-0.22646404663761707,-51.36603125682528,518.98
1053,26,13,-9.209032213580533,-51.36603125682528,520.525
1054,26,14,-18.188817665406052,-51.36603125682528,522.713
1055,26,15,-27.166209989701127,-51.36603125682528,525.395
1056,26,16,-36.14164546479899,-51.36603125682528,528.36
1057,26,17,-45.11564318507657,-51.36603125682528,531.35
1058,26,18,-54.088845188315844,-51.36603467191986,534.088
1059,26,19,-63.061914002866295,-51.36603467191986,536.304
1060,26,20,-72.0355872891583,-51.366038087014445,537.758
1061,26,21,-81.01059929252763,-51.36604491720362,538.269
1062,26,22,-89.98772182435049,-51.37772454068434,537.728
1063,26,23,-81.03234661484494,128.63399082760398,536.116
1064,26,24,-72.04896079955319,128.63397716722565,533.504
1065,26,25,-63.06158615378614,128.63397716722565,530.049
1066,26,26,-54.06975822468024,128.63397716722565,525.983
1067,26,27,-45.07327552165498,128.63397716722565,521.59
1068,26,28,-36.07195704469735,128.63397716722565,517.185
1069,26,29,-27.065877925888223,128.63397716722565,513.082
1070,26,30,-18.05525160863916,128.63397716722565,509.568
1071,26,31,-9.040447776938986,128.6339635068473,506.879
1072,26,32,-0.021963225330696428,128.6339635068473,505.175
1073,26,33,8.999595561739493,128.6339635068473,504.534
1074,26,34,18.02351854975528,128.6339635068473,504.94
1075,26,35,27.049130302043352,128.6339635068473,506.287
1076,26,36,36.07566242232208,128.6339635068473,508.396
1077,26,37,45.102392618086746,128.6339635068473,511.027
1078,26,38,54.12862762513658,128.6339635068473,513.907
1079,26,39,63.15375272644629,128.6339635068473,516.757
1080,27,0,76.68814139704173,137.63393985163302,520.423
1081,27,1,85.70823947912231,137.63391253087633,522.175
1082,27,2,85.27435854228642,-42.36602417618829,523.239
1083,27,3,76.25992268702778,-42.3660446667558,523.59
1084,27,4,67.24865603954403,-42.36604808185039,523.288
1085,27,5,58.24071569418608,-42.36605149694497,522.465
1086,27,6,49.23621093398064,-42.36605149694497,521.314
1087,27,7,40.23520323063024,-42.36605149694497,520.063
1088,27,8,31.237713074702405,-42.36605149694497,518.952
1089,27,9,22.24371656053503,-42.36605149694497,518.204
1090,27,10,13.253170145672158,-42.36605491203956,518.003
1091,27,11,4.265948752274612,-42.36605491203956,518.474
1092,27,12,-4.7181064215558095,-42.36605491203956,519.665
1093,27,13,-13.69924297017652,-42.36605491203956,521.546
1094,27,14,-22.67778874266768,-42.36605491203956,524.004
1095,27,15,-31.65413946311433,-42.36605491203956,526.858
1096,27,16,-40.62879288155223,-42.36605491203956,529.869
1097,27,17,-49.60230224330415,-42.36605832713414,532.768
1098,27,18,-58.575353982381685,-42.36605832713414,535.277
1099,27,19,-67.54863111770182,-42.36605832713414,537.139
1100,27,20,-76.52287130969493,-42.36606515732331,538.14
1101,27,21,-85.4988531999264,-42.36608564789082,538.133
1102,27,22,-85.52270422050809,137.63398083276803,537.053
1103,27,23,-76.5411215751572,137.63395351201137,534.927
1104,27,24,-67.5558096465195,137.63395351201137,531.869
1105,27,25,-58.566235679839714,137.63395351201137,528.075
1106,27,26,-49.57212988264562,137.63395351201137,523.808
1107,27,27,-40.57321904737042,137.63395351201137,519.37
1108,27,28,-31.569503174014116,137.63395351201137,515.077
1109,27,29,-22.56111374371823,137.63395351201137,511.235
1110,27,30,-13.548344454617075,137.63395351201137,508.108
1111,27,31,-4.531630304383414,137.63393985163302,505.897
1112,27,32,4.488472900339042,137.63393985163302,504.721
1113,27,33,13.511316291579144,137.63393985163302,504.611
1114,27,34,22.536163062680174,137.63393985163302,505.505
1115,27,35,31.562328060291016,137.63393985163302,507.26
1116,27,36,40.589048010771926,137.63393985163302,509.663
1117,27,37,49.61561086690192,137.63393985163302,512.453
1118,27,38,58.641367760709855,137.63393985163302,515.353
1119,27,39,67.66571422045418,137.63393985163302,518.088
1120,28,0,72.17719077103101,146.63394351717542,519.319
1121,28,1,81.19850462678384,146.6339298567971,521.38
1122,28,2,89.78270686622338,-33.36538871814766,522.797
1123,28,3,80.766754708969,-33.36603417102423,523.502
1124,28,4,71.75387613684113,-33.3660410012134,523.514
1125,28,5,62.744262395136516,-33.366044416307986,522.93
1126,28,6,53.73802959707106,-33.36604783140257,521.917
1127,28,7,44.73526995019856,-33.36604783140257,520.686
1128,28,8,35.73601419037028,-33.36604783140257,519.476
1129,28,9,26.74027939305913,-33.36604783140257,518.52
1130,28,10,17.748016039393644,-33.36604783140257,518.026
1131,28,11,8.759152412387534,-33.36605124649716,518.15
1132,28,12,-0.22646404663761707,-33.36605124649716,518.98
1133,28,13,-9.209032213580533,-33.36605124649716,520.525
1134,28,14,-18.188817665406052,-33.36605124649716,522.713
1135,28,15,-27.166209989701127,-33.36605124649716,525.395
1136,28,16,-36.14164546479899,-33.36605124649716,528.36
1137,28,17,-45.11564318507657,-33.36605124649716,531.35
1138,28,18,-54.088845188315844,-33.36605466159174,534.088
1139,28,19,-63.061914002866295,-33.36605466159174,536.304
1140,28,20,-72.0355872891583,-33.36605807668632,537.758
1141,28,21,-81.01059929252763,-33.36606490687549,538.269
1142,28,22,-89.98772182435049,-33.37774453035622,537.728
1143,28,23,-81.03234661484494,146.6339708379321,536.116
1144,28,24,-72.04896079955319,146.63395717755375,533.504
1145,28,25,-63.06158615378614,146.63395717755375,530.049
1146,28,26,-54.06975822468024,146.63395717755375,525.983
1147,28,27,-45.07327552165498,146.63395717755375,521.59
1148,28,28,-36.07195704469735,146.63395717755375,517.185
1149,28,29,-27.065877925888223,146.63395717755375,513.082
1150,28,30,-18.05525160863916,146.63395717755375,509.568
1151,28,31,-9.040447776938986,146.63394351717542,506.879
1152,28,32,-0.021963225330696428,146.63394351717542,505.175
1153,28,33,8.999595561739493,146.63394351717542,504.534
1154,28,34,18.02351854975528,146.63394351717542,504.94
1155,28,35,27.049130302043352,146.63394351717542,506.287
1156,28,36,36.07566242232208,146.63394351717542,508.396
1157,28,37,45.102392618086746,146.63394351717542,511.027
1158,28,38,54.12862762513658,146.63394351717542,513.907
1159,28,39,63.15375272644629,146.63394351717542,516.757
1160,29,0,76.68814139704173,155.63394718271783,520.423
1161,29,1,85.70823947912231,155.63391986196115,522.175
1162,29,2,85.27435854228642,-24.366016845103488,523.239
1163,29,3,76.25992268702778,-24.366035628123704,523.59
1164,29,4,67.24865603954403,-24.36604075076558,523.288
1165,29,5,58.24071569418608,-24.366042458312876,522.465
1166,29,6,49.23621093398064,-24.366044165860167,521.314
1167,29,7,40.23520323063024,-24.366044165860167,520.063
1168,29,8,31.237713074702405,-24.36604587340746,518.952
1169,29,9,22.24371656053503,-24.36604587340746,518.204
1170,29,10,13.253170145672158,-24.36604587340746,518.003
1171,29,11,4.265948752274612,-24.36604587340746,518.474
1172,29,12,-4.7181064215558095,-24.366047580954753,519.665
1173,29,13,-13.69924297017652,-24.366047580954753,521.546
1174,29,14,-22.67778874266768,-24.366047580954753,524.004
1175,29,15,-31.65413946311433,-24.366047580954753,526.858
1176,29,16,-40.62879288155223,-24.366049288502044,529.869
1177,29,17,-49.60230224330415,-24.366049288502044,532.768
1178,29,18,-58.575353982381685,-24.36605099604934,535.277
1179,29,19,-67.54863111770182,-24.36605270359663,537.139
1180,29,20,-76.52287130969493,-24.366057826238507,538.14
1181,29,21,-85.4988531999264,-24.366078316806018,538.133
1182,29,22,-85.52270422050809,155.63398816385285,537.053
1183,29,23,-76.5411215751572,155.63396084309616,534.927
1184,29,24,-67.5558096465195,155.63396084309616,531.869
1185,29,25,-58.566235679839714,155.63396084309616,528.075
1186,29,26,-49.57212988264562,155.63396084309616,523.808
1187,29,27,-40.57321904737042,155.63396084309616,519.37
1188,29,28,-31.569503174014116,155.63396084309616,515.077
1189,29,29,-22.56111374371823,155.63396084309616,511.235
1190,29,30,-13.548344454617075,155.63396084309616,508.108
1191,29,31,-4.531630304383414,155.63394718271783,505.897
1192,29,32,4.488472900339042,155.63394718271783,504.721
1193,29,33,13.511316291579144,155.63394718271783,504.611
1194,29,34,22.536163062680174,155.63394718271783,505.505
1195,29,35,31.562328060291016,155.63394718271783,507.26
1196,29,36,40.589048010771926,155.63394718271783,509.663
1197,29,37,49.61561086690192,155.63394718271783,512.453
1198,29,38,58.641367760709855,155.63394718271783,515.353
1199,29,39,67.66571422045418,155.63394718271783,518.088
1200,30,0,72.17719077103101,164.63395084826024,519.319
1201,30,1,81.19850462678384,164.63393718788188,521.38
1202,30,2,89.78270686622338,-15.36538138706286,522.797
1203,30,3,80.766754708969,-15.366026839939426,523.502
1204,30,4,71.75387613684113,-15.366035377675889,523.514
1205,30,5,62.744262395136516,-15.366038792770473,522.93
1206,30,6,53.73802959707106,-15.366038792770473,521.917
1207,30,7,44.73526995019856,-15.366040500317766,520.686
1208,30,8,35.73601419037028,-15.366040500317766,519.476
1209,30,9,26.74027939305913,-15.366042207865059,518.52
1210,30,10,17.748016039393644,-15.366042207865059,518.026
1211,30,11,8.759152412387534,-15.366042207865059,518.15
1212,30,12,-0.22646404663761707,-15.366042207865059,518.98
1213,30,13,-9.209032213580533,-15.366043915412352,520.525
1214,30,14,-18.188817665406052,-15.366043915412352,522.713
1215,30,15,-27.166209989701127,-15.366043915412352,525.395
1216,30,16,-36.14164546479899,-15.366043915412352,528.36
1217,30,17,-45.11564318507657,-15.366045622959644,531.35
1218,30,18,-54.088845188315844,-15.366045622959644,534.088
1219,30,19,-63.061914002866295,-15.366047330506936,536.304
1220,30,20,-72.0355872891583,-15.366050745601521,537.758
1221,30,21,-81.01059929252763,-15.366059283337984,538.269
1222,30,22,-89.98772182435049,-15.37773549172412,537.728
1223,30,23,-81.03234661484494,164.6339781690169,536.116
1224,30,24,-72.04896079955319,164.63396450863857,533.504
1225,30,25,-63.06158615378614,164.63396450863857,530.049
1226,30,26,-54.06975822468024,164.63396450863857,525.983
1227,30,27,-45.07327552165498,164.63396450863857,521.59
1228,30,28,-36.07195704469735,164.63396450863857,517.185
1229,30,29,-27.065877925888223,164.63396450863857,513.082
1230,30,30,-18.05525160863916,164.63396450863857,509.568
1231,30,31,-9.040447776938986,164.63395084826024,506.879
1232,30,32,-0.021963225330696428,164.63395084826024,505.175
1233,30,33,8.999595561739493,164.63395084826024,504.534
1234,30,34,18.02351854975528,164.63395084826024,504.94
1235,30,35,27.049130302043352,164.63395084826024,506.287
1236,30,36,36.07566242232208,164.63395084826024,508.396
1237,30,37,45.102392618086746,164.63395084826024,511.027
1238,30,38,54.12862762513658,164.63395084826024,513.907
1239,30,39,63.15375272644629,164.63395084826024,516.757
1240,31,0,76.68814139704173,173.63395451380262,520.423
1241,31,1,85.70823947912231,173.63392719304596,522.175
1242,31,2,85.27435854228642,-6.366009087131861,523.239
1243,31,3,76.25992268702778,-6.366029150812548,523.59
1244,31,4,67.24865603954403,-6.36603341968078,523.288
1245,31,5,58.24071569418608,-6.366035127228072,522.465
1246,31,6,49.23621093398064,-6.366036407888541,521.314
1247,31,7,40.23520323063024,-6.366037261662187,520.063
1248,31,8,31.237713074702405,-6.366037688549011,518.952
1249,31,9,22.24371656053503,-6.366038115435834,518.204
1250,31,10,13.253170145672158,-6.366038542322657,518.003
1251,31,11,4.265948752274612,-6.36603896920948,518.474
1252,31,12,-4.7181064215558095,-6.366039396096303,519.665
1253,31,13,-13.69924297017652,-6.366039822983127,521.546
1254,31,14,-22.67778874266768,-6.3660402498699495,524.004
1255,31,15,-31.65413946311433,-6.366040676756772,526.858
1256,31,16,-40.62879288155223,-6.366041530530419,529.869
1257,31,17,-49.60230224330415,-6.366042384304065,532.768
1258,31,18,-58.575353982381685,-6.366043238077712,535.277
1259,31,19,-67.54863111770182,-6.366045372511827,537.139
1260,31,20,-76.52287130969493,-6.366049641380058,538.14
1261,31,21,-85.4988531999264,-6.3660709857212145,538.133
1262,31,22,-85.52270422050809,173.63399549493764,537.053
1263,31,23,-76.5411215751572,173.63396817418098,534.927
1264,31,24,-67.5558096465195,173.63396817418098,531.869
1265,31,25,-58.566235679839714,173.63396817418098,528.075
1266,31,26,-49.57212988264562,173.63396817418098,523.808
1267,31,27,-40.57321904737042,173.63396817418098,519.37
1268,31,28,-31.569503174014116,173.63396817418098,515.077
1269,31,29,-22.56111374371823,173.63396817418098,511.235
1270,31,30,-13.548344454617075,173.63396817418098,508.108
1271,31,31,-4.531630304383414,173.63395451380262,505.897
1272,31,32,4.488472900339042,173.63395451380262,504.721
1273,31,33,13.511316291579144,173.63395451380262,504.611
1274,31,34,22.536163062680174,173.63395451380262,505.505
1275,31,35,31.562328060291016,173.63395451380262,507.26
1276,31,36,40.589048010771926,173.63395451380262,509.663
1277,31,37,49.61561086690192,173.63395451380262,512.453
1278,31,38,58.641367760709855,173.63395451380262,515.353
1279,31,39,67.66571422045418,173.63395451380262,518.088
1280,32,0,72.17719077103101,-177.36603817818929,519.319
1281,32,1,81.19850462678384,-177.36605183856764,521.38
1282,32,2,89.78270686622338,2.634625303691709,522.797
1283,32,3,80.766754708969,2.6339798508151424,523.502
1284,32,4,71.75387613684113,2.6339719534089148,523.514
1285,32,5,62.744262395136516,2.6339691786445645,522.93
1286,32,6,53.73802959707106,2.6339678979840953,521.917
1287,32,7,44.73526995019856,2.6339668307670374,520.686
1288,32,8,35.73601419037028,2.6339661904368024,519.476
1289,32,9,26.74027939305913,2.6339657635499796,518.52
1290,32,10,17.748016039393644,2.6339651232197445,518.026
1291,32,11,8.759152412387534,2.6339646963329217,518.15
1292,32,12,-0.22646404663761707,2.63396448288951,518.98
1293,32,13,-9.209032213580533,2.633964056002687,520.525
1294,32,14,-18.188817665406052,2.633963629115864,522.713
1295,32,15,-27.166209989701127,2.6339632022290407,525.395
1296,32,16,-36.14164546479899,2.633962561898806,528.36
1297,32,17,-45.11564318507657,2.6339619215685715,531.35
1298,32,18,-54.088845188315844,2.6339608543515136,534.088
1299,32,19,-63.061914002866295,2.633959573691044,536.304
1300,32,20,-72.0355872891583,2.6339565854832823,537.758
1301,32,21,-81.01059929252763,2.633948474633643,538.269
1302,32,22,-89.98772182435049,2.6222709855870368,537.728
1303,32,23,-81.03234661484494,-177.36602451781096,536.116
1304,32,24,-72.04896079955319,-177.36602451781096,533.504
1305,32,25,-63.06158615378614,-177.36602451781096,530.049
1306,32,26,-54.06975822468024,-177.36603817818929,525.983
1307,32,27,-45.07327552165498,-177.36603817818929,521.59
1308,32,28,-36.07195704469735,-177.36603817818929,517.185
1309,32,29,-27.065877925888223,-177.36603817818929,513.082
1310,32,30,-18.05525160863916,-177.36603817818929,509.568
1311,32,31,-9.040447776938986,-177.36603817818929,506.879
1312,32,32,-0.021963225330696428,-177.36603817818929,505.175
1313,32,33,8.999595561739493,-177.36603817818929,504.534
1314,32,34,18.02351854975528,-177.36603817818929,504.94
1315,32,35,27.049130302043352,-177.36603817818929,506.287
1316,32,36,36.07566242232208,-177.36603817818929,508.396
1317,32,37,45.102392618086746,-177.36603817818929,511.027
1318,32,38,54.12862762513658,-177.36603817818929,513.907
1319,32,39,63.15375272644629,-177.36603817818929,516.757
1320,33,0,76.68814139704173,-168.36604817302523,520.423
1321,33,1,85.70823947912231,-168.36606183340356,522.175
1322,33,2,85.27435854228642,11.633998670839766,523.239
1323,33,3,76.25992268702778,11.633978180272255,523.59
1324,33,4,67.24865603954403,11.633973911404023,523.288
1325,33,5,58.24071569418608,11.63397220385673,522.465
1326,33,6,49.23621093398064,11.633971350083085,521.314
1327,33,7,40.23520323063024,11.63397049630944,520.063
1328,33,8,31.237713074702405,11.633969642535792,518.952
1329,33,9,22.24371656053503,11.633968788762147,518.204
1330,33,10,13.253170145672158,11.633968788762147,518.003
1331,33,11,4.265948752274612,11.633967934988501,518.474
1332,33,12,-4.7181064215558095,11.633967934988501,519.665
1333,33,13,-13.69924297017652,11.633967081214854,521.546
1334,33,14,-22.67778874266768,11.633967081214854,524.004
1335,33,15,-31.65413946311433,11.633966227441208,526.858
1336,33,16,-40.62879288155223,11.633966227441208,529.869
1337,33,17,-49.60230224330415,11.63396537366756,532.768
1338,33,18,-58.575353982381685,11.63396366612027,535.277
1339,33,19,-67.54863111770182,11.633961958572977,537.139
1340,33,20,-76.52287130969493,11.633957689704745,538.14
1341,33,21,-85.4988531999264,11.633936345363589,538.133
1342,33,22,-85.52270422050809,-168.36599353151186,537.053
1343,33,23,-76.5411215751572,-168.36602085226855,534.927
1344,33,24,-67.5558096465195,-168.36602085226855,531.869
1345,33,25,-58.566235679839714,-168.3660345126469,528.075
1346,33,26,-49.57212988264562,-168.3660345126469,523.808
1347,33,27,-40.57321904737042,-168.3660345126469,519.37
1348,33,28,-31.569503174014116,-168.3660345126469,515.077
1349,33,29,-22.56111374371823,-168.3660345126469,511.235
1350,33,30,-13.548344454617075,-168.3660345126469,508.108
1351,33,31,-4.531630304383414,-168.3660345126469,505.897
1352,33,32,4.488472900339042,-168.3660345126469,504.721
1353,33,33,13.511316291579144,-168.3660345126469,504.611
1354,33,34,22.536163062680174,-168.3660345126469,505.505
1355,33,35,31.562328060291016,-168.3660345126469,507.26
1356,33,36,40.589048010771926,-168.3660345126469,509.663
1357,33,37,49.61561086690192,-168.3660345126469,512.453
1358,33,38,58.641367760709855,-168.3660345126469,515.353
1359,33,39,67.66571422045418,-168.3660345126469,518.088
1360,34,0,72.17719077103101,-159.36605816786118,519.319
1361,34,1,81.19850462678384,-159.3660718282395,521.38
1362,34,2,89.78270686622338,20.634605954350068,522.797
1363,34,3,80.766754708969,20.6339605014735,523.502
1364,34,4,71.75387613684113,20.633951963737037,523.514
1365,34,5,62.744262395136516,20.633948548642454,522.93
1366,34,6,53.73802959707106,20.633948548642454,521.917
1367,34,7,44.73526995019856,20.63394684109516,520.686
1368,34,8,35.73601419037028,20.63394684109516,519.476
1369,34,9,26.74027939305913,20.63394513354787,518.52
1370,34,10,17.748016039393644,20.63394513354787,518.026
1371,34,11,8.759152412387534,20.63394513354787,518.15
1372,34,12,-0.22646404663761707,20.63394513354787,518.98
1373,34,13,-9.209032213580533,20.633943426000574,520.525
1374,34,14,-18.188817665406052,20.633943426000574,522.713
1375,34,15,-27.166209989701127,20.633943426000574,525.395
1376,34,16,-36.14164546479899,20.633943426000574,528.36
1377,34,17,-45.11564318507657,20.633941718453283,531.35
1378,34,18,-54.088845188315844,20.633941718453283,534.088
1379,34,19,-63.061914002866295,20.63394001090599,536.304
1380,34,20,-72.0355872891583,20.633936595811406,537.758
1381,34,21,-81.01059929252763,20.633928058074943,538.269
1382,34,22,-89.98772182435049,20.622251849688805,537.728
1383,34,23,-81.03234661484494,-159.36604450748283,536.116
1384,34,24,-72.04896079955319,-159.36604450748283,533.504
1385,34,25,-63.06158615378614,-159.36604450748283,530.049
1386,34,26,-54.06975822468024,-159.36605816786118,525.983
1387,34,27,-45.07327552165498,-159.36605816786118,521.59
1388,34,28,-36.07195704469735,-159.36605816786118,517.185
1389,34,29,-27.065877925888223,-159.36605816786118,513.082
1390,34,30,-18.05525160863916,-159.36605816786118,509.568
1391,34,31,-9.040447776938986,-159.36605816786118,506.879
1392,34,32,-0.021963225330696428,-159.36605816786118,505.175
1393,34,33,8.999595561739493,-159.36605816786118,504.534
1394,34,34,18.02351854975528,-159.36605816786118,504.94
1395,34,35,27.049130302043352,-159.36605816786118,506.287
1396,34,36,36.07566242232208,-159.36605816786118,508.396
1397,34,37,45.102392618086746,-159.36605816786118,511.027
1398,34,38,54.12862762513658,-159.36605816786118,513.907
1399,34,39,63.15375272644629,-159.36605816786118,516.757
1400,35,0,76.68814139704173,-150.3660681626971,520.423
1401,35,1,85.70823947912231,-150.36608182307546,522.175
1402,35,2,85.27435854228642,29.633977827394244,523.239
1403,35,3,76.25992268702778,29.633957336826732,523.59
1404,35,4,67.24865603954403,29.633953921732147,523.288
1405,35,5,58.24071569418608,29.63395050663756,522.465
1406,35,6,49.23621093398064,29.63395050663756,521.314
1407,35,7,40.23520323063024,29.63395050663756,520.063
1408,35,8,31.237713074702405,29.63395050663756,518.952
1409,35,9,22.24371656053503,29.63395050663756,518.204
1410,35,10,13.253170145672158,29.63394709154298,518.003
1411,35,11,4.265948752274612,29.63394709154298,518.474
1412,35,12,-4.7181064215558095,29.63394709154298,519.665
1413,35,13,-13.69924297017652,29.63394709154298,521.546
1414,35,14,-22.67778874266768,29.63394709154298,524.004
1415,35,15,-31.65413946311433,29.63394709154298,526.858
1416,35,16,-40.62879288155223,29.63394709154298,529.869
1417,35,17,-49.60230224330415,29.633943676448393,532.768
1418,35,18,-58.575353982381685,29.633943676448393,535.277
1419,35,19,-67.54863111770182,29.633943676448393,537.139
1420,35,20,-76.52287130969493,29.63393684625922,538.14
1421,35,21,-85.4988531999264,29.633916355691714,538.133
1422,35,22,-85.52270422050809,-150.36601352118376,537.053
1423,35,23,-76.5411215751572,-150.36604084194042,534.927
1424,35,24,-67.5558096465195,-150.36604084194042,531.869
1425,35,25,-58.566235679839714,-150.36605450231878,528.075
1426,35,26,-49.57212988264562,-150.36605450231878,523.808
1427,35,27,-40.57321904737042,-150.36605450231878,519.37
1428,35,28,-31.569503174014116,-150.36605450231878,515.077
1429,35,29,-22.56111374371823,-150.36605450231878,511.235
1430,35,30,-13.548344454617075,-150.36605450231878,508.108
1431,35,31,-4.531630304383414,-150.36605450231878,505.897
1432,35,32,4.488472900339042,-150.36605450231878,504.721
1433,35,33,13.511316291579144,-150.36605450231878,504.611
1434,35,34,22.536163062680174,-150.36605450231878,505.505
1435,35,35,31.562328060291016,-150.36605450231878,507.26
1436,35,36,40.589048010771926,-150.36605450231878,509.663
1437,35,37,49.61561086690192,-150.36605450231878,512.453
1438,35,38,58.641367760709855,-150.36605450231878,515.353
1439,35,39,67.66571422045418,-150.36605450231878,518.088
1440,36,0,72.17719077103101,-141.36605083677637,519.319
1441,36,1,81.19850462678384,-141.3660644971547,521.38
1442,36,2,89.78270686622338,38.63461328543487,522.797
1443,36,3,80.766754708969,38.633967832558305,523.502
1444,36,4,71.75387613684113,38.633961002369134,523.514
1445,36,5,62.744262395136516,38.63395758727455,522.93
1446,36,6,53.73802959707106,38.63395417217996,521.917
1447,36,7,44.73526995019856,38.63395417217996,520.686
1448,36,8,35.73601419037028,38.63395417217996,519.476
1449,36,9,26.74027939305913,38.63395417217996,518.52
1450,36,10,17.748016039393644,38.63395417217996,518.026
1451,36,11,8.759152412387534,38.63395075708538,518.15
1452,36,12,-0.22646404663761707,38.63395075708538,518.98
1453,36,13,-9.209032213580533,38.63395075708538,520.525
1454,36,14,-18.188817665406052,38.63395075708538,522.713
1455,36,15,-27.166209989701127,38.63395075708538,525.395
1456,36,16,-36.14164546479899,38.63395075708538,528.36
1457,36,17,-45.11564318507657,38.63395075708538,531.35
1458,36,18,-54.088845188315844,38.6339473419908,534.088
1459,36,19,-63.061914002866295,38.6339473419908,536.304
1460,36,20,-72.0355872891583,38.63394392689621,537.758
1461,36,21,-81.01059929252763,38.63393709670704,538.269
1462,36,22,-89.98772182435049,38.62225747322632,537.728
1463,36,23,-81.03234661484494,-141.36603717639804,536.116
1464,36,24,-72.04896079955319,-141.36603717639804,533.504
1465,36,25,-63.06158615378614,-141.36603717639804,530.049
1466,36,26,-54.06975822468024,-141.36605083677637,525.983
1467,36,27,-45.07327552165498,-141.36605083677637,521.59
1468,36,28,-36.07195704469735,-141.36605083677637,517.185
1469,36,29,-27.065877925888223,-141.36605083677637,513.082
1470,36,30,-18.05525160863916,-141.36605083677637,509.568
1471,36,31,-9.040447776938986,-141.36605083677637,506.879
1472,36,32,-0.021963225330696428,-141.36605083677637,505.175
1473,36,33,8.999595561739493,-141.36605083677637,504.534
1474,36,34,18.02351854975528,-141.36605083677637,504.94
1475,36,35,27.049130302043352,-141.36605083677637,506.287
1476,36,36,36.07566242232208,-141.36605083677637,508.396
1477,36,37,45.102392618086746,-141.36605083677637,511.027
1478,36,38,54.12862762513658,-141.36605083677637,513.907
1479,36,39,63.15375272644629,-141.36605083677637,516.757
1480,37,0,76.68814139704173,-132.36606083161232,520.423
1481,37,1,85.70823947912231,-132.36607449199064,522.175
1482,37,2,85.27435854228642,47.63398515847904,523.239
1483,37,3,76.25992268702778,47.633964667911535,523.59
1484,37,4,67.24865603954403,47.63396125281695,523.288
1485,37,5,58.24071569418608,47.63395783772236,522.465
1486,37,6,49.23621093398064,47.63395783772236,521.314
1487,37,7,40.23520323063024,47.63395783772236,520.063
1488,37,8,31.237713074702405,47.63395783772236,518.952
1489,37,9,22.24371656053503,47.63395783772236,518.204
1490,37,10,13.253170145672158,47.63395442262778,518.003
1491,37,11,4.265948752274612,47.63395442262778,518.474
1492,37,12,-4.7181064215558095,47.63395442262778,519.665
1493,37,13,-13.69924297017652,47.63395442262778,521.546
1494,37,14,-22.67778874266768,47.63395442262778,524.004
1495,37,15,-31.65413946311433,47.63395442262778,526.858
1496,37,16,-40.62879288155223,47.63395442262778,529.869
1497,37,17,-49.60230224330415,47.6339510075332,532.768
1498,37,18,-58.575353982381685,47.6339510075332,535.277
1499,37,19,-67.54863111770182,47.6339510075332,537.139
1500,37,20,-76.52287130969493,47.63394417734403,538.14
1501,37,21,-85.4988531999264,47.63392368677651,538.133
1502,37,22,-85.52270422050809,-132.36600619009894,537.053
1503,37,23,-76.5411215751572,-132.36603351085563,534.927
1504,37,24,-67.5558096465195,-132.36603351085563,531.869
1505,37,25,-58.566235679839714,-132.36604717123396,528.075
1506,37,26,-49.57212988264562,-132.36604717123396,523.808
1507,37,27,-40.57321904737042,-132.36604717123396,519.37
1508,37,28,-31.569503174014116,-132.36604717123396,515.077
1509,37,29,-22.56111374371823,-132.36604717123396,511.235
1510,37,30,-13.548344454617075,-132.36604717123396,508.108
1511,37,31,-4.531630304383414,-132.36604717123396,505.897
1512,37,32,4.488472900339042,-132.36604717123396,504.721
1513,37,33,13.511316291579144,-132.36604717123396,504.611
1514,37,34,22.536163062680174,-132.36604717123396,505.505
1515,37,35,31.562328060291016,-132.36604717123396,507.26
1516,37,36,40.589048010771926,-132.36604717123396,509.663
1517,37,37,49.61561086690192,-132.36604717123396,512.453
1518,37,38,58.641367760709855,-132.36604717123396,515.353
1519,37,39,67.66571422045418,-132.36604717123396,518.088
1520,38,0,72.17719077103101,-123.36604350569156,519.319
1521,38,1,81.19850462678384,-123.36605716606991,521.38
1522,38,2,89.78270686622338,56.634620616519676,522.797
1523,38,3,80.766754708969,56.63397516364311,523.502
1524,38,4,71.75387613684113,56.633968333453936,523.514
1525,38,5,62.744262395136516,56.633964918359354,522.93
1526,38,6,53.73802959707106,56.633961503264764,521.917
1527,38,7,44.73526995019856,56.633961503264764,520.686
1528,38,8,35.73601419037028,56.633961503264764,519.476
1529,38,9,26.74027939305913,56.633961503264764,518.52
1530,38,10,17.748016039393644,56.633961503264764,518.026
1531,38,11,8.759152412387534,56.63395808817018,518.15
1532,38,12,-0.22646404663761707,56.63395808817018,518.98
1533,38,13,-9.209032213580533,56.63395808817018,520.525
1534,38,14,-18.188817665406052,56.63395808817018,522.713
1535,38,15,-27.166209989701127,56.63395808817018,525.395
1536,38,16,-36.14164546479899,56.63395808817018,528.36
1537,38,17,-45.11564318507657,56.63395808817018,531.35
1538,38,18,-54.088845188315844,56.6339546730756,534.088
1539,38,19,-63.061914002866295,56.6339546730756,536.304
1540,38,20,-72.0355872891583,56.63395125798101,537.758
1541,38,21,-81.01059929252763,56.63394442779184,538.269
1542,38,22,-89.98772182435049,56.62226480431112,537.728
1543,38,23,-81.03234661484494,-123.36602984531322,536.116
1544,38,24,-72.04896079955319,-123.36602984531322,533.504
1545,38,25,-63.06158615378614,-123.36602984531322,530.049
1546,38,26,-54.06975822468024,-123.36604350569156,525.983
1547,38,27,-45.07327552165498,-123.36604350569156,521.59
1548,38,28,-36.07195704469735,-123.36604350569156,517.185
1549,38,29,-27.065877925888223,-123.36604350569156,513.082
1550,38,30,-18.05525160863916,-123.36604350569156,509.568
1551,38,31,-9.040447776938986,-123.36604350569156,506.879
1552,38,32,-0.021963225330696428,-123.36604350569156,505.175
1553,38,33,8.999595561739493,-123.36604350569156,504.534
1554,38,34,18.02351854975528,-123.36604350569156,504.94
1555,38,35,27.049130302043352,-123.36604350569156,506.287
1556,38,36,36.07566242232208,-123.36604350569156,508.396
1557,38,37,45.102392618086746,-123.36604350569156,511.027
1558,38,38,54.12862762513658,-123.36604350569156,513.907
1559,38,39,63.15375272644629,-123.36604350569156,516.757
1560,39,0,76.68814139704173,-114.36604667033833,520.423
1561,39,1,85.70823947912231,-114.36607399109502,522.175
1562,39,2,85.27435854228642,65.63399248956385,523.239
1563,39,3,76.25992268702778,65.63397199899634,523.59
1564,39,4,67.24865603954403,65.63397199899634,523.288
1565,39,5,58.24071569418608,65.63396516880717,522.465
1566,39,6,49.23621093398064,65.63396516880717,521.314
1567,39,7,40.23520323063024,65.63396516880717,520.063
1568,39,8,31.237713074702405,65.63396516880717,518.952
1569,39,9,22.24371656053503,65.63396516880717,518.204
1570,39,10,13.253170145672158,65.63396516880717,518.003
1571,39,11,4.265948752274612,65.63396516880717,518.474
1572,39,12,-4.7181064215558095,65.63396516880717,519.665
1573,39,13,-13.69924297017652,65.63396516880717,521.546
1574,39,14,-22.67778874266768,65.633958338618,524.004
1575,39,15,-31.65413946311433,65.633958338618,526.858
1576,39,16,-40.62879288155223,65.633958338618,529.869
1577,39,17,-49.60230224330415,65.633958338618,532.768
1578,39,18,-58.575353982381685,65.633958338618,535.277
1579,39,19,-67.54863111770182,65.633958338618,537.139
1580,39,20,-76.52287130969493,65.63395150842882,538.14
1581,39,21,-85.4988531999264,65.63393101786131,538.133
1582,39,22,-85.52270422050809,-114.36600568920332,537.053
1583,39,23,-76.5411215751572,-114.36602617977083,534.927
1584,39,24,-67.5558096465195,-114.36603300995999,531.869
1585,39,25,-58.566235679839714,-114.36603300995999,528.075
1586,39,26,-49.57212988264562,-114.36603300995999,523.808
1587,39,27,-40.57321904737042,-114.36603300995999,519.37
1588,39,28,-31.569503174014116,-114.36603300995999,515.077
1589,39,29,-22.56111374371823,-114.36603300995999,511.235
1590,39,30,-13.548344454617075,-114.36603984014917,508.108
1591,39,31,-4.531630304383414,-114.36603984014917,505.897
1592,39,32,4.488472900339042,-114.36603984014917,504.721
1593,39,33,13.511316291579144,-114.36603984014917,504.611
1594,39,34,22.536163062680174,-114.36603984014917,505.505
1595,39,35,31.562328060291016,-114.36603984014917,507.26
1596,39,36,40.589048010771926,-114.36603984014917,509.663
1597,39,37,49.61561086690192,-114.36603984014917,512.453
1598,39,38,58.641367760709855,-114.36603984014917,515.353
1599,39,39,67.66571422045418,-114.36604667033833,518.088
