0,0,0,41.733552074139695,-103.36056969088595,509.999
1,0,1,50.760050043472575,-103.36056969088595,512.819
2,0,2,59.78565667311877,-103.36056969088595,515.712
3,0,3,68.809798227188,-103.36057652107513,518.409
4,0,4,77.83196585658709,-103.36057652107513,520.678
5,0,5,86.85174291977668,-103.36061067202098,522.347
6,0,6,84.1312102714689,76.63945580863789,523.32
7,0,7,75.11715690680379,76.63944214825955,523.583
8,0,8,66.10630007067023,76.63943531807037,523.206
9,0,9,57.09879002722999,76.63943531807037,522.331
10,0,10,48.094715568942256,76.63943531807037,521.154
11,0,11,39.09414841279333,76.63943531807037,519.908
12,0,12,30.09709538897237,76.63943531807037,518.831
13,0,13,21.103536006911877,76.63943531807037,518.144
14,0,14,12.113425016608593,76.63943531807037,518.023
15,0,15,3.1266140748914824,76.63943531807037,518.585
16,0,16,-5.857062663770239,76.63943531807037,519.867
17,0,17,-14.837843188780463,76.6394284878812,521.83
18,0,18,-23.81608416407991,76.6394284878812,524.35
19,0,19,-32.79218899771644,76.6394284878812,527.237
20,0,20,-41.76665800104675,76.6394284878812,530.25
21,0,21,-50.7400683250557,76.6394284878812,533.115
22,0,22,-59.71309957356573,76.6394284878812,535.556
23,0,23,-68.68645184096674,76.6394284878812,537.32
24,0,24,-77.66087644806744,76.63942165769204,538.2
25,0,25,-86.63711105529819,76.63938750674619,538.058
26,0,26,-84.38407753492112,-103.36054237012928,536.843
27,0,27,-75.40208507822004,-103.36055603050762,534.59
28,0,28,-66.41624722501624,-103.36056286069679,531.426
29,0,29,-57.426133673392016,-103.36056286069679,527.557
30,0,30,-48.43140632898345,-103.36056286069679,523.25
31,0,31,-39.43188760687212,-103.36056286069679,518.812
32,0,32,-30.42757409196344,-103.36056969088595,514.56
33,0,33,-21.418612633324564,-103.36056969088595,510.795
34,0,34,-12.405344740414,-103.36056969088595,507.774
35,0,35,-3.3881693389679506,-103.36056969088595,505.689
36,0,36,5.632318704225554,-103.36056969088595,504.648
37,0,37,14.65546177001549,-103.36056969088595,504.67
38,0,38,23.680542475095592,-103.36056969088595,505.683
39,0,39,32.70682187837503,-103.36056969088595,507.533
40,1,0,46.24687277579242,-94.36057285553272,511.382
41,1,1,55.27300533000471,-94.36057285553272,514.274
42,1,2,64.29794601620682,-94.36057285553272,517.1
43,1,3,73.32115183435975,-94.36057285553272,519.609
44,1,4,82.34217199197829,-94.36058651591107,521.595
45,1,5,88.63937418029826,85.63953460626115,522.923
46,1,6,79.62379085325907,85.63944581380194,523.538
47,1,7,70.61132209248139,85.63943898361278,523.468
48,1,8,61.60212499231615,85.63943898361278,522.819
49,1,9,52.59631908107382,85.63943898361278,521.766
50,1,10,43.593996566308206,85.63943215342361,520.525
51,1,11,34.59518135368138,85.63943215342361,519.334
52,1,12,25.599887103571707,85.63943215342361,518.427
53,1,13,16.60806429710769,85.63943215342361,518.004
54,1,14,7.619614750320008,85.63943215342361,518.214
55,1,15,-1.365602302721256,85.63943215342361,519.137
56,1,16,-10.347801479366433,85.63943215342361,520.769
57,1,17,-19.327258228338145,85.63943215342361,523.03
58,1,18,-28.30437392997183,85.63943215342361,525.762
59,1,19,-37.27959254656355,85.63943215342361,528.745
60,1,20,-46.25344683286856,85.63943215342361,531.719
61,1,21,-55.22659077949989,85.63943215342361,534.405
62,1,22,-64.1996937449962,85.63942532323443,536.537
63,1,23,-73.17348314450409,85.63942532323443,537.88
64,1,24,-82.14871371392685,85.63941166285609,538.262
65,1,25,-88.87384091412646,-94.3604430819385,537.585
66,1,26,-79.89353551415039,-94.36055236496522,535.84
67,1,27,-70.90967158561672,-94.3605591951544,533.111
68,1,28,-61.92175052471607,-94.36056602534356,529.564
69,1,29,-52.92936252009823,-94.36056602534356,525.44
70,1,30,-43.93225143966933,-94.36056602534356,521.028
71,1,31,-34.93032507587557,-94.36056602534356,516.644
72,1,32,-25.923656853250527,-94.36056602534356,512.6
73,1,33,-16.912480705773277,-94.36056602534356,509.178
74,1,34,-7.897209006114959,-94.36056602534356,506.606
75,1,35,1.1217003028849204,-94.36056602534356,505.035
76,1,36,10.1436018750715,-94.36056602534356,504.529
77,1,37,19.167805754616904,-94.36056602534356,505.061
78,1,38,28.19357801635047,-94.36056602534356,506.516
79,1,39,37.220180146068195,-94.36057285553272,508.705
80,2,0,41.733552074139695,-85.36056918999033,509.999
81,2,1,50.760050043472575,-85.36056918999033,512.819
82,2,2,59.78565667311877,-85.36056918999033,515.712
83,2,3,68.809798227188,-85.3605760201795,518.409
84,2,4,77.83196585658709,-85.3605760201795,520.678
85,2,5,86.85174291977668,-85.36061017112534,522.347
86,2,6,84.1312102714689,94.63945630953351,523.32
87,2,7,75.11715690680379,94.63944264915517,523.583
88,2,8,66.10630007067023,94.639435818966,523.206
89,2,9,57.09879002722999,94.639435818966,522.331
90,2,10,48.094715568942256,94.639435818966,521.154
91,2,11,39.09414841279333,94.639435818966,519.908
92,2,12,30.09709538897237,94.639435818966,518.831
93,2,13,21.103536006911877,94.639435818966,518.144
94,2,14,12.113425016608593,94.639435818966,518.023
95,2,15,3.1266140748914824,94.639435818966,518.585
96,2,16,-5.857062663770239,94.639435818966,519.867
97,2,17,-14.837843188780463,94.63942898877684,521.83
98,2,18,-23.81608416407991,94.63942898877684,524.35
99,2,19,-32.79218899771644,94.63942898877684,527.237
100,2,20,-41.76665800104675,94.63942898877684,530.25
101,2,21,-50.7400683250557,94.63942898877684,533.115
102,2,22,-59.71309957356573,94.63942898877684,535.556
103,2,23,-68.68645184096674,94.63942898877684,537.32
104,2,24,-77.66087644806744,94.63942215858766,538.2
105,2,25,-86.63711105529819,94.63938800764181,538.058
106,2,26,-84.38407753492112,-85.36054186923364,536.843
107,2,27,-75.40208507822004,-85.36055552961199,534.59
108,2,28,-66.41624722501624,-85.36056235980115,531.426
109,2,29,-57.426133673392016,-85.36056235980115,527.557
110,2,30,-48.43140632898345,-85.36056235980115,523.25
111,2,31,-39.43188760687212,-85.36056235980115,518.812
112,2,32,-30.42757409196344,-85.36056918999033,514.56
113,2,33,-21.418612633324564,-85.36056918999033,510.795
114,2,34,-12.405344740414,-85.36056918999033,507.774
115,2,35,-3.3881693389679506,-85.36056918999033,505.689
116,2,36,5.632318704225554,-85.36056918999033,504.648
117,2,37,14.65546177001549,-85.36056918999033,504.67
118,2,38,23.680542475095592,-85.36056918999033,505.683
119,2,39,32.70682187837503,-85.36056918999033,507.533
120,3,0,46.24687277579242,-76.3605723546371,511.382
121,3,1,55.27300533000471,-76.3605723546371,514.274
122,3,2,64.29794601620682,-76.3605723546371,517.1
123,3,3,73.32115183435975,-76.3605723546371,519.609
124,3,4,82.34217199197829,-76.36058601501543,521.595
125,3,5,88.63937418029826,103.63953510715679,522.923
126,3,6,79.62379085325907,103.63944631469758,523.538
127,3,7,70.61132209248139,103.63943948450842,523.468
128,3,8,61.60212499231615,103.63943948450842,522.819
129,3,9,52.59631908107382,103.63943948450842,521.766
130,3,10,43.593996566308206,103.63943265431924,520.525
131,3,11,34.59518135368138,103.63943265431924,519.334
132,3,12,25.599887103571707,103.63943265431924,518.427
133,3,13,16.60806429710769,103.63943265431924,518.004
134,3,14,7.619614750320008,103.63943265431924,518.214
135,3,15,-1.365602302721256,103.63943265431924,519.137
136,3,16,-10.347801479366433,103.63943265431924,520.769
137,3,17,-19.327258228338145,103.63943265431924,523.03
138,3,18,-28.30437392997183,103.63943265431924,525.762
139,3,19,-37.27959254656355,103.63943265431924,528.745
140,3,20,-46.25344683286856,103.63943265431924,531.719
141,3,21,-55.22659077949989,103.63943265431924,534.405
142,3,22,-64.1996937449962,103.63942582413007,536.537
143,3,23,-73.17348314450409,103.63942582413007,537.88
144,3,24,-82.14871371392685,103.63941216375173,538.262
145,3,25,-88.87384091412646,-76.36044258104286,537.585
146,3,26,-79.89353551415039,-76.36055186406958,535.84
147,3,27,-70.90967158561672,-76.36055869425876,533.111
148,3,28,-61.92175052471607,-76.36056552444792,529.564
149,3,29,-52.92936252009823,-76.36056552444792,525.44
150,3,30,-43.93225143966933,-76.36056552444792,521.028
151,3,31,-34.93032507587557,-76.36056552444792,516.644
152,3,32,-25.923656853250527,-76.36056552444792,512.6
153,3,33,-16.912480705773277,-76.36056552444792,509.178
154,3,34,-7.897209006114959,-76.36056552444792,506.606
155,3,35,1.1217003028849204,-76.36056552444792,505.035
156,3,36,10.1436018750715,-76.36056552444792,504.529
157,3,37,19.167805754616904,-76.36056552444792,505.061
158,3,38,28.19357801635047,-76.36056552444792,506.516
159,3,39,37.220180146068195,-76.3605723546371,508.705
160,4,0,41.733552074139695,-67.36056868909469,509.999
161,4,1,50.760050043472575,-67.36056868909469,512.819
162,4,2,59.78565667311877,-67.36056868909469,515.712
163,4,3,68.809798227188,-67.36057551928386,518.409
164,4,4,77.83196585658709,-67.36057551928386,520.678
165,4,5,86.85174291977668,-67.3606096702297,522.347
166,4,6,84.1312102714689,112.63945681042915,523.32
167,4,7,75.11715690680379,112.63944315005081,523.583
168,4,8,66.10630007067023,112.63943631986164,523.206
169,4,9,57.09879002722999,112.63943631986164,522.331
170,4,10,48.094715568942256,112.63943631986164,521.154
171,4,11,39.09414841279333,112.63943631986164,519.908
172,4,12,30.09709538897237,112.63943631986164,518.831
173,4,13,21.103536006911877,112.63943631986164,518.144
174,4,14,12.113425016608593,112.63943631986164,518.023
175,4,15,3.1266140748914824,112.63943631986164,518.585
176,4,16,-5.857062663770239,112.63943631986164,519.867
177,4,17,-14.837843188780463,112.63942948967247,521.83
178,4,18,-23.81608416407991,112.63942948967247,524.35
179,4,19,-32.79218899771644,112.63942948967247,527.237
180,4,20,-41.76665800104675,112.63942948967247,530.25
181,4,21,-50.7400683250557,112.63942948967247,533.115
182,4,22,-59.71309957356573,112.63942948967247,535.556
183,4,23,-68.68645184096674,112.63942948967247,537.32
184,4,24,-77.66087644806744,112.6394226594833,538.2
185,4,25,-86.63711105529819,112.63938850853745,538.058
186,4,26,-84.38407753492112,-67.36054136833802,536.843
187,4,27,-75.40208507822004,-67.36055502871635,534.59
188,4,28,-66.41624722501624,-67.36056185890553,531.426
189,4,29,-57.426133673392016,-67.36056185890553,527.557
190,4,30,-48.43140632898345,-67.36056185890553,523.25
191,4,31,-39.43188760687212,-67.36056185890553,518.812
192,4,32,-30.42757409196344,-67.36056868909469,514.56
193,4,33,-21.418612633324564,-67.36056868909469,510.795
194,4,34,-12.405344740414,-67.36056868909469,507.774
195,4,35,-3.3881693389679506,-67.36056868909469,505.689
196,4,36,5.632318704225554,-67.36056868909469,504.648
197,4,37,14.65546177001549,-67.36056868909469,504.67
198,4,38,23.680542475095592,-67.36056868909469,505.683
199,4,39,32.70682187837503,-67.36056868909469,507.533
200,5,0,46.24687277579242,-58.36057185374146,511.382
201,5,1,55.27300533000471,-58.36057185374146,514.274
202,5,2,64.29794601620682,-58.36057185374146,517.1
203,5,3,73.32115183435975,-58.36057185374146,519.609
204,5,4,82.34217199197829,-58.3605855141198,521.595
205,5,5,88.63937418029826,121.63953560805243,522.923
206,5,6,79.62379085325907,121.63945364578238,523.538
207,5,7,70.61132209248139,121.63943998540404,523.468
208,5,8,61.60212499231615,121.63943998540404,522.819
209,5,9,52.59631908107382,121.63943998540404,521.766
210,5,10,43.593996566308206,121.63943998540404,520.525
211,5,11,34.59518135368138,121.63943998540404,519.334
212,5,12,25.599887103571707,121.63943998540404,518.427
213,5,13,16.60806429710769,121.63943998540404,518.004
214,5,14,7.619614750320008,121.63943998540404,518.214
215,5,15,-1.365602302721256,121.63943998540404,519.137
216,5,16,-10.347801479366433,121.63942632502571,520.769
217,5,17,-19.327258228338145,121.63942632502571,523.03
218,5,18,-28.30437392997183,121.63942632502571,525.762
219,5,19,-37.27959254656355,121.63942632502571,528.745
220,5,20,-46.25344683286856,121.63942632502571,531.719
221,5,21,-55.22659077949989,121.63942632502571,534.405
222,5,22,-64.1996937449962,121.63942632502571,536.537
223,5,23,-73.17348314450409,121.63942632502571,537.88
224,5,24,-82.14871371392685,121.63941266464737,538.262
225,5,25,-88.87384091412646,-58.36044208014723,537.585
226,5,26,-79.89353551415039,-58.360551363173954,535.84
227,5,27,-70.90967158561672,-58.36055819336312,533.111
228,5,28,-61.92175052471607,-58.36056502355229,529.564
229,5,29,-52.92936252009823,-58.36056502355229,525.44
230,5,30,-43.93225143966933,-58.36056502355229,521.028
231,5,31,-34.93032507587557,-58.36056502355229,516.644
232,5,32,-25.923656853250527,-58.36056502355229,512.6
233,5,33,-16.912480705773277,-58.36056502355229,509.178
234,5,34,-7.897209006114959,-58.36056502355229,506.606
235,5,35,1.1217003028849204,-58.36056502355229,505.035
236,5,36,10.1436018750715,-58.36056502355229,504.529
237,5,37,19.167805754616904,-58.36056502355229,505.061
238,5,38,28.19357801635047,-58.36056502355229,506.516
239,5,39,37.220180146068195,-58.36057185374146,508.705
240,6,0,41.733552074139695,-49.36056818819906,509.999
241,6,1,50.760050043472575,-49.36056818819906,512.819
242,6,2,59.78565667311877,-49.36057160329364,515.712
243,6,3,68.809798227188,-49.36057160329364,518.409
244,6,4,77.83196585658709,-49.360578433482814,520.678
245,6,5,86.85174291977668,-49.360612584428665,522.347
246,6,6,84.1312102714689,130.63945731132478,523.32
247,6,7,75.11715690680379,130.63944365094645,523.583
248,6,8,66.10630007067023,130.63944365094645,523.206
249,6,9,57.09879002722999,130.63944365094645,522.331
250,6,10,48.094715568942256,130.63942999056812,521.154
251,6,11,39.09414841279333,130.63942999056812,519.908
252,6,12,30.09709538897237,130.63942999056812,518.831
253,6,13,21.103536006911877,130.63942999056812,518.144
254,6,14,12.113425016608593,130.63942999056812,518.023
255,6,15,3.1266140748914824,130.63942999056812,518.585
256,6,16,-5.857062663770239,130.63942999056812,519.867
257,6,17,-14.837843188780463,130.63942999056812,521.83
258,6,18,-23.81608416407991,130.63942999056812,524.35
259,6,19,-32.79218899771644,130.63942999056812,527.237
260,6,20,-41.76665800104675,130.63942999056812,530.25
261,6,21,-50.7400683250557,130.63942999056812,533.115
262,6,22,-59.71309957356573,130.63942999056812,535.556
263,6,23,-68.68645184096674,130.63942999056812,537.32
264,6,24,-77.66087644806744,130.63941633018976,538.2
265,6,25,-86.63711105529819,130.63938900943307,538.058
266,6,26,-84.38407753492112,-49.36054086744238,536.843
267,6,27,-75.40208507822004,-49.36055794291531,534.59
268,6,28,-66.41624722501624,-49.36056135800989,531.426
269,6,29,-57.426133673392016,-49.36056135800989,527.557
270,6,30,-48.43140632898345,-49.36056477310447,523.25
271,6,31,-39.43188760687212,-49.36056477310447,518.812
272,6,32,-30.42757409196344,-49.36056477310447,514.56
273,6,33,-21.418612633324564,-49.36056477310447,510.795
274,6,34,-12.405344740414,-49.36056477310447,507.774
275,6,35,-3.3881693389679506,-49.36056477310447,505.689
276,6,36,5.632318704225554,-49.36056818819906,504.648
277,6,37,14.65546177001549,-49.36056818819906,504.67
278,6,38,23.680542475095592,-49.36056818819906,505.683
279,6,39,32.70682187837503,-49.36056818819906,507.533
280,7,0,46.24687277579242,-40.360571352845824,511.382
281,7,1,55.27300533000471,-40.36057476794041,514.274
282,7,2,64.29794601620682,-40.36057476794041,517.1
283,7,3,73.32115183435975,-40.360578183034995,519.609
284,7,4,82.34217199197829,-40.36058842831875,521.595
285,7,5,88.63937418029826,139.63952927875889,522.923
286,7,6,79.62379085325907,139.63944731648886,523.538
287,7,7,70.61132209248139,139.6394336561105,523.468
288,7,8,61.60212499231615,139.6394336561105,522.819
289,7,9,52.59631908107382,139.6394336561105,521.766
290,7,10,43.593996566308206,139.6394336561105,520.525
291,7,11,34.59518135368138,139.6394336561105,519.334
292,7,12,25.599887103571707,139.6394336561105,518.427
293,7,13,16.60806429710769,139.6394336561105,518.004
294,7,14,7.619614750320008,139.6394336561105,518.214
295,7,15,-1.365602302721256,139.6394336561105,519.137
296,7,16,-10.347801479366433,139.6394336561105,520.769
297,7,17,-19.327258228338145,139.6394336561105,523.03
298,7,18,-28.30437392997183,139.6394336561105,525.762
299,7,19,-37.27959254656355,139.6394336561105,528.745
300,7,20,-46.25344683286856,139.6394336561105,531.719
301,7,21,-55.22659077949989,139.6394336561105,534.405
302,7,22,-64.1996937449962,139.63941999573217,536.537
303,7,23,-73.17348314450409,139.63941999573217,537.88
304,7,24,-82.14871371392685,139.63940633535384,538.262
305,7,25,-88.87384091412646,-40.3604415792516,537.585
306,7,26,-79.89353551415039,-40.360554277372906,535.84
307,7,27,-70.90967158561672,-40.36056110756207,533.111
308,7,28,-61.92175052471607,-40.36056452265666,529.564
309,7,29,-52.92936252009823,-40.36056452265666,525.44
310,7,30,-43.93225143966933,-40.36056793775124,521.028
311,7,31,-34.93032507587557,-40.36056793775124,516.644
312,7,32,-25.923656853250527,-40.36056793775124,512.6
313,7,33,-16.912480705773277,-40.36056793775124,509.178
314,7,34,-7.897209006114959,-40.36056793775124,506.606
315,7,35,1.1217003028849204,-40.36056793775124,505.035
316,7,36,10.1436018750715,-40.360571352845824,504.529
317,7,37,19.167805754616904,-40.360571352845824,505.061
318,7,38,28.19357801635047,-40.360571352845824,506.516
319,7,39,37.220180146068195,-40.360571352845824,508.705
320,8,0,41.733552074139695,-31.360567687303426,509.999
321,8,1,50.760050043472575,-31.360567687303426,512.819
322,8,2,59.78565667311877,-31.360571102398012,515.712
323,8,3,68.809798227188,-31.360571102398012,518.409
324,8,4,77.83196585658709,-31.36057793258718,520.678
325,8,5,86.85174291977668,-31.36061208353303,522.347
326,8,6,84.1312102714689,148.6394646424096,523.32
327,8,7,75.11715690680379,148.6394373216529,523.583
328,8,8,66.10630007067023,148.6394373216529,523.206
329,8,9,57.09879002722999,148.6394373216529,522.331
330,8,10,48.094715568942256,148.6394373216529,521.154
331,8,11,39.09414841279333,148.6394373216529,519.908
332,8,12,30.09709538897237,148.6394373216529,518.831
333,8,13,21.103536006911877,148.6394373216529,518.144
334,8,14,12.113425016608593,148.6394373216529,518.023
335,8,15,3.1266140748914824,148.6394373216529,518.585
336,8,16,-5.857062663770239,148.6394373216529,519.867
337,8,17,-14.837843188780463,148.6394373216529,521.83
338,8,18,-23.81608416407991,148.6394373216529,524.35
339,8,19,-32.79218899771644,148.6394373216529,527.237
340,8,20,-41.76665800104675,148.6394373216529,530.25
341,8,21,-50.7400683250557,148.6394373216529,533.115
342,8,22,-59.71309957356573,148.63942366127458,535.556
343,8,23,-68.68645184096674,148.63942366127458,537.32
344,8,24,-77.66087644806744,148.63942366127458,538.2
345,8,25,-86.63711105529819,148.6393963405179,538.058
346,8,26,-84.38407753492112,-31.360540366546747,536.843
347,8,27,-75.40208507822004,-31.36055744201967,534.59
348,8,28,-66.41624722501624,-31.360560857114255,531.426
349,8,29,-57.426133673392016,-31.360560857114255,527.557
350,8,30,-48.43140632898345,-31.36056427220884,523.25
351,8,31,-39.43188760687212,-31.36056427220884,518.812
352,8,32,-30.42757409196344,-31.36056427220884,514.56
353,8,33,-21.418612633324564,-31.36056427220884,510.795
354,8,34,-12.405344740414,-31.36056427220884,507.774
355,8,35,-3.3881693389679506,-31.36056427220884,505.689
356,8,36,5.632318704225554,-31.360567687303426,504.648
357,8,37,14.65546177001549,-31.360567687303426,504.67
358,8,38,23.680542475095592,-31.360567687303426,505.683
359,8,39,32.70682187837503,-31.360567687303426,507.533
360,9,0,46.24687277579242,-22.360570851950193,511.382
361,9,1,55.27300533000471,-22.360572559497488,514.274
362,9,2,64.29794601620682,-22.36057426704478,517.1
363,9,3,73.32115183435975,-22.360577682139365,519.609
364,9,4,82.34217199197829,-22.36058792742312,521.595
365,9,5,88.63937418029826,157.6395366098437,522.923
366,9,6,79.62379085325907,157.63944098719531,523.538
367,9,7,70.61132209248139,157.63944098719531,523.468
368,9,8,61.60212499231615,157.63944098719531,522.819
369,9,9,52.59631908107382,157.63944098719531,521.766
370,9,10,43.593996566308206,157.63942732681696,520.525
371,9,11,34.59518135368138,157.63942732681696,519.334
372,9,12,25.599887103571707,157.63942732681696,518.427
373,9,13,16.60806429710769,157.63942732681696,518.004
374,9,14,7.619614750320008,157.63942732681696,518.214
375,9,15,-1.365602302721256,157.63942732681696,519.137
376,9,16,-10.347801479366433,157.63942732681696,520.769
377,9,17,-19.327258228338145,157.63942732681696,523.03
378,9,18,-28.30437392997183,157.63942732681696,525.762
379,9,19,-37.27959254656355,157.63942732681696,528.745
380,9,20,-46.25344683286856,157.63942732681696,531.719
381,9,21,-55.22659077949989,157.63942732681696,534.405
382,9,22,-64.1996937449962,157.63942732681696,536.537
383,9,23,-73.17348314450409,157.63942732681696,537.88
384,9,24,-82.14871371392685,157.63941366643863,538.262
385,9,25,-88.87384091412646,-22.360441078355965,537.585
386,9,26,-79.89353551415039,-22.360555484024562,535.84
387,9,27,-70.90967158561672,-22.36056231421373,533.111
388,9,28,-61.92175052471607,-22.360564021761025,529.564
389,9,29,-52.92936252009823,-22.360565729308316,525.44
390,9,30,-43.93225143966933,-22.360565729308316,521.028
391,9,31,-34.93032507587557,-22.360567436855607,516.644
392,9,32,-25.923656853250527,-22.360567436855607,512.6
393,9,33,-16.912480705773277,-22.360567436855607,509.178
394,9,34,-7.897209006114959,-22.360569144402902,506.606
395,9,35,1.1217003028849204,-22.360569144402902,505.035
396,9,36,10.1436018750715,-22.360569144402902,504.529
397,9,37,19.167805754616904,-22.360569144402902,505.061
398,9,38,28.19357801635047,-22.360570851950193,506.516
399,9,39,37.220180146068195,-22.360570851950193,508.705
400,10,0,41.733552074139695,-13.360567186407792,509.999
401,10,1,50.760050043472575,-13.36056804018144,512.819
402,10,2,59.78565667311877,-13.36056974772873,515.712
403,10,3,68.809798227188,-13.360571455276023,518.409
404,10,4,77.83196585658709,-13.3605765779179,520.678
405,10,5,86.85174291977668,-13.360610728863751,522.347
406,10,6,84.1312102714689,166.63945831311605,523.32
407,10,7,75.11715690680379,166.63944465273772,523.583
408,10,8,66.10630007067023,166.63944465273772,523.206
409,10,9,57.09879002722999,166.63944465273772,522.331
410,10,10,48.094715568942256,166.63943099235937,521.154
411,10,11,39.09414841279333,166.63943099235937,519.908
412,10,12,30.09709538897237,166.63943099235937,518.831
413,10,13,21.103536006911877,166.63943099235937,518.144
414,10,14,12.113425016608593,166.63943099235937,518.023
415,10,15,3.1266140748914824,166.63943099235937,518.585
416,10,16,-5.857062663770239,166.63943099235937,519.867
417,10,17,-14.837843188780463,166.63943099235937,521.83
418,10,18,-23.81608416407991,166.63943099235937,524.35
419,10,19,-32.79218899771644,166.63943099235937,527.237
420,10,20,-41.76665800104675,166.63943099235937,530.25
421,10,21,-50.7400683250557,166.63943099235937,533.115
422,10,22,-59.71309957356573,166.63943099235937,535.556
423,10,23,-68.68645184096674,166.63943099235937,537.32
424,10,24,-77.66087644806744,166.63941733198104,538.2
425,10,25,-86.63711105529819,166.63939001122435,538.058
426,10,26,-84.38407753492112,-13.360539865651113,536.843
427,10,27,-75.40208507822004,-13.36055608735039,534.59
428,10,28,-66.41624722501624,-13.360559502444977,531.426
429,10,29,-57.426133673392016,-13.360561209992268,527.557
430,10,30,-48.43140632898345,-13.360562063765915,523.25
431,10,31,-39.43188760687212,-13.36056291753956,518.812
432,10,32,-30.42757409196344,-13.360563771313208,514.56
433,10,33,-21.418612633324564,-13.360564625086853,510.795
434,10,34,-12.405344740414,-13.360564625086853,507.774
435,10,35,-3.3881693389679506,-13.360565478860499,505.689
436,10,36,5.632318704225554,-13.360565478860499,504.648
437,10,37,14.65546177001549,-13.360566332634146,504.67
438,10,38,23.680542475095592,-13.360566332634146,505.683
439,10,39,32.70682187837503,-13.360567186407792,507.533
440,11,0,46.24687277579242,-4.360571204828207,511.382
441,11,1,55.27300533000471,-4.3605720586018535,514.274
442,11,2,64.29794601620682,-4.3605737661491455,517.1
443,11,3,73.32115183435975,-4.360576754356908,519.609
444,11,4,82.34217199197829,-4.360586999640662,521.595
445,11,5,88.63937418029826,175.63953028055016,522.923
446,11,6,79.62379085325907,175.6394483182801,523.538
447,11,7,70.61132209248139,175.63943465790177,523.468
448,11,8,61.60212499231615,175.63943465790177,522.819
449,11,9,52.59631908107382,175.63943465790177,521.766
450,11,10,43.593996566308206,175.63943465790177,520.525
451,11,11,34.59518135368138,175.63943465790177,519.334
452,11,12,25.599887103571707,175.63943465790177,518.427
453,11,13,16.60806429710769,175.63943465790177,518.004
454,11,14,7.619614750320008,175.63943465790177,518.214
455,11,15,-1.365602302721256,175.63943465790177,519.137
456,11,16,-10.347801479366433,175.63943465790177,520.769
457,11,17,-19.327258228338145,175.63943465790177,523.03
458,11,18,-28.30437392997183,175.63943465790177,525.762
459,11,19,-37.27959254656355,175.63943465790177,528.745
460,11,20,-46.25344683286856,175.63943465790177,531.719
461,11,21,-55.22659077949989,175.63943465790177,534.405
462,11,22,-64.1996937449962,175.63942099752344,536.537
463,11,23,-73.17348314450409,175.63942099752344,537.88
464,11,24,-82.14871371392685,175.6394073371451,538.262
465,11,25,-88.87384091412646,-4.3604410043471535,537.585
466,11,26,-79.89353551415039,-4.360554556242105,535.84
467,11,27,-70.90967158561672,-4.360561386431275,533.111
468,11,28,-61.92175052471607,-4.360563947752214,529.564
469,11,29,-52.92936252009823,-4.360565228412683,525.44
470,11,30,-43.93225143966933,-4.360566082186329,521.028
471,11,31,-34.93032507587557,-4.360566509073152,516.644
472,11,32,-25.923656853250527,-4.3605673628467985,512.6
473,11,33,-16.912480705773277,-4.360567789733622,509.178
474,11,34,-7.897209006114959,-4.360568216620445,506.606
475,11,35,1.1217003028849204,-4.360568643507268,505.035
476,11,36,10.1436018750715,-4.360569070394091,504.529
477,11,37,19.167805754616904,-4.360569497280914,505.061
478,11,38,28.19357801635047,-4.360569924167738,506.516
479,11,39,37.220180146068195,-4.360570351054561,508.705
480,12,0,41.733552074139695,4.639432887601018,509.999
481,12,1,50.760050043472575,4.639432033827371,512.819
482,12,2,59.78565667311877,4.639430753166902,515.712
483,12,3,68.809798227188,4.6394286187327864,518.409
484,12,4,77.83196585658709,4.6394234960909095,520.678
485,12,5,86.85174291977668,4.639389772031882,522.347
486,12,6,84.1312102714689,-175.3605443737118,523.32
487,12,7,75.11715690680379,-175.36055803409016,523.583
488,12,8,66.10630007067023,-175.36055803409016,523.206
489,12,9,57.09879002722999,-175.36055803409016,522.331
490,12,10,48.094715568942256,-175.36055803409016,521.154
491,12,11,39.09414841279333,-175.36055803409016,519.908
492,12,12,30.09709538897237,-175.36055803409016,518.831
493,12,13,21.103536006911877,-175.36055803409016,518.144
494,12,14,12.113425016608593,-175.36055803409016,518.023
495,12,15,3.1266140748914824,-175.36055803409016,518.585
496,12,16,-5.857062663770239,-175.3605716944685,519.867
497,12,17,-14.837843188780463,-175.3605716944685,521.83
498,12,18,-23.81608416407991,-175.3605716944685,524.35
499,12,19,-32.79218899771644,-175.3605716944685,527.237
500,12,20,-41.76665800104675,-175.3605716944685,530.25
501,12,21,-50.7400683250557,-175.3605716944685,533.115
502,12,22,-59.71309957356573,-175.3605716944685,535.556
503,12,23,-68.68645184096674,-175.3605716944685,537.32
504,12,24,-77.66087644806744,-175.3605716944685,538.2
505,12,25,-86.63711105529819,-175.3606126756035,538.058
506,12,26,-84.38407753492112,4.639460635244522,536.843
507,12,27,-75.40208507822004,4.639444840432065,534.59
508,12,28,-66.41624722501624,4.639440998450658,531.426
509,12,29,-57.426133673392016,4.639439290903365,527.557
510,12,30,-48.43140632898345,4.639438010242896,523.25
511,12,31,-39.43188760687212,4.639437156469249,518.812
512,12,32,-30.42757409196344,4.639436729582426,514.56
513,12,33,-21.418612633324564,4.639436302695603,510.795
514,12,34,-12.405344740414,4.63943587580878,507.774
515,12,35,-3.3881693389679506,4.639435448921957,505.689
516,12,36,5.632318704225554,4.6394350220351335,504.648
517,12,37,14.65546177001549,4.639434595148311,504.67
518,12,38,23.680542475095592,4.639434168261487,505.683
519,12,39,32.70682187837503,4.639433741374664,507.533
520,13,0,46.24687277579242,13.639436126256596,511.382
521,13,1,55.27300533000471,13.63943527248295,514.274
522,13,2,64.29794601620682,13.639433564935658,517.1
523,13,3,73.32115183435975,13.639430149841074,519.609
524,13,4,82.34217199197829,13.639419904557318,521.595
525,13,5,88.63937418029826,-166.36045874589936,522.923
526,13,6,79.62379085325907,-166.36054070816942,523.538
527,13,7,70.61132209248139,-166.36055436854775,523.468
528,13,8,61.60212499231615,-166.36055436854775,522.819
529,13,9,52.59631908107382,-166.36055436854775,521.766
530,13,10,43.593996566308206,-166.36055436854775,520.525
531,13,11,34.59518135368138,-166.36055436854775,519.334
532,13,12,25.599887103571707,-166.36055436854775,518.427
533,13,13,16.60806429710769,-166.36055436854775,518.004
534,13,14,7.619614750320008,-166.36055436854775,518.214
535,13,15,-1.365602302721256,-166.36055436854775,519.137
536,13,16,-10.347801479366433,-166.36056802892608,520.769
537,13,17,-19.327258228338145,-166.36056802892608,523.03
538,13,18,-28.30437392997183,-166.36056802892608,525.762
539,13,19,-37.27959254656355,-166.36056802892608,528.745
540,13,20,-46.25344683286856,-166.36056802892608,531.719
541,13,21,-55.22659077949989,-166.36056802892608,534.405
542,13,22,-64.1996937449962,-166.36056802892608,536.537
543,13,23,-73.17348314450409,-166.36056802892608,537.88
544,13,24,-82.14871371392685,-166.36058168930444,538.262
545,13,25,-88.87384091412646,13.639566753624473,537.585
546,13,26,-79.89353551415039,13.639453201729522,535.84
547,13,27,-70.90967158561672,13.639446371540352,533.111
548,13,28,-61.92175052471607,13.639443810219413,529.564
549,13,29,-52.92936252009823,13.63944210267212,525.44
550,13,30,-43.93225143966933,13.639441248898475,521.028
551,13,31,-34.93032507587557,13.639440395124828,516.644
552,13,32,-25.923656853250527,13.639440395124828,512.6
553,13,33,-16.912480705773277,13.639439541351182,509.178
554,13,34,-7.897209006114959,13.639439541351182,506.606
555,13,35,1.1217003028849204,13.639438687577535,505.035
556,13,36,10.1436018750715,13.639438687577535,504.529
557,13,37,19.167805754616904,13.639437833803889,505.061
558,13,38,28.19357801635047,13.639437833803889,506.516
559,13,39,37.220180146068195,13.639436980030244,508.705
560,14,0,41.733552074139695,22.639426985194305,509.999
561,14,1,50.760050043472575,22.63942527764701,512.819
562,14,2,59.78565667311877,22.63942527764701,515.712
563,14,3,68.809798227188,22.639421862552428,518.409
564,14,4,77.83196585658709,22.63941673991055,520.678
565,14,5,86.85174291977668,22.6393825889647,522.347
566,14,6,84.1312102714689,-157.36055070300534,523.32
567,14,7,75.11715690680379,-157.3605643633837,523.583
568,14,8,66.10630007067023,-157.3605643633837,523.206
569,14,9,57.09879002722999,-157.3605643633837,522.331
570,14,10,48.094715568942256,-157.3605643633837,521.154
571,14,11,39.09414841279333,-157.3605643633837,519.908
572,14,12,30.09709538897237,-157.3605643633837,518.831
573,14,13,21.103536006911877,-157.3605643633837,518.144
574,14,14,12.113425016608593,-157.3605643633837,518.023
575,14,15,3.1266140748914824,-157.3605643633837,518.585
576,14,16,-5.857062663770239,-157.36057802376203,519.867
577,14,17,-14.837843188780463,-157.36057802376203,521.83
578,14,18,-23.81608416407991,-157.36057802376203,524.35
579,14,19,-32.79218899771644,-157.36057802376203,527.237
580,14,20,-41.76665800104675,-157.36057802376203,530.25
581,14,21,-50.7400683250557,-157.36057802376203,533.115
582,14,22,-59.71309957356573,-157.36057802376203,535.556
583,14,23,-68.68645184096674,-157.36057802376203,537.32
584,14,24,-77.66087644806744,-157.36057802376203,538.2
585,14,25,-86.63711105529819,-157.36061900489705,538.058
586,14,26,-84.38407753492112,22.639454305950984,536.843
587,14,27,-75.40208507822004,22.639438938025354,534.59
588,14,28,-66.41624722501624,22.639433815383473,531.426
589,14,29,-57.426133673392016,22.639432107836182,527.557
590,14,30,-48.43140632898345,22.639432107836182,523.25
591,14,31,-39.43188760687212,22.63943040028889,518.812
592,14,32,-30.42757409196344,22.63943040028889,514.56
593,14,33,-21.418612633324564,22.63943040028889,510.795
594,14,34,-12.405344740414,22.639428692741596,507.774
595,14,35,-3.3881693389679506,22.639428692741596,505.689
596,14,36,5.632318704225554,22.639428692741596,504.648
597,14,37,14.65546177001549,22.639428692741596,504.67
598,14,38,23.680542475095592,22.639426985194305,505.683
599,14,39,32.70682187837503,22.639426985194305,507.533
600,15,0,46.24687277579242,31.639430650736706,511.382
601,15,1,55.27300533000471,31.63942723564212,514.274
602,15,2,64.29794601620682,31.63942723564212,517.1
603,15,3,73.32115183435975,31.639423820547535,519.609
604,15,4,82.34217199197829,31.63941357526378,521.595
605,15,5,88.63937418029826,-148.3604650751929,522.923
606,15,6,79.62379085325907,-148.36054703746294,523.538
607,15,7,70.61132209248139,-148.3605606978413,523.468
608,15,8,61.60212499231615,-148.3605606978413,522.819
609,15,9,52.59631908107382,-148.3605606978413,521.766
610,15,10,43.593996566308206,-148.3605606978413,520.525
611,15,11,34.59518135368138,-148.3605606978413,519.334
612,15,12,25.599887103571707,-148.3605606978413,518.427
613,15,13,16.60806429710769,-148.3605606978413,518.004
614,15,14,7.619614750320008,-148.3605606978413,518.214
615,15,15,-1.365602302721256,-148.3605606978413,519.137
616,15,16,-10.347801479366433,-148.36057435821962,520.769
617,15,17,-19.327258228338145,-148.36057435821962,523.03
618,15,18,-28.30437392997183,-148.36057435821962,525.762
619,15,19,-37.27959254656355,-148.36057435821962,528.745
620,15,20,-46.25344683286856,-148.36057435821962,531.719
621,15,21,-55.22659077949989,-148.36057435821962,534.405
622,15,22,-64.1996937449962,-148.36057435821962,536.537
623,15,23,-73.17348314450409,-148.36057435821962,537.88
624,15,24,-82.14871371392685,-148.36058801859798,538.262
625,15,25,-88.87384091412646,31.639560424330938,537.585
626,15,26,-79.89353551415039,31.63944772620963,535.84
627,15,27,-70.90967158561672,31.63944089602046,533.111
628,15,28,-61.92175052471607,31.639437480925878,529.564
629,15,29,-52.92936252009823,31.639437480925878,525.44
630,15,30,-43.93225143966933,31.639434065831292,521.028
631,15,31,-34.93032507587557,31.639434065831292,516.644
632,15,32,-25.923656853250527,31.639434065831292,512.6
633,15,33,-16.912480705773277,31.639434065831292,509.178
634,15,34,-7.897209006114959,31.639434065831292,506.606
635,15,35,1.1217003028849204,31.639434065831292,505.035
636,15,36,10.1436018750715,31.639430650736706,504.529
637,15,37,19.167805754616904,31.639430650736706,505.061
638,15,38,28.19357801635047,31.639430650736706,506.516
639,15,39,37.220180146068195,31.639430650736706,508.705
640,16,0,41.733552074139695,40.63943431627911,509.999
641,16,1,50.760050043472575,40.63943431627911,512.819
642,16,2,59.78565667311877,40.639430901184525,515.712
643,16,3,68.809798227188,40.639430901184525,518.409
644,16,4,77.83196585658709,40.639424070995354,520.678
645,16,5,86.85174291977668,40.6393899200495,522.347
646,16,6,84.1312102714689,-139.36054337192056,523.32
647,16,7,75.11715690680379,-139.36055703229889,523.583
648,16,8,66.10630007067023,-139.36055703229889,523.206
649,16,9,57.09879002722999,-139.36055703229889,522.331
650,16,10,48.094715568942256,-139.36055703229889,521.154
651,16,11,39.09414841279333,-139.36055703229889,519.908
652,16,12,30.09709538897237,-139.36055703229889,518.831
653,16,13,21.103536006911877,-139.36055703229889,518.144
654,16,14,12.113425016608593,-139.36055703229889,518.023
655,16,15,3.1266140748914824,-139.36055703229889,518.585
656,16,16,-5.857062663770239,-139.36057069267721,519.867
657,16,17,-14.837843188780463,-139.36057069267721,521.83
658,16,18,-23.81608416407991,-139.36057069267721,524.35
659,16,19,-32.79218899771644,-139.36057069267721,527.237
660,16,20,-41.76665800104675,-139.36057069267721,530.25
661,16,21,-50.7400683250557,-139.36057069267721,533.115
662,16,22,-59.71309957356573,-139.36057069267721,535.556
663,16,23,-68.68645184096674,-139.36057069267721,537.32
664,16,24,-77.66087644806744,-139.36057069267721,538.2
665,16,25,-86.63711105529819,-139.36061167381226,538.058
666,16,26,-84.38407753492112,40.63946163703579,536.843
667,16,27,-75.40208507822004,40.63944456156286,534.59
668,16,28,-66.41624722501624,40.63944114646828,531.426
669,16,29,-57.426133673392016,40.63944114646828,527.557
670,16,30,-48.43140632898345,40.63943773137369,523.25
671,16,31,-39.43188760687212,40.63943773137369,518.812
672,16,32,-30.42757409196344,40.63943773137369,514.56
673,16,33,-21.418612633324564,40.63943773137369,510.795
674,16,34,-12.405344740414,40.63943773137369,507.774
675,16,35,-3.3881693389679506,40.63943773137369,505.689
676,16,36,5.632318704225554,40.63943431627911,504.648
677,16,37,14.65546177001549,40.63943431627911,504.67
678,16,38,23.680542475095592,40.63943431627911,505.683
679,16,39,32.70682187837503,40.63943431627911,507.533
680,17,0,46.24687277579242,49.63942432144317,511.382
681,17,1,55.27300533000471,49.63942090634858,514.274
682,17,2,64.29794601620682,49.63942090634858,517.1
683,17,3,73.32115183435975,49.639417491254,519.609
684,17,4,82.34217199197829,49.63940724597025,521.595
685,17,5,88.63937418029826,-130.36047140448645,522.923
686,17,6,79.62379085325907,-130.36055336675648,523.538
687,17,7,70.61132209248139,-130.36056702713483,523.468
688,17,8,61.60212499231615,-130.36056702713483,522.819
689,17,9,52.59631908107382,-130.36056702713483,521.766
690,17,10,43.593996566308206,-130.36056702713483,520.525
691,17,11,34.59518135368138,-130.36056702713483,519.334
692,17,12,25.599887103571707,-130.36056702713483,518.427
693,17,13,16.60806429710769,-130.36056702713483,518.004
694,17,14,7.619614750320008,-130.36056702713483,518.214
695,17,15,-1.365602302721256,-130.36056702713483,519.137
696,17,16,-10.347801479366433,-130.36058068751316,520.769
697,17,17,-19.327258228338145,-130.36058068751316,523.03
698,17,18,-28.30437392997183,-130.36058068751316,525.762
699,17,19,-37.27959254656355,-130.36058068751316,528.745
700,17,20,-46.25344683286856,-130.36058068751316,531.719
701,17,21,-55.22659077949989,-130.36058068751316,534.405
702,17,22,-64.1996937449962,-130.36058068751316,536.537
703,17,23,-73.17348314450409,-130.36058068751316,537.88
704,17,24,-82.14871371392685,-130.3605943478915,538.262
705,17,25,-88.87384091412646,49.6395540950374,537.585
706,17,26,-79.89353551415039,49.6394413969161,535.84
707,17,27,-70.90967158561672,49.639434566726926,533.111
708,17,28,-61.92175052471607,49.63943115163234,529.564
709,17,29,-52.92936252009823,49.63943115163234,525.44
710,17,30,-43.93225143966933,49.639427736537755,521.028
711,17,31,-34.93032507587557,49.639427736537755,516.644
712,17,32,-25.923656853250527,49.639427736537755,512.6
713,17,33,-16.912480705773277,49.639427736537755,509.178
714,17,34,-7.897209006114959,49.639427736537755,506.606
715,17,35,1.1217003028849204,49.639427736537755,505.035
716,17,36,10.1436018750715,49.63942432144317,504.529
717,17,37,19.167805754616904,49.63942432144317,505.061
718,17,38,28.19357801635047,49.63942432144317,506.516
719,17,39,37.220180146068195,49.63942432144317,508.705
720,18,0,41.733552074139695,58.639427986985574,509.999
721,18,1,50.760050043472575,58.639427986985574,512.819
722,18,2,59.78565667311877,58.639427986985574,515.712
723,18,3,68.809798227188,58.6394211567964,518.409
724,18,4,77.83196585658709,58.6394211567964,520.678
725,18,5,86.85174291977668,58.63938700585055,522.347
726,18,6,84.1312102714689,-121.36054970121408,523.32
727,18,7,75.11715690680379,-121.36056336159243,523.583
728,18,8,66.10630007067023,-121.36056336159243,523.206
729,18,9,57.09879002722999,-121.36056336159243,522.331
730,18,10,48.094715568942256,-121.36056336159243,521.154
731,18,11,39.09414841279333,-121.36056336159243,519.908
732,18,12,30.09709538897237,-121.36056336159243,518.831
733,18,13,21.103536006911877,-121.36056336159243,518.144
734,18,14,12.113425016608593,-121.36056336159243,518.023
735,18,15,3.1266140748914824,-121.36056336159243,518.585
736,18,16,-5.857062663770239,-121.36057702197077,519.867
737,18,17,-14.837843188780463,-121.36057702197077,521.83
738,18,18,-23.81608416407991,-121.36057702197077,524.35
739,18,19,-32.79218899771644,-121.36057702197077,527.237
740,18,20,-41.76665800104675,-121.36057702197077,530.25
741,18,21,-50.7400683250557,-121.36057702197077,533.115
742,18,22,-59.71309957356573,-121.36057702197077,535.556
743,18,23,-68.68645184096674,-121.36057702197077,537.32
744,18,24,-77.66087644806744,-121.36057702197077,538.2
745,18,25,-86.63711105529819,-121.36061800310578,538.058
746,18,26,-84.38407753492112,58.63945530774225,536.843
747,18,27,-75.40208507822004,58.63944164736391,534.59
748,18,28,-66.41624722501624,58.63943481717474,531.426
749,18,29,-57.426133673392016,58.63943481717474,527.557
750,18,30,-48.43140632898345,58.63943481717474,523.25
751,18,31,-39.43188760687212,58.63943481717474,518.812
752,18,32,-30.42757409196344,58.639427986985574,514.56
753,18,33,-21.418612633324564,58.639427986985574,510.795
754,18,34,-12.405344740414,58.639427986985574,507.774
755,18,35,-3.3881693389679506,58.639427986985574,505.689
756,18,36,5.632318704225554,58.639427986985574,504.648
757,18,37,14.65546177001549,58.639427986985574,504.67
758,18,38,23.680542475095592,58.639427986985574,505.683
759,18,39,32.70682187837503,58.639427986985574,507.533
760,19,0,46.24687277579242,67.63943165252797,511.382
761,19,1,55.27300533000471,67.63943165252797,514.274
762,19,2,64.29794601620682,67.63943165252797,517.1
763,19,3,73.32115183435975,67.6394248223388,519.609
764,19,4,82.34217199197829,67.63941799214963,521.595
765,19,5,88.63937418029826,-112.36046407340164,522.923
766,19,6,79.62379085325907,-112.36055286586085,523.538
767,19,7,70.61132209248139,-112.36055969605002,523.468
768,19,8,61.60212499231615,-112.36055969605002,522.819
769,19,9,52.59631908107382,-112.3605665262392,521.766
770,19,10,43.593996566308206,-112.3605665262392,520.525
771,19,11,34.59518135368138,-112.3605665262392,519.334
772,19,12,25.599887103571707,-112.3605665262392,518.427
773,19,13,16.60806429710769,-112.3605665262392,518.004
774,19,14,7.619614750320008,-112.3605665262392,518.214
775,19,15,-1.365602302721256,-112.3605665262392,519.137
776,19,16,-10.347801479366433,-112.3605665262392,520.769
777,19,17,-19.327258228338145,-112.3605665262392,523.03
778,19,18,-28.30437392997183,-112.3605665262392,525.762
779,19,19,-37.27959254656355,-112.3605665262392,528.745
780,19,20,-46.25344683286856,-112.3605665262392,531.719
781,19,21,-55.22659077949989,-112.36057335642836,534.405
782,19,22,-64.1996937449962,-112.36057335642836,536.537
783,19,23,-73.17348314450409,-112.36057335642836,537.88
784,19,24,-82.14871371392685,-112.3605870168067,538.262
785,19,25,-88.87384091412646,67.6395614261222,537.585
786,19,26,-79.89353551415039,67.63944531290632,535.84
787,19,27,-70.90967158561672,67.63943848271714,533.111
788,19,28,-61.92175052471607,67.63943848271714,529.564
789,19,29,-52.92936252009823,67.63943848271714,525.44
790,19,30,-43.93225143966933,67.63943848271714,521.028
791,19,31,-34.93032507587557,67.63943848271714,516.644
792,19,32,-25.923656853250527,67.63943165252797,512.6
793,19,33,-16.912480705773277,67.63943165252797,509.178
794,19,34,-7.897209006114959,67.63943165252797,506.606
795,19,35,1.1217003028849204,67.63943165252797,505.035
796,19,36,10.1436018750715,67.63943165252797,504.529
797,19,37,19.167805754616904,67.63943165252797,505.061
798,19,38,28.19357801635047,67.63943165252797,506.516
799,19,39,37.220180146068195,67.63943165252797,508.705
800,20,0,41.733552074139695,76.63943531807037,509.999
801,20,1,50.760050043472575,76.63943531807037,512.819
802,20,2,59.78565667311877,76.63943531807037,515.712
803,20,3,68.809798227188,76.6394284878812,518.409
804,20,4,77.83196585658709,76.6394284878812,520.678
805,20,5,86.85174291977668,76.63939433693535,522.347
806,20,6,84.1312102714689,-103.3605355399401,523.32
807,20,7,75.11715690680379,-103.36055603050762,523.583
808,20,8,66.10630007067023,-103.36055603050762,523.206
809,20,9,57.09879002722999,-103.36055603050762,522.331
810,20,10,48.094715568942256,-103.36056286069679,521.154
811,20,11,39.09414841279333,-103.36056286069679,519.908
812,20,12,30.09709538897237,-103.36056286069679,518.831
813,20,13,21.103536006911877,-103.36056286069679,518.144
814,20,14,12.113425016608593,-103.36056286069679,518.023
815,20,15,3.1266140748914824,-103.36056286069679,518.585
816,20,16,-5.857062663770239,-103.36056286069679,519.867
817,20,17,-14.837843188780463,-103.36056286069679,521.83
818,20,18,-23.81608416407991,-103.36056286069679,524.35
819,20,19,-32.79218899771644,-103.36056286069679,527.237
820,20,20,-41.76665800104675,-103.36056286069679,530.25
821,20,21,-50.7400683250557,-103.36056286069679,533.115
822,20,22,-59.71309957356573,-103.36056969088595,535.556
823,20,23,-68.68645184096674,-103.36056969088595,537.32
824,20,24,-77.66087644806744,-103.36057652107513,538.2
825,20,25,-86.63711105529819,-103.3606038418318,538.058
826,20,26,-84.38407753492112,76.63946263882706,536.843
827,20,27,-75.40208507822004,76.63944897844871,534.59
828,20,28,-66.41624722501624,76.63944214825955,531.426
829,20,29,-57.426133673392016,76.63944214825955,527.557
830,20,30,-48.43140632898345,76.63944214825955,523.25
831,20,31,-39.43188760687212,76.63944214825955,518.812
832,20,32,-30.42757409196344,76.63943531807037,514.56
833,20,33,-21.418612633324564,76.63943531807037,510.795
834,20,34,-12.405344740414,76.63943531807037,507.774
835,20,35,-3.3881693389679506,76.63943531807037,505.689
836,20,36,5.632318704225554,76.63943531807037,504.648
837,20,37,14.65546177001549,76.63943531807037,504.67
838,20,38,23.680542475095592,76.63943531807037,505.683
839,20,39,32.70682187837503,76.63943531807037,507.533
840,21,0,46.24687277579242,85.63942532323443,511.382
841,21,1,55.27300533000471,85.63942532323443,514.274
842,21,2,64.29794601620682,85.63942532323443,517.1
843,21,3,73.32115183435975,85.63941849304527,519.609
844,21,4,82.34217199197829,85.63941166285609,521.595
845,21,5,88.63937418029826,-94.36047040269517,522.923
846,21,6,79.62379085325907,-94.3605591951544,523.538
847,21,7,70.61132209248139,-94.36056602534356,523.468
848,21,8,61.60212499231615,-94.36056602534356,522.819
849,21,9,52.59631908107382,-94.36057285553272,521.766
850,21,10,43.593996566308206,-94.36057285553272,520.525
851,21,11,34.59518135368138,-94.36057285553272,519.334
852,21,12,25.599887103571707,-94.36057285553272,518.427
853,21,13,16.60806429710769,-94.36057285553272,518.004
854,21,14,7.619614750320008,-94.36057285553272,518.214
855,21,15,-1.365602302721256,-94.36057285553272,519.137
856,21,16,-10.347801479366433,-94.36057285553272,520.769
857,21,17,-19.327258228338145,-94.36057285553272,523.03
858,21,18,-28.30437392997183,-94.36057285553272,525.762
859,21,19,-37.27959254656355,-94.36057285553272,528.745
860,21,20,-46.25344683286856,-94.36057285553272,531.719
861,21,21,-55.22659077949989,-94.3605796857219,534.405
862,21,22,-64.1996937449962,-94.3605796857219,536.537
863,21,23,-73.17348314450409,-94.3605796857219,537.88
864,21,24,-82.14871371392685,-94.36059334610023,538.262
865,21,25,-88.87384091412646,85.63955509682867,537.585
866,21,26,-79.89353551415039,85.63943898361278,535.84
867,21,27,-70.90967158561672,85.63943215342361,533.111
868,21,28,-61.92175052471607,85.63943215342361,529.564
869,21,29,-52.92936252009823,85.63943215342361,525.44
870,21,30,-43.93225143966933,85.63943215342361,521.028
871,21,31,-34.93032507587557,85.63943215342361,516.644
872,21,32,-25.923656853250527,85.63942532323443,512.6
873,21,33,-16.912480705773277,85.63942532323443,509.178
874,21,34,-7.897209006114959,85.63942532323443,506.606
875,21,35,1.1217003028849204,85.63942532323443,505.035
876,21,36,10.1436018750715,85.63942532323443,504.529
877,21,37,19.167805754616904,85.63942532323443,505.061
878,21,38,28.19357801635047,85.63942532323443,506.516
879,21,39,37.220180146068195,85.63942532323443,508.705
880,22,0,41.733552074139695,94.63942898877684,509.999
881,22,1,50.760050043472575,94.63942898877684,512.819
882,22,2,59.78565667311877,94.63942898877684,515.712
883,22,3,68.809798227188,94.63942215858766,518.409
884,22,4,77.83196585658709,94.63942215858766,520.678
885,22,5,86.85174291977668,94.63938800764181,522.347
886,22,6,84.1312102714689,-85.36054186923364,523.32
887,22,7,75.11715690680379,-85.36056235980115,523.583
888,22,8,66.10630007067023,-85.36056235980115,523.206
889,22,9,57.09879002722999,-85.36056235980115,522.331
890,22,10,48.094715568942256,-85.36056918999033,521.154
891,22,11,39.09414841279333,-85.36056918999033,519.908
892,22,12,30.09709538897237,-85.36056918999033,518.831
893,22,13,21.103536006911877,-85.36056918999033,518.144
894,22,14,12.113425016608593,-85.36056918999033,518.023
895,22,15,3.1266140748914824,-85.36056918999033,518.585
896,22,16,-5.857062663770239,-85.36056918999033,519.867
897,22,17,-14.837843188780463,-85.36056918999033,521.83
898,22,18,-23.81608416407991,-85.36056918999033,524.35
899,22,19,-32.79218899771644,-85.36056918999033,527.237
900,22,20,-41.76665800104675,-85.36056918999033,530.25
901,22,21,-50.7400683250557,-85.36056918999033,533.115
902,22,22,-59.71309957356573,-85.3605760201795,535.556
903,22,23,-68.68645184096674,-85.3605760201795,537.32
904,22,24,-77.66087644806744,-85.36058285036867,538.2
905,22,25,-86.63711105529819,-85.36061017112534,538.058
906,22,26,-84.38407753492112,94.63945630953351,536.843
907,22,27,-75.40208507822004,94.63944264915517,534.59
908,22,28,-66.41624722501624,94.639435818966,531.426
909,22,29,-57.426133673392016,94.639435818966,527.557
910,22,30,-48.43140632898345,94.639435818966,523.25
911,22,31,-39.43188760687212,94.639435818966,518.812
912,22,32,-30.42757409196344,94.63942898877684,514.56
913,22,33,-21.418612633324564,94.63942898877684,510.795
914,22,34,-12.405344740414,94.63942898877684,507.774
915,22,35,-3.3881693389679506,94.63942898877684,505.689
916,22,36,5.632318704225554,94.63942898877684,504.648
917,22,37,14.65546177001549,94.63942898877684,504.67
918,22,38,23.680542475095592,94.63942898877684,505.683
919,22,39,32.70682187837503,94.63942898877684,507.533
920,23,0,46.24687277579242,103.63943265431924,511.382
921,23,1,55.27300533000471,103.63943265431924,514.274
922,23,2,64.29794601620682,103.63943265431924,517.1
923,23,3,73.32115183435975,103.63942582413007,519.609
924,23,4,82.34217199197829,103.6394189939409,521.595
925,23,5,88.63937418029826,-76.36046307161037,522.923
926,23,6,79.62379085325907,-76.36055186406958,523.538
927,23,7,70.61132209248139,-76.36055869425876,523.468
928,23,8,61.60212499231615,-76.36055869425876,522.819
929,23,9,52.59631908107382,-76.36056552444792,521.766
930,23,10,43.593996566308206,-76.36056552444792,520.525
931,23,11,34.59518135368138,-76.36056552444792,519.334
932,23,12,25.599887103571707,-76.36056552444792,518.427
933,23,13,16.60806429710769,-76.36056552444792,518.004
934,23,14,7.619614750320008,-76.36056552444792,518.214
935,23,15,-1.365602302721256,-76.36056552444792,519.137
936,23,16,-10.347801479366433,-76.36056552444792,520.769
937,23,17,-19.327258228338145,-76.36056552444792,523.03
938,23,18,-28.30437392997183,-76.36056552444792,525.762
939,23,19,-37.27959254656355,-76.36056552444792,528.745
940,23,20,-46.25344683286856,-76.36056552444792,531.719
941,23,21,-55.22659077949989,-76.3605723546371,534.405
942,23,22,-64.1996937449962,-76.3605723546371,536.537
943,23,23,-73.17348314450409,-76.3605723546371,537.88
944,23,24,-82.14871371392685,-76.36058601501543,538.262
945,23,25,-88.87384091412646,103.63956242791348,537.585
946,23,26,-79.89353551415039,103.63944631469758,535.84
947,23,27,-70.90967158561672,103.63943948450842,533.111
948,23,28,-61.92175052471607,103.63943948450842,529.564
949,23,29,-52.92936252009823,103.63943948450842,525.44
950,23,30,-43.93225143966933,103.63943948450842,521.028
951,23,31,-34.93032507587557,103.63943948450842,516.644
952,23,32,-25.923656853250527,103.63943265431924,512.6
953,23,33,-16.912480705773277,103.63943265431924,509.178
954,23,34,-7.897209006114959,103.63943265431924,506.606
955,23,35,1.1217003028849204,103.63943265431924,505.035
956,23,36,10.1436018750715,103.63943265431924,504.529
957,23,37,19.167805754616904,103.63943265431924,505.061
958,23,38,28.19357801635047,103.63943265431924,506.516
959,23,39,37.220180146068195,103.63943265431924,508.705
960,24,0,41.733552074139695,112.63943631986164,509.999
961,24,1,50.760050043472575,112.63943631986164,512.819
962,24,2,59.78565667311877,112.63943631986164,515.712
963,24,3,68.809798227188,112.63942948967247,518.409
964,24,4,77.83196585658709,112.63942948967247,520.678
965,24,5,86.85174291977668,112.63939533872662,522.347
966,24,6,84.1312102714689,-67.36053453814884,523.32
967,24,7,75.11715690680379,-67.36055502871635,523.583
968,24,8,66.10630007067023,-67.36055502871635,523.206
969,24,9,57.09879002722999,-67.36055502871635,522.331
970,24,10,48.094715568942256,-67.36056185890553,521.154
971,24,11,39.09414841279333,-67.36056185890553,519.908
972,24,12,30.09709538897237,-67.36056185890553,518.831
973,24,13,21.103536006911877,-67.36056185890553,518.144
974,24,14,12.113425016608593,-67.36056185890553,518.023
975,24,15,3.1266140748914824,-67.36056185890553,518.585
976,24,16,-5.857062663770239,-67.36056185890553,519.867
977,24,17,-14.837843188780463,-67.36056185890553,521.83
978,24,18,-23.81608416407991,-67.36056185890553,524.35
979,24,19,-32.79218899771644,-67.36056185890553,527.237
980,24,20,-41.76665800104675,-67.36056185890553,530.25
981,24,21,-50.7400683250557,-67.36056185890553,533.115
982,24,22,-59.71309957356573,-67.36056868909469,535.556
983,24,23,-68.68645184096674,-67.36056868909469,537.32
984,24,24,-77.66087644806744,-67.36057551928386,538.2
985,24,25,-86.63711105529819,-67.36060284004054,538.058
986,24,26,-84.38407753492112,112.63946364061832,536.843
987,24,27,-75.40208507822004,112.63944998023999,534.59
988,24,28,-66.41624722501624,112.63944315005081,531.426
989,24,29,-57.426133673392016,112.63944315005081,527.557
990,24,30,-48.43140632898345,112.63944315005081,523.25
991,24,31,-39.43188760687212,112.63944315005081,518.812
992,24,32,-30.42757409196344,112.63943631986164,514.56
993,24,33,-21.418612633324564,112.63943631986164,510.795
994,24,34,-12.405344740414,112.63943631986164,507.774
995,24,35,-3.3881693389679506,112.63943631986164,505.689
996,24,36,5.632318704225554,112.63943631986164,504.648
997,24,37,14.65546177001549,112.63943631986164,504.67
998,24,38,23.680542475095592,112.63943631986164,505.683
999,24,39,32.70682187837503,112.63943631986164,507.533
1000,25,0,46.24687277579242,121.63942632502571,511.382
1001,25,1,55.27300533000471,121.63942632502571,514.274
1002,25,2,64.29794601620682,121.63942632502571,517.1
1003,25,3,73.32115183435975,121.63942632502571,519.609
1004,25,4,82.34217199197829,121.63941266464737,521.595
1005,25,5,88.63937418029826,-58.36046940090391,522.923
1006,25,6,79.62379085325907,-58.36055819336312,523.538
1007,25,7,70.61132209248139,-58.36056502355229,523.468
1008,25,8,61.60212499231615,-58.36056502355229,522.819
1009,25,9,52.59631908107382,-58.36057185374146,521.766
1010,25,10,43.593996566308206,-58.36057185374146,520.525
1011,25,11,34.59518135368138,-58.36057185374146,519.334
1012,25,12,25.599887103571707,-58.36057185374146,518.427
1013,25,13,16.60806429710769,-58.36057185374146,518.004
1014,25,14,7.619614750320008,-58.36057185374146,518.214
1015,25,15,-1.365602302721256,-58.36057185374146,519.137
1016,25,16,-10.347801479366433,-58.36057185374146,520.769
1017,25,17,-19.327258228338145,-58.36057185374146,523.03
1018,25,18,-28.30437392997183,-58.36057185374146,525.762
1019,25,19,-37.27959254656355,-58.36057185374146,528.745
1020,25,20,-46.25344683286856,-58.36057185374146,531.719
1021,25,21,-55.22659077949989,-58.36057868393063,534.405
1022,25,22,-64.1996937449962,-58.36057868393063,536.537
1023,25,23,-73.17348314450409,-58.36057868393063,537.88
1024,25,24,-82.14871371392685,-58.36059234430897,538.262
1025,25,25,-88.87384091412646,121.63954926843077,537.585
1026,25,26,-79.89353551415039,121.63943998540404,535.84
1027,25,27,-70.90967158561672,121.63943998540404,533.111
1028,25,28,-61.92175052471607,121.63942632502571,529.564
1029,25,29,-52.92936252009823,121.63942632502571,525.44
1030,25,30,-43.93225143966933,121.63942632502571,521.028
1031,25,31,-34.93032507587557,121.63942632502571,516.644
1032,25,32,-25.923656853250527,121.63942632502571,512.6
1033,25,33,-16.912480705773277,121.63942632502571,509.178
1034,25,34,-7.897209006114959,121.63942632502571,506.606
1035,25,35,1.1217003028849204,121.63942632502571,505.035
1036,25,36,10.1436018750715,121.63942632502571,504.529
1037,25,37,19.167805754616904,121.63942632502571,505.061
1038,25,38,28.19357801635047,121.63942632502571,506.516
1039,25,39,37.220180146068195,121.63942632502571,508.705
1040,26,0,41.733552074139695,130.63944365094645,509.999
1041,26,1,50.760050043472575,130.63944365094645,512.819
1042,26,2,59.78565667311877,130.63944365094645,515.712
1043,26,3,68.809798227188,130.63944365094645,518.409
1044,26,4,77.83196585658709,130.63942999056812,520.678
1045,26,5,86.85174291977668,130.63940266981143,522.347
1046,26,6,84.1312102714689,-49.36053062215862,523.32
1047,26,7,75.11715690680379,-49.360544282536964,523.583
1048,26,8,66.10630007067023,-49.360547697631546,523.206
1049,26,9,57.09879002722999,-49.360551112726135,522.331
1050,26,10,48.094715568942256,-49.360551112726135,521.154
1051,26,11,39.09414841279333,-49.360551112726135,519.908
1052,26,12,30.09709538897237,-49.36055452782072,518.831
1053,26,13,21.103536006911877,-49.36055452782072,518.144
1054,26,14,12.113425016608593,-49.36055452782072,518.023
1055,26,15,3.1266140748914824,-49.36055452782072,518.585
1056,26,16,-5.857062663770239,-49.36055452782072,519.867
1057,26,17,-14.837843188780463,-49.36055452782072,521.83
1058,26,18,-23.81608416407991,-49.36055452782072,524.35
1059,26,19,-32.79218899771644,-49.36055452782072,527.237
1060,26,20,-41.76665800104675,-49.36055794291531,530.25
1061,26,21,-50.7400683250557,-49.36055794291531,533.115
1062,26,22,-59.71309957356573,-49.36055794291531,535.556
1063,26,23,-68.68645184096674,-49.36056135800989,537.32
1064,26,24,-77.66087644806744,-49.36056477310447,538.2
1065,26,25,-86.63711105529819,-49.36059550895574,538.058
1066,26,26,-84.38407753492112,130.63947097170313,536.843
1067,26,27,-75.40208507822004,130.63945731132478,534.59
1068,26,28,-66.41624722501624,130.63945731132478,531.426
1069,26,29,-57.426133673392016,130.63944365094645,527.557
1070,26,30,-48.43140632898345,130.63944365094645,523.25
1071,26,31,-39.43188760687212,130.63944365094645,518.812
1072,26,32,-30.42757409196344,130.63944365094645,514.56
1073,26,33,-21.418612633324564,130.63944365094645,510.795
1074,26,34,-12.405344740414,130.63944365094645,507.774
1075,26,35,-3.3881693389679506,130.63944365094645,505.689
1076,26,36,5.632318704225554,130.63944365094645,504.648
1077,26,37,14.65546177001549,130.63944365094645,504.67
1078,26,38,23.680542475095592,130.63944365094645,505.683
1079,26,39,32.70682187837503,130.63944365094645,507.533
1080,27,0,46.24687277579242,139.63941999573217,511.382
1081,27,1,55.27300533000471,139.63941999573217,514.274
1082,27,2,64.29794601620682,139.63941999573217,517.1
1083,27,3,73.32115183435975,139.63941999573217,519.609
1084,27,4,82.34217199197829,139.63940633535384,521.595
1085,27,5,88.63937418029826,-40.36047231510286,522.923
1086,27,6,79.62379085325907,-40.36056452265666,523.538
1087,27,7,70.61132209248139,-40.360571352845824,523.468
1088,27,8,61.60212499231615,-40.36057476794041,522.819
1089,27,9,52.59631908107382,-40.36057476794041,521.766
1090,27,10,43.593996566308206,-40.36057476794041,520.525
1091,27,11,34.59518135368138,-40.36057476794041,519.334
1092,27,12,25.599887103571707,-40.360578183034995,518.427
1093,27,13,16.60806429710769,-40.360578183034995,518.004
1094,27,14,7.619614750320008,-40.360578183034995,518.214
1095,27,15,-1.365602302721256,-40.360578183034995,519.137
1096,27,16,-10.347801479366433,-40.360578183034995,520.769
1097,27,17,-19.327258228338145,-40.360578183034995,523.03
1098,27,18,-28.30437392997183,-40.360578183034995,525.762
1099,27,19,-37.27959254656355,-40.360581598129585,528.745
1100,27,20,-46.25344683286856,-40.360581598129585,531.719
1101,27,21,-55.22659077949989,-40.360581598129585,534.405
1102,27,22,-64.1996937449962,-40.360581598129585,536.537
1103,27,23,-73.17348314450409,-40.36058501322417,537.88
1104,27,24,-82.14871371392685,-40.36059525850792,538.262
1105,27,25,-88.87384091412646,139.63954293913721,537.585
1106,27,26,-79.89353551415039,139.6394336561105,535.84
1107,27,27,-70.90967158561672,139.6394336561105,533.111
1108,27,28,-61.92175052471607,139.63941999573217,529.564
1109,27,29,-52.92936252009823,139.63941999573217,525.44
1110,27,30,-43.93225143966933,139.63941999573217,521.028
1111,27,31,-34.93032507587557,139.63941999573217,516.644
1112,27,32,-25.923656853250527,139.63941999573217,512.6
1113,27,33,-16.912480705773277,139.63941999573217,509.178
1114,27,34,-7.897209006114959,139.63941999573217,506.606
1115,27,35,1.1217003028849204,139.63941999573217,505.035
1116,27,36,10.1436018750715,139.63941999573217,504.529
1117,27,37,19.167805754616904,139.63941999573217,505.061
1118,27,38,28.19357801635047,139.63941999573217,506.516
1119,27,39,37.220180146068195,139.63941999573217,508.705
1120,28,0,41.733552074139695,148.63942366127458,509.999
1121,28,1,50.760050043472575,148.63942366127458,512.819
1122,28,2,59.78565667311877,148.63942366127458,515.712
1123,28,3,68.809798227188,148.63942366127458,518.409
1124,28,4,77.83196585658709,148.63941000089622,520.678
1125,28,5,86.85174291977668,148.63938268013956,522.347
1126,28,6,84.1312102714689,-31.3605506118305,523.32
1127,28,7,75.11715690680379,-31.36056427220884,523.583
1128,28,8,66.10630007067023,-31.360567687303426,523.206
1129,28,9,57.09879002722999,-31.360571102398012,522.331
1130,28,10,48.094715568942256,-31.360571102398012,521.154
1131,28,11,39.09414841279333,-31.360571102398012,519.908
1132,28,12,30.09709538897237,-31.360574517492594,518.831
1133,28,13,21.103536006911877,-31.360574517492594,518.144
1134,28,14,12.113425016608593,-31.360574517492594,518.023
1135,28,15,3.1266140748914824,-31.360574517492594,518.585
1136,28,16,-5.857062663770239,-31.360574517492594,519.867
1137,28,17,-14.837843188780463,-31.360574517492594,521.83
1138,28,18,-23.81608416407991,-31.360574517492594,524.35
1139,28,19,-32.79218899771644,-31.360574517492594,527.237
1140,28,20,-41.76665800104675,-31.36057793258718,530.25
1141,28,21,-50.7400683250557,-31.36057793258718,533.115
1142,28,22,-59.71309957356573,-31.36057793258718,535.556
1143,28,23,-68.68645184096674,-31.360581347681766,537.32
1144,28,24,-77.66087644806744,-31.36058476277635,538.2
1145,28,25,-86.63711105529819,-31.360615498627617,538.058
1146,28,26,-84.38407753492112,148.63945098203124,536.843
1147,28,27,-75.40208507822004,148.6394373216529,534.59
1148,28,28,-66.41624722501624,148.6394373216529,531.426
1149,28,29,-57.426133673392016,148.63942366127458,527.557
1150,28,30,-48.43140632898345,148.63942366127458,523.25
1151,28,31,-39.43188760687212,148.63942366127458,518.812
1152,28,32,-30.42757409196344,148.63942366127458,514.56
1153,28,33,-21.418612633324564,148.63942366127458,510.795
1154,28,34,-12.405344740414,148.63942366127458,507.774
1155,28,35,-3.3881693389679506,148.63942366127458,505.689
1156,28,36,5.632318704225554,148.63942366127458,504.648
1157,28,37,14.65546177001549,148.63942366127458,504.67
1158,28,38,23.680542475095592,148.63942366127458,505.683
1159,28,39,32.70682187837503,148.63942366127458,507.533
1160,29,0,46.24687277579242,157.63942732681696,511.382
1161,29,1,55.27300533000471,157.63942732681696,514.274
1162,29,2,64.29794601620682,157.63942732681696,517.1
1163,29,3,73.32115183435975,157.63942732681696,519.609
1164,29,4,82.34217199197829,157.63941366643863,521.595
1165,29,5,88.63937418029826,-22.36046498401806,522.923
1166,29,6,79.62379085325907,-22.360557191571854,523.538
1167,29,7,70.61132209248139,-22.360564021761025,523.468
1168,29,8,61.60212499231615,-22.360565729308316,522.819
1169,29,9,52.59631908107382,-22.360567436855607,521.766
1170,29,10,43.593996566308206,-22.360569144402902,520.525
1171,29,11,34.59518135368138,-22.360569144402902,519.334
1172,29,12,25.599887103571707,-22.360569144402902,518.427
1173,29,13,16.60806429710769,-22.360570851950193,518.004
1174,29,14,7.619614750320008,-22.360570851950193,518.214
1175,29,15,-1.365602302721256,-22.360570851950193,519.137
1176,29,16,-10.347801479366433,-22.360570851950193,520.769
1177,29,17,-19.327258228338145,-22.360570851950193,523.03
1178,29,18,-28.30437392997183,-22.360572559497488,525.762
1179,29,19,-37.27959254656355,-22.360572559497488,528.745
1180,29,20,-46.25344683286856,-22.360572559497488,531.719
1181,29,21,-55.22659077949989,-22.36057426704478,534.405
1182,29,22,-64.1996937449962,-22.36057597459207,536.537
1183,29,23,-73.17348314450409,-22.360579389686656,537.88
1184,29,24,-82.14871371392685,-22.360589634970413,538.262
1185,29,25,-88.87384091412646,157.63955027022203,537.585
1186,29,26,-79.89353551415039,157.63944098719531,535.84
1187,29,27,-70.90967158561672,157.63944098719531,533.111
1188,29,28,-61.92175052471607,157.63942732681696,529.564
1189,29,29,-52.92936252009823,157.63942732681696,525.44
1190,29,30,-43.93225143966933,157.63942732681696,521.028
1191,29,31,-34.93032507587557,157.63942732681696,516.644
1192,29,32,-25.923656853250527,157.63942732681696,512.6
1193,29,33,-16.912480705773277,157.63942732681696,509.178
1194,29,34,-7.897209006114959,157.63942732681696,506.606
1195,29,35,1.1217003028849204,157.63942732681696,505.035
1196,29,36,10.1436018750715,157.63942732681696,504.529
1197,29,37,19.167805754616904,157.63942732681696,505.061
1198,29,38,28.19357801635047,157.63942732681696,506.516
1199,29,39,37.220180146068195,157.63942732681696,508.705
1200,30,0,41.733552074139695,166.63943099235937,509.999
1201,30,1,50.760050043472575,166.63943099235937,512.819
1202,30,2,59.78565667311877,166.63943099235937,515.712
1203,30,3,68.809798227188,166.63943099235937,518.409
1204,30,4,77.83196585658709,166.63941733198104,520.678
1205,30,5,86.85174291977668,166.63939001122435,522.347
1206,30,6,84.1312102714689,-13.360542426972051,523.32
1207,30,7,75.11715690680379,-13.360557794897684,523.583
1208,30,8,66.10630007067023,-13.360561209992268,523.206
1209,30,9,57.09879002722999,-13.36056291753956,522.331
1210,30,10,48.094715568942256,-13.360564625086853,521.154
1211,30,11,39.09414841279333,-13.360565478860499,519.908
1212,30,12,30.09709538897237,-13.360565478860499,518.831
1213,30,13,21.103536006911877,-13.360566332634146,518.144
1214,30,14,12.113425016608593,-13.360566332634146,518.023
1215,30,15,3.1266140748914824,-13.360567186407792,518.585
1216,30,16,-5.857062663770239,-13.360567186407792,519.867
1217,30,17,-14.837843188780463,-13.36056804018144,521.83
1218,30,18,-23.81608416407991,-13.36056804018144,524.35
1219,30,19,-32.79218899771644,-13.360568893955085,527.237
1220,30,20,-41.76665800104675,-13.36056974772873,530.25
1221,30,21,-50.7400683250557,-13.36056974772873,533.115
1222,30,22,-59.71309957356573,-13.360571455276023,535.556
1223,30,23,-68.68645184096674,-13.360573162823316,537.32
1224,30,24,-77.66087644806744,-13.360578285465193,538.2
1225,30,25,-86.63711105529819,-13.360609875090105,538.058
1226,30,26,-84.38407753492112,166.63945831311605,536.843
1227,30,27,-75.40208507822004,166.63944465273772,534.59
1228,30,28,-66.41624722501624,166.63944465273772,531.426
1229,30,29,-57.426133673392016,166.63943099235937,527.557
1230,30,30,-48.43140632898345,166.63943099235937,523.25
1231,30,31,-39.43188760687212,166.63943099235937,518.812
1232,30,32,-30.42757409196344,166.63943099235937,514.56
1233,30,33,-21.418612633324564,166.63943099235937,510.795
1234,30,34,-12.405344740414,166.63943099235937,507.774
1235,30,35,-3.3881693389679506,166.63943099235937,505.689
1236,30,36,5.632318704225554,166.63943099235937,504.648
1237,30,37,14.65546177001549,166.63943099235937,504.67
1238,30,38,23.680542475095592,166.63943099235937,505.683
1239,30,39,32.70682187837503,166.63943099235937,507.533
1240,31,0,46.24687277579242,175.63943465790177,511.382
1241,31,1,55.27300533000471,175.63943465790177,514.274
1242,31,2,64.29794601620682,175.63943465790177,517.1
1243,31,3,73.32115183435975,175.63943465790177,519.609
1244,31,4,82.34217199197829,175.63942099752344,521.595
1245,31,5,88.63937418029826,-4.360458079820078,522.923
1246,31,6,79.62379085325907,-4.36054986048705,523.538
1247,31,7,70.61132209248139,-4.360556263789397,523.468
1248,31,8,61.60212499231615,-4.360558825110336,522.819
1249,31,9,52.59631908107382,-4.360560105770806,521.766
1250,31,10,43.593996566308206,-4.360560959544451,520.525
1251,31,11,34.59518135368138,-4.360561813318098,519.334
1252,31,12,25.599887103571707,-4.360562240204922,518.427
1253,31,13,16.60806429710769,-4.360562667091744,518.004
1254,31,14,7.619614750320008,-4.360563093978567,518.214
1255,31,15,-1.365602302721256,-4.360563520865391,519.137
1256,31,16,-10.347801479366433,-4.360563947752214,520.769
1257,31,17,-19.327258228338145,-4.360564374639036,523.03
1258,31,18,-28.30437392997183,-4.36056480152586,525.762
1259,31,19,-37.27959254656355,-4.360565228412683,528.745
1260,31,20,-46.25344683286856,-4.360566082186329,531.719
1261,31,21,-55.22659077949989,-4.360566935959976,534.405
1262,31,22,-64.1996937449962,-4.360568643507268,536.537
1263,31,23,-73.17348314450409,-4.36057163171503,537.88
1264,31,24,-82.14871371392685,-4.360581450111962,538.262
1265,31,25,-88.87384091412646,175.63955760130682,537.585
1266,31,26,-79.89353551415039,175.6394483182801,535.84
1267,31,27,-70.90967158561672,175.6394483182801,533.111
1268,31,28,-61.92175052471607,175.63943465790177,529.564
1269,31,29,-52.92936252009823,175.63943465790177,525.44
1270,31,30,-43.93225143966933,175.63943465790177,521.028
1271,31,31,-34.93032507587557,175.63943465790177,516.644
1272,31,32,-25.923656853250527,175.63943465790177,512.6
1273,31,33,-16.912480705773277,175.63943465790177,509.178
1274,31,34,-7.897209006114959,175.63943465790177,506.606
1275,31,35,1.1217003028849204,175.63943465790177,505.035
1276,31,36,10.1436018750715,175.63943465790177,504.529
1277,31,37,19.167805754616904,175.63943465790177,505.061
1278,31,38,28.19357801635047,175.63943465790177,506.516
1279,31,39,37.220180146068195,175.63943465790177,508.705
1280,32,0,41.733552074139695,-175.36055803409016,509.999
1281,32,1,50.760050043472575,-175.36055803409016,512.819
1282,32,2,59.78565667311877,-175.36055803409016,515.712
1283,32,3,68.809798227188,-175.3605716944685,518.409
1284,32,4,77.83196585658709,-175.3605716944685,520.678
1285,32,5,86.85174291977668,-175.36059901522518,522.347
1286,32,6,84.1312102714689,4.639464477225929,523.32
1287,32,7,75.11715690680379,4.6394495361871195,523.583
1288,32,8,66.10630007067023,4.639445694205712,523.206
1289,32,9,57.09879002722999,4.639443986658419,522.331
1290,32,10,48.094715568942256,4.639443132884773,521.154
1291,32,11,39.09414841279333,4.639442279111127,519.908
1292,32,12,30.09709538897237,4.639441852224303,518.831
1293,32,13,21.103536006911877,4.639440998450658,518.144
1294,32,14,12.113425016608593,4.639440571563834,518.023
1295,32,15,3.1266140748914824,4.639440571563834,518.585
1296,32,16,-5.857062663770239,4.639440144677011,519.867
1297,32,17,-14.837843188780463,4.639439717790188,521.83
1298,32,18,-23.81608416407991,4.639439290903365,524.35
1299,32,19,-32.79218899771644,4.639438437129718,527.237
1300,32,20,-41.76665800104675,4.639438010242896,530.25
1301,32,21,-50.7400683250557,4.639437156469249,533.115
1302,32,22,-59.71309957356573,4.63943587580878,535.556
1303,32,23,-68.68645184096674,4.639433741374664,537.32
1304,32,24,-77.66087644806744,4.6394286187327864,538.2
1305,32,25,-86.63711105529819,4.639397455994699,538.058
1306,32,26,-84.38407753492112,-175.36053071333347,536.843
1307,32,27,-75.40208507822004,-175.3605443737118,534.59
1308,32,28,-66.41624722501624,-175.36055803409016,531.426
1309,32,29,-57.426133673392016,-175.36055803409016,527.557
1310,32,30,-48.43140632898345,-175.36055803409016,523.25
1311,32,31,-39.43188760687212,-175.36055803409016,518.812
1312,32,32,-30.42757409196344,-175.36055803409016,514.56
1313,32,33,-21.418612633324564,-175.36055803409016,510.795
1314,32,34,-12.405344740414,-175.36055803409016,507.774
1315,32,35,-3.3881693389679506,-175.36055803409016,505.689
1316,32,36,5.632318704225554,-175.36055803409016,504.648
1317,32,37,14.65546177001549,-175.36055803409016,504.67
1318,32,38,23.680542475095592,-175.36055803409016,505.683
1319,32,39,32.70682187837503,-175.36055803409016,507.533
1320,33,0,46.24687277579242,-166.36055436854775,511.382
1321,33,1,55.27300533000471,-166.36055436854775,514.274
1322,33,2,64.29794601620682,-166.36056802892608,517.1
1323,33,3,73.32115183435975,-166.36056802892608,519.609
1324,33,4,82.34217199197829,-166.36056802892608,521.595
1325,33,5,88.63937418029826,13.639549678151548,522.923
1326,33,6,79.62379085325907,13.639457470597753,523.538
1327,33,7,70.61132209248139,13.639450640408583,523.468
1328,33,8,61.60212499231615,13.63944893286129,522.819
1329,33,9,52.59631908107382,13.639447225313997,521.766
1330,33,10,43.593996566308206,13.639446371540352,520.525
1331,33,11,34.59518135368138,13.639445517766706,519.334
1332,33,12,25.599887103571707,13.639444663993059,518.427
1333,33,13,16.60806429710769,13.639444663993059,518.004
1334,33,14,7.619614750320008,13.639443810219413,518.214
1335,33,15,-1.365602302721256,13.639443810219413,519.137
1336,33,16,-10.347801479366433,13.639443810219413,520.769
1337,33,17,-19.327258228338145,13.639442956445766,523.03
1338,33,18,-28.30437392997183,13.639442956445766,525.762
1339,33,19,-37.27959254656355,13.63944210267212,528.745
1340,33,20,-46.25344683286856,13.639441248898475,531.719
1341,33,21,-55.22659077949989,13.639440395124828,534.405
1342,33,22,-64.1996937449962,13.639438687577535,536.537
1343,33,23,-73.17348314450409,13.63943527248295,537.88
1344,33,24,-82.14871371392685,13.639425880972842,538.262
1345,33,25,-88.87384091412646,-166.36043142514268,537.585
1346,33,26,-79.89353551415039,-166.36054070816942,535.84
1347,33,27,-70.90967158561672,-166.36055436854775,533.111
1348,33,28,-61.92175052471607,-166.36055436854775,529.564
1349,33,29,-52.92936252009823,-166.36055436854775,525.44
1350,33,30,-43.93225143966933,-166.36055436854775,521.028
1351,33,31,-34.93032507587557,-166.36055436854775,516.644
1352,33,32,-25.923656853250527,-166.36055436854775,512.6
1353,33,33,-16.912480705773277,-166.36055436854775,509.178
1354,33,34,-7.897209006114959,-166.36055436854775,506.606
1355,33,35,1.1217003028849204,-166.36055436854775,505.035
1356,33,36,10.1436018750715,-166.36055436854775,504.529
1357,33,37,19.167805754616904,-166.36055436854775,505.061
1358,33,38,28.19357801635047,-166.36055436854775,506.516
1359,33,39,37.220180146068195,-166.36055436854775,508.705
1360,34,0,41.733552074139695,-157.36057802376203,509.999
1361,34,1,50.760050043472575,-157.36057802376203,512.819
1362,34,2,59.78565667311877,-157.36057802376203,515.712
1363,34,3,68.809798227188,-157.36059168414036,518.409
1364,34,4,77.83196585658709,-157.36059168414036,520.678
1365,34,5,86.85174291977668,-157.36061900489705,522.347
1366,34,6,84.1312102714689,22.63944406066723,523.32
1367,34,7,75.11715690680379,22.63943040028889,523.583
1368,34,8,66.10630007067023,22.63942527764701,523.206
1369,34,9,57.09879002722999,22.63942357009972,522.331
1370,34,10,48.094715568942256,22.63942357009972,521.154
1371,34,11,39.09414841279333,22.639421862552428,519.908
1372,34,12,30.09709538897237,22.639421862552428,518.831
1373,34,13,21.103536006911877,22.639421862552428,518.144
1374,34,14,12.113425016608593,22.639420155005133,518.023
1375,34,15,3.1266140748914824,22.639420155005133,518.585
1376,34,16,-5.857062663770239,22.639420155005133,519.867
1377,34,17,-14.837843188780463,22.639420155005133,521.83
1378,34,18,-23.81608416407991,22.639418447457842,524.35
1379,34,19,-32.79218899771644,22.639418447457842,527.237
1380,34,20,-41.76665800104675,22.639418447457842,530.25
1381,34,21,-50.7400683250557,22.63941673991055,533.115
1382,34,22,-59.71309957356573,22.63941673991055,535.556
1383,34,23,-68.68645184096674,22.639413324815965,537.32
1384,34,24,-77.66087644806744,22.63940820217409,538.2
1385,34,25,-86.63711105529819,22.639377466322824,538.058
1386,34,26,-84.38407753492112,-157.36055070300534,536.843
1387,34,27,-75.40208507822004,-157.3605643633837,534.59
1388,34,28,-66.41624722501624,-157.36057802376203,531.426
1389,34,29,-57.426133673392016,-157.36057802376203,527.557
1390,34,30,-48.43140632898345,-157.36057802376203,523.25
1391,34,31,-39.43188760687212,-157.36057802376203,518.812
1392,34,32,-30.42757409196344,-157.36057802376203,514.56
1393,34,33,-21.418612633324564,-157.36057802376203,510.795
1394,34,34,-12.405344740414,-157.36057802376203,507.774
1395,34,35,-3.3881693389679506,-157.36057802376203,505.689
1396,34,36,5.632318704225554,-157.36057802376203,504.648
1397,34,37,14.65546177001549,-157.36057802376203,504.67
1398,34,38,23.680542475095592,-157.36057802376203,505.683
1399,34,39,32.70682187837503,-157.36057802376203,507.533
1400,35,0,46.24687277579242,-148.36057435821962,511.382
1401,35,1,55.27300533000471,-148.36057435821962,514.274
1402,35,2,64.29794601620682,-148.36058801859798,517.1
1403,35,3,73.32115183435975,-148.36058801859798,519.609
1404,35,4,82.34217199197829,-148.36058801859798,521.595
1405,35,5,88.63937418029826,31.639529688479673,522.923
1406,35,6,79.62379085325907,31.639437480925878,523.538
1407,35,7,70.61132209248139,31.639430650736706,523.468
1408,35,8,61.60212499231615,31.63942723564212,522.819
1409,35,9,52.59631908107382,31.63942723564212,521.766
1410,35,10,43.593996566308206,31.63942723564212,520.525
1411,35,11,34.59518135368138,31.63942723564212,519.334
1412,35,12,25.599887103571707,31.639423820547535,518.427
1413,35,13,16.60806429710769,31.639423820547535,518.004
1414,35,14,7.619614750320008,31.639423820547535,518.214
1415,35,15,-1.365602302721256,31.639423820547535,519.137
1416,35,16,-10.347801479366433,31.639423820547535,520.769
1417,35,17,-19.327258228338145,31.639423820547535,523.03
1418,35,18,-28.30437392997183,31.639423820547535,525.762
1419,35,19,-37.27959254656355,31.639420405452952,528.745
1420,35,20,-46.25344683286856,31.639420405452952,531.719
1421,35,21,-55.22659077949989,31.639420405452952,534.405
1422,35,22,-64.1996937449962,31.639420405452952,536.537
1423,35,23,-73.17348314450409,31.639416990358367,537.88
1424,35,24,-82.14871371392685,31.639406745074613,538.262
1425,35,25,-88.87384091412646,-148.36045141481458,537.585
1426,35,26,-79.89353551415039,-148.3605606978413,535.84
1427,35,27,-70.90967158561672,-148.36057435821962,533.111
1428,35,28,-61.92175052471607,-148.36057435821962,529.564
1429,35,29,-52.92936252009823,-148.36057435821962,525.44
1430,35,30,-43.93225143966933,-148.36057435821962,521.028
1431,35,31,-34.93032507587557,-148.36057435821962,516.644
1432,35,32,-25.923656853250527,-148.36057435821962,512.6
1433,35,33,-16.912480705773277,-148.36057435821962,509.178
1434,35,34,-7.897209006114959,-148.36057435821962,506.606
1435,35,35,1.1217003028849204,-148.36057435821962,505.035
1436,35,36,10.1436018750715,-148.36057435821962,504.529
1437,35,37,19.167805754616904,-148.36057435821962,505.061
1438,35,38,28.19357801635047,-148.36057435821962,506.516
1439,35,39,37.220180146068195,-148.36057435821962,508.705
1440,36,0,41.733552074139695,-139.36057069267721,509.999
1441,36,1,50.760050043472575,-139.36057069267721,512.819
1442,36,2,59.78565667311877,-139.36057069267721,515.712
1443,36,3,68.809798227188,-139.36058435305557,518.409
1444,36,4,77.83196585658709,-139.36058435305557,520.678
1445,36,5,86.85174291977668,-139.36061167381226,522.347
1446,36,6,84.1312102714689,40.63945139175203,523.32
1447,36,7,75.11715690680379,40.63943773137369,523.583
1448,36,8,66.10630007067023,40.63943431627911,523.206
1449,36,9,57.09879002722999,40.639430901184525,522.331
1450,36,10,48.094715568942256,40.639430901184525,521.154
1451,36,11,39.09414841279333,40.639430901184525,519.908
1452,36,12,30.09709538897237,40.639427486089936,518.831
1453,36,13,21.103536006911877,40.639427486089936,518.144
1454,36,14,12.113425016608593,40.639427486089936,518.023
1455,36,15,3.1266140748914824,40.639427486089936,518.585
1456,36,16,-5.857062663770239,40.639427486089936,519.867
1457,36,17,-14.837843188780463,40.639427486089936,521.83
1458,36,18,-23.81608416407991,40.639427486089936,524.35
1459,36,19,-32.79218899771644,40.639427486089936,527.237
1460,36,20,-41.76665800104675,40.639424070995354,530.25
1461,36,21,-50.7400683250557,40.639424070995354,533.115
1462,36,22,-59.71309957356573,40.639424070995354,535.556
1463,36,23,-68.68645184096674,40.63942065590077,537.32
1464,36,24,-77.66087644806744,40.63941724080618,538.2
1465,36,25,-86.63711105529819,40.63938650495492,538.058
1466,36,26,-84.38407753492112,-139.36054337192056,536.843
1467,36,27,-75.40208507822004,-139.36055703229889,534.59
1468,36,28,-66.41624722501624,-139.36057069267721,531.426
1469,36,29,-57.426133673392016,-139.36057069267721,527.557
1470,36,30,-48.43140632898345,-139.36057069267721,523.25
1471,36,31,-39.43188760687212,-139.36057069267721,518.812
1472,36,32,-30.42757409196344,-139.36057069267721,514.56
1473,36,33,-21.418612633324564,-139.36057069267721,510.795
1474,36,34,-12.405344740414,-139.36057069267721,507.774
1475,36,35,-3.3881693389679506,-139.36057069267721,505.689
1476,36,36,5.632318704225554,-139.36057069267721,504.648
1477,36,37,14.65546177001549,-139.36057069267721,504.67
1478,36,38,23.680542475095592,-139.36057069267721,505.683
1479,36,39,32.70682187837503,-139.36057069267721,507.533
1480,37,0,46.24687277579242,-130.36056702713483,511.382
1481,37,1,55.27300533000471,-130.36056702713483,514.274
1482,37,2,64.29794601620682,-130.36058068751316,517.1
1483,37,3,73.32115183435975,-130.36058068751316,519.609
1484,37,4,82.34217199197829,-130.36058068751316,521.595
1485,37,5,88.63937418029826,49.63953701956447,522.923
1486,37,6,79.62379085325907,49.63944481201068,523.538
1487,37,7,70.61132209248139,49.63943798182151,523.468
1488,37,8,61.60212499231615,49.639434566726926,522.819
1489,37,9,52.59631908107382,49.639434566726926,521.766
1490,37,10,43.593996566308206,49.639434566726926,520.525
1491,37,11,34.59518135368138,49.639434566726926,519.334
1492,37,12,25.599887103571707,49.63943115163234,518.427
1493,37,13,16.60806429710769,49.63943115163234,518.004
1494,37,14,7.619614750320008,49.63943115163234,518.214
1495,37,15,-1.365602302721256,49.63943115163234,519.137
1496,37,16,-10.347801479366433,49.63943115163234,520.769
1497,37,17,-19.327258228338145,49.63943115163234,523.03
1498,37,18,-28.30437392997183,49.63943115163234,525.762
1499,37,19,-37.27959254656355,49.639427736537755,528.745
1500,37,20,-46.25344683286856,49.639427736537755,531.719
1501,37,21,-55.22659077949989,49.639427736537755,534.405
1502,37,22,-64.1996937449962,49.639427736537755,536.537
1503,37,23,-73.17348314450409,49.63942432144317,537.88
1504,37,24,-82.14871371392685,49.63941407615941,538.262
1505,37,25,-88.87384091412646,-130.36044408372976,537.585
1506,37,26,-79.89353551415039,-130.36055336675648,535.84
1507,37,27,-70.90967158561672,-130.36056702713483,533.111
1508,37,28,-61.92175052471607,-130.36056702713483,529.564
1509,37,29,-52.92936252009823,-130.36056702713483,525.44
1510,37,30,-43.93225143966933,-130.36056702713483,521.028
1511,37,31,-34.93032507587557,-130.36056702713483,516.644
1512,37,32,-25.923656853250527,-130.36056702713483,512.6
1513,37,33,-16.912480705773277,-130.36056702713483,509.178
1514,37,34,-7.897209006114959,-130.36056702713483,506.606
1515,37,35,1.1217003028849204,-130.36056702713483,505.035
1516,37,36,10.1436018750715,-130.36056702713483,504.529
1517,37,37,19.167805754616904,-130.36056702713483,505.061
1518,37,38,28.19357801635047,-130.36056702713483,506.516
1519,37,39,37.220180146068195,-130.36056702713483,508.705
1520,38,0,41.733552074139695,-121.36056336159243,509.999
1521,38,1,50.760050043472575,-121.36056336159243,512.819
1522,38,2,59.78565667311877,-121.36056336159243,515.712
1523,38,3,68.809798227188,-121.36057702197077,518.409
1524,38,4,77.83196585658709,-121.36057702197077,520.678
1525,38,5,86.85174291977668,-121.36060434272744,522.347
1526,38,6,84.1312102714689,58.639462137931424,523.32
1527,38,7,75.11715690680379,58.63944164736391,523.583
1528,38,8,66.10630007067023,58.63944164736391,523.206
1529,38,9,57.09879002722999,58.63944164736391,522.331
1530,38,10,48.094715568942256,58.63943481717474,521.154
1531,38,11,39.09414841279333,58.63943481717474,519.908
1532,38,12,30.09709538897237,58.63943481717474,518.831
1533,38,13,21.103536006911877,58.63943481717474,518.144
1534,38,14,12.113425016608593,58.63943481717474,518.023
1535,38,15,3.1266140748914824,58.63943481717474,518.585
1536,38,16,-5.857062663770239,58.63943481717474,519.867
1537,38,17,-14.837843188780463,58.63943481717474,521.83
1538,38,18,-23.81608416407991,58.63943481717474,524.35
1539,38,19,-32.79218899771644,58.63943481717474,527.237
1540,38,20,-41.76665800104675,58.63943481717474,530.25
1541,38,21,-50.7400683250557,58.63943481717474,533.115
1542,38,22,-59.71309957356573,58.639427986985574,535.556
1543,38,23,-68.68645184096674,58.639427986985574,537.32
1544,38,24,-77.66087644806744,58.6394211567964,538.2
1545,38,25,-86.63711105529819,58.63939383603972,538.058
1546,38,26,-84.38407753492112,-121.36053604083574,536.843
1547,38,27,-75.40208507822004,-121.36054970121408,534.59
1548,38,28,-66.41624722501624,-121.36056336159243,531.426
1549,38,29,-57.426133673392016,-121.36056336159243,527.557
1550,38,30,-48.43140632898345,-121.36056336159243,523.25
1551,38,31,-39.43188760687212,-121.36056336159243,518.812
1552,38,32,-30.42757409196344,-121.36056336159243,514.56
1553,38,33,-21.418612633324564,-121.36056336159243,510.795
1554,38,34,-12.405344740414,-121.36056336159243,507.774
1555,38,35,-3.3881693389679506,-121.36056336159243,505.689
1556,38,36,5.632318704225554,-121.36056336159243,504.648
1557,38,37,14.65546177001549,-121.36056336159243,504.67
1558,38,38,23.680542475095592,-121.36056336159243,505.683
1559,38,39,32.70682187837503,-121.36056336159243,507.533
1560,39,0,46.24687277579242,-112.3605665262392,511.382
1561,39,1,55.27300533000471,-112.3605665262392,514.274
1562,39,2,64.29794601620682,-112.3605665262392,517.1
1563,39,3,73.32115183435975,-112.3605665262392,519.609
1564,39,4,82.34217199197829,-112.36058018661753,521.595
1565,39,5,88.63937418029826,67.63954093555469,522.923
1566,39,6,79.62379085325907,67.63945214309548,523.538
1567,39,7,70.61132209248139,67.63944531290632,523.468
1568,39,8,61.60212499231615,67.63944531290632,522.819
1569,39,9,52.59631908107382,67.63943848271714,521.766
1570,39,10,43.593996566308206,67.63943848271714,520.525
1571,39,11,34.59518135368138,67.63943848271714,519.334
1572,39,12,25.599887103571707,67.63943848271714,518.427
1573,39,13,16.60806429710769,67.63943848271714,518.004
1574,39,14,7.619614750320008,67.63943848271714,518.214
1575,39,15,-1.365602302721256,67.63943848271714,519.137
1576,39,16,-10.347801479366433,67.63943848271714,520.769
1577,39,17,-19.327258228338145,67.63943848271714,523.03
1578,39,18,-28.30437392997183,67.63943848271714,525.762
1579,39,19,-37.27959254656355,67.63943848271714,528.745
1580,39,20,-46.25344683286856,67.63943848271714,531.719
1581,39,21,-55.22659077949989,67.63943165252797,534.405
1582,39,22,-64.1996937449962,67.63943165252797,536.537
1583,39,23,-73.17348314450409,67.63943165252797,537.88
1584,39,24,-82.14871371392685,67.63941799214963,538.262
1585,39,25,-88.87384091412646,-112.36043675264496,537.585
1586,39,26,-79.89353551415039,-112.36054603567167,535.84
1587,39,27,-70.90967158561672,-112.36055286586085,533.111
1588,39,28,-61.92175052471607,-112.36055969605002,529.564
1589,39,29,-52.92936252009823,-112.36055969605002,525.44
1590,39,30,-43.93225143966933,-112.36055969605002,521.028
1591,39,31,-34.93032507587557,-112.36055969605002,516.644
1592,39,32,-25.923656853250527,-112.36055969605002,512.6
1593,39,33,-16.912480705773277,-112.36055969605002,509.178
1594,39,34,-7.897209006114959,-112.36055969605002,506.606
1595,39,35,1.1217003028849204,-112.36055969605002,505.035
1596,39,36,10.1436018750715,-112.36055969605002,504.529
1597,39,37,19.167805754616904,-112.36055969605002,505.061
1598,39,38,28.19357801635047,-112.36055969605002,506.516
1599,39,39,37.220180146068195,-112.3605665262392,508.705
