0,0,0,26.509232876457816,-102.35782961883639,506.181
1,0,1,35.53573255333799,-102.35782961883639,508.25
2,0,2,44.562472994386404,-102.35782961883639,510.857
3,0,3,53.588759227855014,-102.35783644902556,513.73
4,0,4,62.61396970652935,-102.35783644902556,516.589
5,0,5,71.63754435489747,-102.35783644902556,519.174
6,0,6,80.65900847481205,-102.35784327921473,521.27
7,0,7,89.67795908511206,-102.35827358113244,522.728
8,0,8,81.30589569110396,77.64218905049829,523.476
9,0,9,72.29282587367932,77.64217539011995,523.528
10,0,10,63.28300039611044,77.64217539011995,522.976
11,0,11,54.276555862180714,77.64217539011995,521.983
12,0,12,45.273570819065604,77.64217539011995,520.759
13,0,13,36.274099908278465,77.64216855993078,519.541
14,0,14,27.278155082650343,77.64216855993078,518.564
15,0,15,18.28568170066788,77.64216855993078,518.038
16,0,16,9.296609752892083,77.64216855993078,518.122
17,0,17,0.3108170963306861,77.64216855993078,518.909
18,0,18,-8.671924920270948,77.64216855993078,520.414
19,0,19,-17.65187771173113,77.64216855993078,522.567
20,0,20,-26.629399809620434,77.64216855993078,525.226
21,0,21,-35.604918954535634,77.64216855993078,528.181
22,0,22,-44.57899180689408,77.64216855993078,531.178
23,0,23,-53.55221771579545,77.64216855993078,533.939
24,0,24,-62.525266039778394,77.64216855993078,536.194
25,0,25,-71.49885736380035,77.6421617297416,537.7
26,0,26,-80.47378740489964,77.64215489955244,538.271
27,0,27,-89.45072552161491,77.64190901274232,537.794
28,0,28,-81.56954099306645,-102.35781595845805,536.245
29,0,29,-72.58638740420646,-102.35782278864721,533.689
30,0,30,-63.59925864524954,-102.35782278864721,530.279
31,0,31,-54.60772782937254,-102.35782961883639,526.241
32,0,32,-45.61151150372491,-102.35782961883639,521.859
33,0,33,-36.61048672490159,-102.35782961883639,517.446
34,0,34,-27.604720087246992,-102.35782961883639,513.316
35,0,35,-18.59436185492285,-102.35782961883639,509.759
36,0,36,-9.579797933617273,-102.35782961883639,507.014
37,0,37,-0.5615184427640637,-102.35782961883639,505.248
38,0,38,8.459875721072379,-102.35782961883639,504.542
39,0,39,17.483704793987076,-102.35782961883639,504.886
40,1,0,31.02240843659068,-93.35783278348316,507.133
41,1,1,40.04911814178783,-93.35783278348316,509.503
42,1,2,49.07571514886368,-93.35783278348316,512.278
43,1,3,58.10153692946873,-93.35783278348316,515.178
44,1,4,67.12599267223978,-93.35783278348316,517.93
45,1,5,76.1485632827999,-93.35783961367233,520.294
46,1,6,85.16882528942055,-93.35786010423983,522.085
47,1,7,85.81359514706976,86.64220637641903,523.192
48,1,8,76.79896804651436,86.64217905566235,523.585
49,1,9,67.7874964933555,86.64217905566235,523.318
50,1,10,58.779351242322456,86.64217222547317,522.522
51,1,11,49.77462791606357,86.64217222547317,521.385
52,1,12,40.773401646659735,86.64217222547317,520.134
53,1,13,31.775696339773045,86.64217222547317,519.008
54,1,14,22.7814880897414,86.64217222547317,518.233
55,1,15,13.790728231466964,86.64217222547317,517.996
56,1,16,4.803309616357134,86.64217222547317,518.425
57,1,17,-4.180921861731239,86.64217222547317,519.574
58,1,18,-13.16223044574167,86.64217222547317,521.417
59,1,19,-22.14091709088446,86.64217222547317,523.846
60,1,20,-31.117368556621365,86.64217222547317,526.682
61,1,21,-40.09210052223472,86.64216539528401,529.692
62,1,22,-49.06566794059459,86.64216539528401,532.606
63,1,23,-58.03871967967212,86.64216539528401,535.146
64,1,24,-67.0119421734789,86.64216539528401,537.054
65,1,25,-75.98612089376948,86.64215856509483,538.111
66,1,26,-84.96193885946087,86.6421449047165,538.167
67,1,27,-86.05979614589204,-93.35779180234813,537.152
68,1,28,-77.07842523640544,-93.35781912310482,535.086
69,1,29,-68.09334553419951,-93.35782595329398,532.078
70,1,30,-59.10406526565403,-93.35782595329398,528.322
71,1,31,-50.11021901564839,-93.35782595329398,524.074
72,1,32,-41.11160187850751,-93.35782595329398,519.637
73,1,33,-32.108176288190926,-93.35782595329398,515.326
74,1,34,-23.1000925088604,-93.35782595329398,511.449
75,1,35,-14.087578498079473,-93.35782595329398,508.272
76,1,36,-5.071087182767484,-93.35783278348316,506.001
77,1,37,3.9488307530737363,-93.35783278348316,504.761
78,1,38,12.971530710341268,-93.35783278348316,504.587
79,1,39,21.99630661822966,-93.35783278348316,505.424
80,2,0,26.509232876457816,-84.35782911794075,506.181
81,2,1,35.53573255333799,-84.35782911794075,508.25
82,2,2,44.562472994386404,-84.35782911794075,510.857
83,2,3,53.588759227855014,-84.35783594812992,513.73
84,2,4,62.61396970652935,-84.35783594812992,516.589
85,2,5,71.63754435489747,-84.35783594812992,519.174
86,2,6,80.65900847481205,-84.3578427783191,521.27
87,2,7,89.67795908511206,-84.3582730802368,522.728
88,2,8,81.30589569110396,95.64218955139393,523.476
89,2,9,72.29282587367932,95.64217589101558,523.528
90,2,10,63.28300039611044,95.64217589101558,522.976
91,2,11,54.276555862180714,95.64217589101558,521.983
92,2,12,45.273570819065604,95.64217589101558,520.759
93,2,13,36.274099908278465,95.6421690608264,519.541
94,2,14,27.278155082650343,95.6421690608264,518.564
95,2,15,18.28568170066788,95.6421690608264,518.038
96,2,16,9.296609752892083,95.6421690608264,518.122
97,2,17,0.3108170963306861,95.6421690608264,518.909
98,2,18,-8.671924920270948,95.6421690608264,520.414
99,2,19,-17.65187771173113,95.6421690608264,522.567
100,2,20,-26.629399809620434,95.6421690608264,525.226
101,2,21,-35.604918954535634,95.6421690608264,528.181
102,2,22,-44.57899180689408,95.6421690608264,531.178
103,2,23,-53.55221771579545,95.6421690608264,533.939
104,2,24,-62.525266039778394,95.6421690608264,536.194
105,2,25,-71.49885736380035,95.64216223063724,537.7
106,2,26,-80.47378740489964,95.64215540044808,538.271
107,2,27,-89.45072552161491,95.64190951363796,537.794
108,2,28,-81.56954099306645,-84.35781545756241,536.245
109,2,29,-72.58638740420646,-84.35782228775159,533.689
110,2,30,-63.59925864524954,-84.35782228775159,530.279
111,2,31,-54.60772782937254,-84.35782911794075,526.241
112,2,32,-45.61151150372491,-84.35782911794075,521.859
113,2,33,-36.61048672490159,-84.35782911794075,517.446
114,2,34,-27.604720087246992,-84.35782911794075,513.316
115,2,35,-18.59436185492285,-84.35782911794075,509.759
116,2,36,-9.579797933617273,-84.35782911794075,507.014
117,2,37,-0.5615184427640637,-84.35782911794075,505.248
118,2,38,8.459875721072379,-84.35782911794075,504.542
119,2,39,17.483704793987076,-84.35782911794075,504.886
120,3,0,31.02240843659068,-75.35783228258752,507.133
121,3,1,40.04911814178783,-75.35783228258752,509.503
122,3,2,49.07571514886368,-75.35783228258752,512.278
123,3,3,58.10153692946873,-75.35783228258752,515.178
124,3,4,67.12599267223978,-75.35783228258752,517.93
125,3,5,76.1485632827999,-75.35783911277669,520.294
126,3,6,85.16882528942055,-75.3578596033442,522.085
127,3,7,85.81359514706976,104.64220687731466,523.192
128,3,8,76.79896804651436,104.64217955655798,523.585
129,3,9,67.7874964933555,104.64217955655798,523.318
130,3,10,58.779351242322456,104.64217272636881,522.522
131,3,11,49.77462791606357,104.64217272636881,521.385
132,3,12,40.773401646659735,104.64217272636881,520.134
133,3,13,31.775696339773045,104.64217272636881,519.008
134,3,14,22.7814880897414,104.64217272636881,518.233
135,3,15,13.790728231466964,104.64217272636881,517.996
136,3,16,4.803309616357134,104.64217272636881,518.425
137,3,17,-4.180921861731239,104.64217272636881,519.574
138,3,18,-13.16223044574167,104.64217272636881,521.417
139,3,19,-22.14091709088446,104.64217272636881,523.846
140,3,20,-31.117368556621365,104.64217272636881,526.682
141,3,21,-40.09210052223472,104.64216589617965,529.692
142,3,22,-49.06566794059459,104.64216589617965,532.606
143,3,23,-58.03871967967212,104.64216589617965,535.146
144,3,24,-67.0119421734789,104.64216589617965,537.054
145,3,25,-75.98612089376948,104.64215906599047,538.111
146,3,26,-84.96193885946087,104.64214540561213,538.167
147,3,27,-86.05979614589204,-75.35779130145251,537.152
148,3,28,-77.07842523640544,-75.35781862220918,535.086
149,3,29,-68.09334553419951,-75.35782545239836,532.078
150,3,30,-59.10406526565403,-75.35782545239836,528.322
151,3,31,-50.11021901564839,-75.35782545239836,524.074
152,3,32,-41.11160187850751,-75.35782545239836,519.637
153,3,33,-32.108176288190926,-75.35782545239836,515.326
154,3,34,-23.1000925088604,-75.35782545239836,511.449
155,3,35,-14.087578498079473,-75.35782545239836,508.272
156,3,36,-5.071087182767484,-75.35783228258752,506.001
157,3,37,3.9488307530737363,-75.35783228258752,504.761
158,3,38,12.971530710341268,-75.35783228258752,504.587
159,3,39,21.99630661822966,-75.35783228258752,505.424
160,4,0,26.509232876457816,-66.35782861704512,506.181
161,4,1,35.53573255333799,-66.35782861704512,508.25
162,4,2,44.562472994386404,-66.35782861704512,510.857
163,4,3,53.588759227855014,-66.3578354472343,513.73
164,4,4,62.61396970652935,-66.3578354472343,516.589
165,4,5,71.63754435489747,-66.3578354472343,519.174
166,4,6,80.65900847481205,-66.35784227742346,521.27
167,4,7,89.67795908511206,-66.35827257934118,522.728
168,4,8,81.30589569110396,113.64219005228955,523.476
169,4,9,72.29282587367932,113.6421763919112,523.528
170,4,10,63.28300039611044,113.6421763919112,522.976
171,4,11,54.276555862180714,113.6421763919112,521.983
172,4,12,45.273570819065604,113.6421763919112,520.759
173,4,13,36.274099908278465,113.64216956172204,519.541
174,4,14,27.278155082650343,113.64216956172204,518.564
175,4,15,18.28568170066788,113.64216956172204,518.038
176,4,16,9.296609752892083,113.64216956172204,518.122
177,4,17,0.3108170963306861,113.64216956172204,518.909
178,4,18,-8.671924920270948,113.64216956172204,520.414
179,4,19,-17.65187771173113,113.64216956172204,522.567
180,4,20,-26.629399809620434,113.64216956172204,525.226
181,4,21,-35.604918954535634,113.64216956172204,528.181
182,4,22,-44.57899180689408,113.64216956172204,531.178
183,4,23,-53.55221771579545,113.64216956172204,533.939
184,4,24,-62.525266039778394,113.64216956172204,536.194
185,4,25,-71.49885736380035,113.64216273153288,537.7
186,4,26,-80.47378740489964,113.6421559013437,538.271
187,4,27,-89.45072552161491,113.64191001453358,537.794
188,4,28,-81.56954099306645,-66.35781495666679,536.245
189,4,29,-72.58638740420646,-66.35782178685595,533.689
190,4,30,-63.59925864524954,-66.35782178685595,530.279
191,4,31,-54.60772782937254,-66.35782861704512,526.241
192,4,32,-45.61151150372491,-66.35782861704512,521.859
193,4,33,-36.61048672490159,-66.35782861704512,517.446
194,4,34,-27.604720087246992,-66.35782861704512,513.316
195,4,35,-18.59436185492285,-66.35782861704512,509.759
196,4,36,-9.579797933617273,-66.35782861704512,507.014
197,4,37,-0.5615184427640637,-66.35782861704512,505.248
198,4,38,8.459875721072379,-66.35782861704512,504.542
199,4,39,17.483704793987076,-66.35782861704512,504.886
200,5,0,31.02240843659068,-57.357831781691885,507.133
201,5,1,40.04911814178783,-57.357831781691885,509.503
202,5,2,49.07571514886368,-57.357831781691885,512.278
203,5,3,58.10153692946873,-57.357831781691885,515.178
204,5,4,67.12599267223978,-57.357831781691885,517.93
205,5,5,76.1485632827999,-57.35783861188106,520.294
206,5,6,85.16882528942055,-57.35785910244857,522.085
207,5,7,85.81359514706976,122.6422073782103,523.192
208,5,8,76.79896804651436,122.64218005745361,523.585
209,5,9,67.7874964933555,122.64218005745361,523.318
210,5,10,58.779351242322456,122.64218005745361,522.522
211,5,11,49.77462791606357,122.64218005745361,521.385
212,5,12,40.773401646659735,122.64218005745361,520.134
213,5,13,31.775696339773045,122.64216639707527,519.008
214,5,14,22.7814880897414,122.64216639707527,518.233
215,5,15,13.790728231466964,122.64216639707527,517.996
216,5,16,4.803309616357134,122.64216639707527,518.425
217,5,17,-4.180921861731239,122.64216639707527,519.574
218,5,18,-13.16223044574167,122.64216639707527,521.417
219,5,19,-22.14091709088446,122.64216639707527,523.846
220,5,20,-31.117368556621365,122.64216639707527,526.682
221,5,21,-40.09210052223472,122.64216639707527,529.692
222,5,22,-49.06566794059459,122.64216639707527,532.606
223,5,23,-58.03871967967212,122.64216639707527,535.146
224,5,24,-67.0119421734789,122.64216639707527,537.054
225,5,25,-75.98612089376948,122.64216639707527,538.111
226,5,26,-84.96193885946087,122.6421390763186,538.167
227,5,27,-86.05979614589204,-57.35779080055687,537.152
228,5,28,-77.07842523640544,-57.35781812131355,535.086
229,5,29,-68.09334553419951,-57.35782495150272,532.078
230,5,30,-59.10406526565403,-57.35782495150272,528.322
231,5,31,-50.11021901564839,-57.35782495150272,524.074
232,5,32,-41.11160187850751,-57.35782495150272,519.637
233,5,33,-32.108176288190926,-57.35782495150272,515.326
234,5,34,-23.1000925088604,-57.35782495150272,511.449
235,5,35,-14.087578498079473,-57.35782495150272,508.272
236,5,36,-5.071087182767484,-57.357831781691885,506.001
237,5,37,3.9488307530737363,-57.357831781691885,504.761
238,5,38,12.971530710341268,-57.357831781691885,504.587
239,5,39,21.99630661822966,-57.357831781691885,505.424
240,6,0,26.509232876457816,-48.357828116149484,506.181
241,6,1,35.53573255333799,-48.357831531244074,508.25
242,6,2,44.562472994386404,-48.357831531244074,510.857
243,6,3,53.588759227855014,-48.357831531244074,513.73
244,6,4,62.61396970652935,-48.357831531244074,516.589
245,6,5,71.63754435489747,-48.357834946338656,519.174
246,6,6,80.65900847481205,-48.35784519162241,521.27
247,6,7,89.67795908511206,-48.35827549354012,522.728
248,6,8,81.30589569110396,131.642183722996,523.476
249,6,9,72.29282587367932,131.642183722996,523.528
250,6,10,63.28300039611044,131.64217006261768,522.976
251,6,11,54.276555862180714,131.64217006261768,521.983
252,6,12,45.273570819065604,131.64217006261768,520.759
253,6,13,36.274099908278465,131.64217006261768,519.541
254,6,14,27.278155082650343,131.64217006261768,518.564
255,6,15,18.28568170066788,131.64217006261768,518.038
256,6,16,9.296609752892083,131.64217006261768,518.122
257,6,17,0.3108170963306861,131.64217006261768,518.909
258,6,18,-8.671924920270948,131.64217006261768,520.414
259,6,19,-17.65187771173113,131.64217006261768,522.567
260,6,20,-26.629399809620434,131.64217006261768,525.226
261,6,21,-35.604918954535634,131.64217006261768,528.181
262,6,22,-44.57899180689408,131.64217006261768,531.178
263,6,23,-53.55221771579545,131.64217006261768,533.939
264,6,24,-62.525266039778394,131.64217006261768,536.194
265,6,25,-71.49885736380035,131.64217006261768,537.7
266,6,26,-80.47378740489964,131.64215640223932,538.271
267,6,27,-89.45072552161491,131.6419105154292,537.794
268,6,28,-81.56954099306645,-48.35781104067656,536.245
269,6,29,-72.58638740420646,-48.35782128596032,533.689
270,6,30,-63.59925864524954,-48.3578247010549,530.279
271,6,31,-54.60772782937254,-48.3578247010549,526.241
272,6,32,-45.61151150372491,-48.3578247010549,521.859
273,6,33,-36.61048672490159,-48.357828116149484,517.446
274,6,34,-27.604720087246992,-48.357828116149484,513.316
275,6,35,-18.59436185492285,-48.357828116149484,509.759
276,6,36,-9.579797933617273,-48.357828116149484,507.014
277,6,37,-0.5615184427640637,-48.357828116149484,505.248
278,6,38,8.459875721072379,-48.357828116149484,504.542
279,6,39,17.483704793987076,-48.357828116149484,504.886
280,7,0,31.02240843659068,-39.35783469589084,507.133
281,7,1,40.04911814178783,-39.35783469589084,509.503
282,7,2,49.07571514886368,-39.35783469589084,512.278
283,7,3,58.10153692946873,-39.35783469589084,515.178
284,7,4,67.12599267223978,-39.357838110985426,517.93
285,7,5,76.1485632827999,-39.35784152608001,520.294
286,7,6,85.16882528942055,-39.35786201664752,522.085
287,7,7,85.81359514706976,140.64220104891675,523.192
288,7,8,76.79896804651436,140.6421737281601,523.585
289,7,9,67.7874964933555,140.6421737281601,523.318
290,7,10,58.779351242322456,140.6421737281601,522.522
291,7,11,49.77462791606357,140.6421737281601,521.385
292,7,12,40.773401646659735,140.6421737281601,520.134
293,7,13,31.775696339773045,140.6421737281601,519.008
294,7,14,22.7814880897414,140.6421737281601,518.233
295,7,15,13.790728231466964,140.6421737281601,517.996
296,7,16,4.803309616357134,140.6421737281601,518.425
297,7,17,-4.180921861731239,140.6421737281601,519.574
298,7,18,-13.16223044574167,140.6421737281601,521.417
299,7,19,-22.14091709088446,140.6421737281601,523.846
300,7,20,-31.117368556621365,140.6421737281601,526.682
301,7,21,-40.09210052223472,140.64216006778173,529.692
302,7,22,-49.06566794059459,140.64216006778173,532.606
303,7,23,-58.03871967967212,140.64216006778173,535.146
304,7,24,-67.0119421734789,140.64216006778173,537.054
305,7,25,-75.98612089376948,140.64216006778173,538.111
306,7,26,-84.96193885946087,140.6421464074034,538.167
307,7,27,-86.05979614589204,-39.35779371475582,537.152
308,7,28,-77.07842523640544,-39.3578210355125,535.086
309,7,29,-68.09334553419951,-39.35782445060708,532.078
310,7,30,-59.10406526565403,-39.35782786570167,528.322
311,7,31,-50.11021901564839,-39.35782786570167,524.074
312,7,32,-41.11160187850751,-39.35782786570167,519.637
313,7,33,-32.108176288190926,-39.357831280796255,515.326
314,7,34,-23.1000925088604,-39.357831280796255,511.449
315,7,35,-14.087578498079473,-39.357831280796255,508.272
316,7,36,-5.071087182767484,-39.357831280796255,506.001
317,7,37,3.9488307530737363,-39.357831280796255,504.761
318,7,38,12.971530710341268,-39.357831280796255,504.587
319,7,39,21.99630661822966,-39.357831280796255,505.424
320,8,0,26.509232876457816,-30.357827615253854,506.181
321,8,1,35.53573255333799,-30.35783103034844,508.25
322,8,2,44.562472994386404,-30.35783103034844,510.857
323,8,3,53.588759227855014,-30.35783103034844,513.73
324,8,4,62.61396970652935,-30.35783103034844,516.589
325,8,5,71.63754435489747,-30.357834445443025,519.174
326,8,6,80.65900847481205,-30.35784469072678,521.27
327,8,7,89.67795908511206,-30.35827499264449,522.728
328,8,8,81.30589569110396,149.64219105408083,523.476
329,8,9,72.29282587367932,149.64217739370247,523.528
330,8,10,63.28300039611044,149.64217739370247,522.976
331,8,11,54.276555862180714,149.64217739370247,521.983
332,8,12,45.273570819065604,149.64217739370247,520.759
333,8,13,36.274099908278465,149.64217739370247,519.541
334,8,14,27.278155082650343,149.64217739370247,518.564
335,8,15,18.28568170066788,149.64217739370247,518.038
336,8,16,9.296609752892083,149.64217739370247,518.122
337,8,17,0.3108170963306861,149.64217739370247,518.909
338,8,18,-8.671924920270948,149.64217739370247,520.414
339,8,19,-17.65187771173113,149.64217739370247,522.567
340,8,20,-26.629399809620434,149.64217739370247,525.226
341,8,21,-35.604918954535634,149.64216373332414,528.181
342,8,22,-44.57899180689408,149.64216373332414,531.178
343,8,23,-53.55221771579545,149.64216373332414,533.939
344,8,24,-62.525266039778394,149.64216373332414,536.194
345,8,25,-71.49885736380035,149.64216373332414,537.7
346,8,26,-80.47378740489964,149.64216373332414,538.271
347,8,27,-89.45072552161491,149.6419041861357,537.794
348,8,28,-81.56954099306645,-30.357810539780928,536.245
349,8,29,-72.58638740420646,-30.357820785064682,533.689
350,8,30,-63.59925864524954,-30.357824200159268,530.279
351,8,31,-54.60772782937254,-30.357824200159268,526.241
352,8,32,-45.61151150372491,-30.357824200159268,521.859
353,8,33,-36.61048672490159,-30.357827615253854,517.446
354,8,34,-27.604720087246992,-30.357827615253854,513.316
355,8,35,-18.59436185492285,-30.357827615253854,509.759
356,8,36,-9.579797933617273,-30.357827615253854,507.014
357,8,37,-0.5615184427640637,-30.357827615253854,505.248
358,8,38,8.459875721072379,-30.357827615253854,504.542
359,8,39,17.483704793987076,-30.357827615253854,504.886
360,9,0,31.02240843659068,-21.357832487447915,507.133
361,9,1,40.04911814178783,-21.357832487447915,509.503
362,9,2,49.07571514886368,-21.357834194995206,512.278
363,9,3,58.10153692946873,-21.3578359025425,515.178
364,9,4,67.12599267223978,-21.357837610089792,517.93
365,9,5,76.1485632827999,-21.357841025184378,520.294
366,9,6,85.16882528942055,-21.357861515751885,522.085
367,9,7,85.81359514706976,158.64220838000156,523.192
368,9,8,76.79896804651436,158.64218105924488,523.585
369,9,9,67.7874964933555,158.64218105924488,523.318
370,9,10,58.779351242322456,158.64216739886655,522.522
371,9,11,49.77462791606357,158.64216739886655,521.385
372,9,12,40.773401646659735,158.64216739886655,520.134
373,9,13,31.775696339773045,158.64216739886655,519.008
374,9,14,22.7814880897414,158.64216739886655,518.233
375,9,15,13.790728231466964,158.64216739886655,517.996
376,9,16,4.803309616357134,158.64216739886655,518.425
377,9,17,-4.180921861731239,158.64216739886655,519.574
378,9,18,-13.16223044574167,158.64216739886655,521.417
379,9,19,-22.14091709088446,158.64216739886655,523.846
380,9,20,-31.117368556621365,158.64216739886655,526.682
381,9,21,-40.09210052223472,158.64216739886655,529.692
382,9,22,-49.06566794059459,158.64216739886655,532.606
383,9,23,-58.03871967967212,158.64216739886655,535.146
384,9,24,-67.0119421734789,158.64216739886655,537.054
385,9,25,-75.98612089376948,158.6421537384882,538.111
386,9,26,-84.96193885946087,158.64214007810986,538.167
387,9,27,-86.05979614589204,-21.35779492140748,537.152
388,9,28,-77.07842523640544,-21.357820534616867,535.086
389,9,29,-68.09334553419951,-21.357825657258743,532.078
390,9,30,-59.10406526565403,-21.357827364806038,528.322
391,9,31,-50.11021901564839,-21.357827364806038,524.074
392,9,32,-41.11160187850751,-21.35782907235333,519.637
393,9,33,-32.108176288190926,-21.35782907235333,515.326
394,9,34,-23.1000925088604,-21.35783077990062,511.449
395,9,35,-14.087578498079473,-21.35783077990062,508.272
396,9,36,-5.071087182767484,-21.35783077990062,506.001
397,9,37,3.9488307530737363,-21.35783077990062,504.761
398,9,38,12.971530710341268,-21.35783077990062,504.587
399,9,39,21.99630661822966,-21.357832487447915,505.424
400,10,0,26.509232876457816,-12.357828821905512,506.181
401,10,1,35.53573255333799,-12.357828821905512,508.25
402,10,2,44.562472994386404,-12.35782967567916,510.857
403,10,3,53.588759227855014,-12.357830529452805,513.73
404,10,4,62.61396970652935,-12.357832237000098,516.589
405,10,5,71.63754435489747,-12.357834798321036,519.174
406,10,6,80.65900847481205,-12.357842482283854,521.27
407,10,7,89.67795908511206,-12.35827363797521,522.728
408,10,8,81.30589569110396,167.64218472478728,523.476
409,10,9,72.29282587367932,167.64218472478728,523.528
410,10,10,63.28300039611044,167.64217106440896,522.976
411,10,11,54.276555862180714,167.64217106440896,521.983
412,10,12,45.273570819065604,167.64217106440896,520.759
413,10,13,36.274099908278465,167.64217106440896,519.541
414,10,14,27.278155082650343,167.64217106440896,518.564
415,10,15,18.28568170066788,167.64217106440896,518.038
416,10,16,9.296609752892083,167.64217106440896,518.122
417,10,17,0.3108170963306861,167.64217106440896,518.909
418,10,18,-8.671924920270948,167.64217106440896,520.414
419,10,19,-17.65187771173113,167.64217106440896,522.567
420,10,20,-26.629399809620434,167.64217106440896,525.226
421,10,21,-35.604918954535634,167.64217106440896,528.181
422,10,22,-44.57899180689408,167.64217106440896,531.178
423,10,23,-53.55221771579545,167.64217106440896,533.939
424,10,24,-62.525266039778394,167.64217106440896,536.194
425,10,25,-71.49885736380035,167.64217106440896,537.7
426,10,26,-80.47378740489964,167.6421574040306,538.271
427,10,27,-89.45072552161491,167.64191151722048,537.794
428,10,28,-81.56954099306645,-12.357810892658941,536.245
429,10,29,-72.58638740420646,-12.357819430395404,533.689
430,10,30,-63.59925864524954,-12.357821991716342,530.279
431,10,31,-54.60772782937254,-12.357823699263635,526.241
432,10,32,-45.61151150372491,-12.35782455303728,521.859
433,10,33,-36.61048672490159,-12.357825406810928,517.446
434,10,34,-27.604720087246992,-12.357826260584574,513.316
435,10,35,-18.59436185492285,-12.357826260584574,509.759
436,10,36,-9.579797933617273,-12.357827114358221,507.014
437,10,37,-0.5615184427640637,-12.357827114358221,505.248
438,10,38,8.459875721072379,-12.357827968131867,504.542
439,10,39,17.483704793987076,-12.357827968131867,504.886
440,11,0,31.02240843659068,-3.357831986552281,507.133
441,11,1,40.04911814178783,-3.357832626882516,509.503
442,11,2,49.07571514886368,-3.357833480656162,512.278
443,11,3,58.10153692946873,-3.3578345478732197,515.178
444,11,4,67.12599267223978,-3.357836468863924,517.93
445,11,5,76.1485632827999,-3.3578407377321553,520.294
446,11,6,85.16882528942055,-3.3578601610826073,522.085
447,11,7,85.81359514706976,176.64220205070802,523.192
448,11,8,76.79896804651436,176.64217472995134,523.585
449,11,9,67.7874964933555,176.64217472995134,523.318
450,11,10,58.779351242322456,176.64217472995134,522.522
451,11,11,49.77462791606357,176.64217472995134,521.385
452,11,12,40.773401646659735,176.64217472995134,520.134
453,11,13,31.775696339773045,176.64217472995134,519.008
454,11,14,22.7814880897414,176.64217472995134,518.233
455,11,15,13.790728231466964,176.64217472995134,517.996
456,11,16,4.803309616357134,176.64217472995134,518.425
457,11,17,-4.180921861731239,176.64217472995134,519.574
458,11,18,-13.16223044574167,176.64217472995134,521.417
459,11,19,-22.14091709088446,176.64217472995134,523.846
460,11,20,-31.117368556621365,176.64217472995134,526.682
461,11,21,-40.09210052223472,176.642161069573,529.692
462,11,22,-49.06566794059459,176.642161069573,532.606
463,11,23,-58.03871967967212,176.642161069573,535.146
464,11,24,-67.0119421734789,176.642161069573,537.054
465,11,25,-75.98612089376948,176.642161069573,538.111
466,11,26,-84.96193885946087,176.64214740919468,538.167
467,11,27,-86.05979614589204,-3.3577942070684346,537.152
468,11,28,-77.07842523640544,-3.3578196068344104,535.086
469,11,29,-68.09334553419951,-3.357824302589465,532.078
470,11,30,-59.10406526565403,-3.3578264370235806,528.322
471,11,31,-50.11021901564839,-3.3578275042406385,524.074
472,11,32,-41.11160187850751,-3.3578283580142845,519.637
473,11,33,-32.108176288190926,-3.357828998344519,515.326
474,11,34,-23.1000925088604,-3.3578294252313423,511.449
475,11,35,-14.087578498079473,-3.3578298521181655,508.272
476,11,36,-5.071087182767484,-3.3578302790049888,506.001
477,11,37,3.9488307530737363,-3.3578307058918115,504.761
478,11,38,12.971530710341268,-3.3578311327786348,504.587
479,11,39,21.99630661822966,-3.357831559665458,505.424
480,12,0,26.509232876457816,5.64217167899012,506.181
481,12,1,35.53573255333799,5.642171252103298,508.25
482,12,2,44.562472994386404,5.642170825216474,510.857
483,12,3,53.588759227855014,5.642169544556005,513.73
484,12,4,62.61396970652935,5.6421682638955355,516.589
485,12,5,71.63754435489747,5.642165702574597,519.174
486,12,6,80.65900847481205,5.642158018611781,521.27
487,12,7,89.67795908511206,5.641727289807247,522.728
488,12,8,81.30589569110396,-174.35780430166224,523.476
489,12,9,72.29282587367932,-174.35781796204057,523.528
490,12,10,63.28300039611044,-174.35781796204057,522.976
491,12,11,54.276555862180714,-174.35781796204057,521.983
492,12,12,45.273570819065604,-174.35781796204057,520.759
493,12,13,36.274099908278465,-174.35783162241893,519.541
494,12,14,27.278155082650343,-174.35783162241893,518.564
495,12,15,18.28568170066788,-174.35783162241893,518.038
496,12,16,9.296609752892083,-174.35783162241893,518.122
497,12,17,0.3108170963306861,-174.35783162241893,518.909
498,12,18,-8.671924920270948,-174.35783162241893,520.414
499,12,19,-17.65187771173113,-174.35783162241893,522.567
500,12,20,-26.629399809620434,-174.35783162241893,525.226
501,12,21,-35.604918954535634,-174.35783162241893,528.181
502,12,22,-44.57899180689408,-174.35783162241893,531.178
503,12,23,-53.55221771579545,-174.35783162241893,533.939
504,12,24,-62.525266039778394,-174.35783162241893,536.194
505,12,25,-71.49885736380035,-174.35783162241893,537.7
506,12,26,-80.47378740489964,-174.35784528279726,538.271
507,12,27,-89.45072552161491,-174.35809116960738,537.794
508,12,28,-81.56954099306645,5.642190035123515,536.245
509,12,29,-72.58638740420646,5.6421810705002295,533.689
510,12,30,-63.59925864524954,5.642178082292467,530.279
511,12,31,-54.60772782937254,5.642176801631998,526.241
512,12,32,-45.61151150372491,5.642175520971529,521.859
513,12,33,-36.61048672490159,5.642175094084705,517.446
514,12,34,-27.604720087246992,5.64217424031106,513.316
515,12,35,-18.59436185492285,5.642173813424236,509.759
516,12,36,-9.579797933617273,5.642173386537413,507.014
517,12,37,-0.5615184427640637,5.64217295965059,505.248
518,12,38,8.459875721072379,5.64217295965059,504.542
519,12,39,17.483704793987076,5.642172532763767,504.886
520,13,0,31.02240843659068,14.642175344532522,507.133
521,13,1,40.04911814178783,14.642175344532522,509.503
522,13,2,49.07571514886368,14.64217363698523,512.278
523,13,3,58.10153692946873,14.642171929437938,515.178
524,13,4,67.12599267223978,14.642170221890645,517.93
525,13,5,76.1485632827999,14.64216680679606,520.294
526,13,6,85.16882528942055,14.64214631622855,522.085
527,13,7,85.81359514706976,-165.3577869757415,523.192
528,13,8,76.79896804651436,-165.3578142964982,523.585
529,13,9,67.7874964933555,-165.3578142964982,523.318
530,13,10,58.779351242322456,-165.3578142964982,522.522
531,13,11,49.77462791606357,-165.3578142964982,521.385
532,13,12,40.773401646659735,-165.3578142964982,520.134
533,13,13,31.775696339773045,-165.35782795687652,519.008
534,13,14,22.7814880897414,-165.35782795687652,518.233
535,13,15,13.790728231466964,-165.35782795687652,517.996
536,13,16,4.803309616357134,-165.35782795687652,518.425
537,13,17,-4.180921861731239,-165.35782795687652,519.574
538,13,18,-13.16223044574167,-165.35782795687652,521.417
539,13,19,-22.14091709088446,-165.35782795687652,523.846
540,13,20,-31.117368556621365,-165.35782795687652,526.682
541,13,21,-40.09210052223472,-165.35782795687652,529.692
542,13,22,-49.06566794059459,-165.35782795687652,532.606
543,13,23,-58.03871967967212,-165.35782795687652,535.146
544,13,24,-67.0119421734789,-165.35782795687652,537.054
545,13,25,-75.98612089376948,-165.35782795687652,538.111
546,13,26,-84.96193885946087,-165.3578552776332,538.167
547,13,27,-86.05979614589204,14.642212910572958,537.152
548,13,28,-77.07842523640544,14.64218729736357,535.086
549,13,29,-68.09334553419951,14.642182174721693,532.078
550,13,30,-59.10406526565403,14.6421804671744,528.322
551,13,31,-50.11021901564839,14.6421804671744,524.074
552,13,32,-41.11160187850751,14.642178759627107,519.637
553,13,33,-32.108176288190926,14.642178759627107,515.326
554,13,34,-23.1000925088604,14.642177052079814,511.449
555,13,35,-14.087578498079473,14.642177052079814,508.272
556,13,36,-5.071087182767484,14.642177052079814,506.001
557,13,37,3.9488307530737363,14.642177052079814,504.761
558,13,38,12.971530710341268,14.642177052079814,504.587
559,13,39,21.99630661822966,14.642175344532522,505.424
560,14,0,26.509232876457816,23.642165349696583,506.181
561,14,1,35.53573255333799,23.642165349696583,508.25
562,14,2,44.562472994386404,23.642163642149292,510.857
563,14,3,53.588759227855014,23.642163642149292,513.73
564,14,4,62.61396970652935,23.642161934601997,516.589
565,14,5,71.63754435489747,23.642158519507415,519.174
566,14,6,80.65900847481205,23.642151689318244,521.27
567,14,7,89.67795908511206,23.641721387400533,522.728
568,14,8,81.30589569110396,-156.35781063095578,523.476
569,14,9,72.29282587367932,-156.3578242913341,523.528
570,14,10,63.28300039611044,-156.3578242913341,522.976
571,14,11,54.276555862180714,-156.3578242913341,521.983
572,14,12,45.273570819065604,-156.3578242913341,520.759
573,14,13,36.274099908278465,-156.35783795171247,519.541
574,14,14,27.278155082650343,-156.35783795171247,518.564
575,14,15,18.28568170066788,-156.35783795171247,518.038
576,14,16,9.296609752892083,-156.35783795171247,518.122
577,14,17,0.3108170963306861,-156.35783795171247,518.909
578,14,18,-8.671924920270948,-156.35783795171247,520.414
579,14,19,-17.65187771173113,-156.35783795171247,522.567
580,14,20,-26.629399809620434,-156.35783795171247,525.226
581,14,21,-35.604918954535634,-156.35783795171247,528.181
582,14,22,-44.57899180689408,-156.35783795171247,531.178
583,14,23,-53.55221771579545,-156.35783795171247,533.939
584,14,24,-62.525266039778394,-156.35783795171247,536.194
585,14,25,-71.49885736380035,-156.35783795171247,537.7
586,14,26,-80.47378740489964,-156.3578516120908,538.271
587,14,27,-89.45072552161491,-156.35809749890092,537.794
588,14,28,-81.56954099306645,23.642184132716803,536.245
589,14,29,-72.58638740420646,23.64217559498034,533.689
590,14,30,-63.59925864524954,23.642172179885755,530.279
591,14,31,-54.60772782937254,23.64217047233846,526.241
592,14,32,-45.61151150372491,23.64216876479117,521.859
593,14,33,-36.61048672490159,23.64216876479117,517.446
594,14,34,-27.604720087246992,23.64216876479117,513.316
595,14,35,-18.59436185492285,23.642167057243878,509.759
596,14,36,-9.579797933617273,23.642167057243878,507.014
597,14,37,-0.5615184427640637,23.642167057243878,505.248
598,14,38,8.459875721072379,23.642167057243878,504.542
599,14,39,17.483704793987076,23.642165349696583,504.886
600,15,0,31.02240843659068,32.64216730769169,507.133
601,15,1,40.04911814178783,32.64216730769169,509.503
602,15,2,49.07571514886368,32.64216730769169,512.278
603,15,3,58.10153692946873,32.64216730769169,515.178
604,15,4,67.12599267223978,32.64216389259711,517.93
605,15,5,76.1485632827999,32.64216047750252,520.294
606,15,6,85.16882528942055,32.642139986935014,522.085
607,15,7,85.81359514706976,-147.35779330503505,523.192
608,15,8,76.79896804651436,-147.3578206257917,523.585
609,15,9,67.7874964933555,-147.3578206257917,523.318
610,15,10,58.779351242322456,-147.3578206257917,522.522
611,15,11,49.77462791606357,-147.3578206257917,521.385
612,15,12,40.773401646659735,-147.3578206257917,520.134
613,15,13,31.775696339773045,-147.35783428617006,519.008
614,15,14,22.7814880897414,-147.35783428617006,518.233
615,15,15,13.790728231466964,-147.35783428617006,517.996
616,15,16,4.803309616357134,-147.35783428617006,518.425
617,15,17,-4.180921861731239,-147.35783428617006,519.574
618,15,18,-13.16223044574167,-147.35783428617006,521.417
619,15,19,-22.14091709088446,-147.35783428617006,523.846
620,15,20,-31.117368556621365,-147.35783428617006,526.682
621,15,21,-40.09210052223472,-147.35783428617006,529.692
622,15,22,-49.06566794059459,-147.35783428617006,532.606
623,15,23,-58.03871967967212,-147.35783428617006,535.146
624,15,24,-67.0119421734789,-147.35783428617006,537.054
625,15,25,-75.98612089376948,-147.35783428617006,538.111
626,15,26,-84.96193885946087,-147.35786160692675,538.167
627,15,27,-86.05979614589204,32.642208288826716,537.152
628,15,28,-77.07842523640544,32.642180968070036,535.086
629,15,29,-68.09334553419951,32.64217755297545,532.078
630,15,30,-59.10406526565403,32.642174137880865,528.322
631,15,31,-50.11021901564839,32.642174137880865,524.074
632,15,32,-41.11160187850751,32.642174137880865,519.637
633,15,33,-32.108176288190926,32.642170722786275,515.326
634,15,34,-23.1000925088604,32.642170722786275,511.449
635,15,35,-14.087578498079473,32.642170722786275,508.272
636,15,36,-5.071087182767484,32.642170722786275,506.001
637,15,37,3.9488307530737363,32.642170722786275,504.761
638,15,38,12.971530710341268,32.642170722786275,504.587
639,15,39,21.99630661822966,32.642170722786275,505.424
640,16,0,26.509232876457816,41.64217438832868,506.181
641,16,1,35.53573255333799,41.642170973234094,508.25
642,16,2,44.562472994386404,41.642170973234094,510.857
643,16,3,53.588759227855014,41.642170973234094,513.73
644,16,4,62.61396970652935,41.642170973234094,516.589
645,16,5,71.63754435489747,41.64216755813951,519.174
646,16,6,80.65900847481205,41.64215731285576,521.27
647,16,7,89.67795908511206,41.64172701093804,522.728
648,16,8,81.30589569110396,-138.35780329987097,523.476
649,16,9,72.29282587367932,-138.35781696024932,523.528
650,16,10,63.28300039611044,-138.35781696024932,522.976
651,16,11,54.276555862180714,-138.35781696024932,521.983
652,16,12,45.273570819065604,-138.35781696024932,520.759
653,16,13,36.274099908278465,-138.35783062062765,519.541
654,16,14,27.278155082650343,-138.35783062062765,518.564
655,16,15,18.28568170066788,-138.35783062062765,518.038
656,16,16,9.296609752892083,-138.35783062062765,518.122
657,16,17,0.3108170963306861,-138.35783062062765,518.909
658,16,18,-8.671924920270948,-138.35783062062765,520.414
659,16,19,-17.65187771173113,-138.35783062062765,522.567
660,16,20,-26.629399809620434,-138.35783062062765,525.226
661,16,21,-35.604918954535634,-138.35783062062765,528.181
662,16,22,-44.57899180689408,-138.35783062062765,531.178
663,16,23,-53.55221771579545,-138.35783062062765,533.939
664,16,24,-62.525266039778394,-138.35783062062765,536.194
665,16,25,-71.49885736380035,-138.35783062062765,537.7
666,16,26,-80.47378740489964,-138.35784428100598,538.271
667,16,27,-89.45072552161491,-138.3580901678161,537.794
668,16,28,-81.56954099306645,41.6421914638016,536.245
669,16,29,-72.58638740420646,41.64218121851785,533.689
670,16,30,-63.59925864524954,41.642177803423266,530.279
671,16,31,-54.60772782937254,41.642177803423266,526.241
672,16,32,-45.61151150372491,41.642177803423266,521.859
673,16,33,-36.61048672490159,41.64217438832868,517.446
674,16,34,-27.604720087246992,41.64217438832868,513.316
675,16,35,-18.59436185492285,41.64217438832868,509.759
676,16,36,-9.579797933617273,41.64217438832868,507.014
677,16,37,-0.5615184427640637,41.64217438832868,505.248
678,16,38,8.459875721072379,41.64217438832868,504.542
679,16,39,17.483704793987076,41.64217438832868,504.886
680,17,0,31.02240843659068,50.64216097839816,507.133
681,17,1,40.04911814178783,50.64216097839816,509.503
682,17,2,49.07571514886368,50.64216097839816,512.278
683,17,3,58.10153692946873,50.64216097839816,515.178
684,17,4,67.12599267223978,50.64215756330357,517.93
685,17,5,76.1485632827999,50.64215414820899,520.294
686,17,6,85.16882528942055,50.64213365764147,522.085
687,17,7,85.81359514706976,-129.3577996343286,523.192
688,17,8,76.79896804651436,-129.35782695508524,523.585
689,17,9,67.7874964933555,-129.35782695508524,523.318
690,17,10,58.779351242322456,-129.35782695508524,522.522
691,17,11,49.77462791606357,-129.35782695508524,521.385
692,17,12,40.773401646659735,-129.35782695508524,520.134
693,17,13,31.775696339773045,-129.3578406154636,519.008
694,17,14,22.7814880897414,-129.3578406154636,518.233
695,17,15,13.790728231466964,-129.3578406154636,517.996
696,17,16,4.803309616357134,-129.3578406154636,518.425
697,17,17,-4.180921861731239,-129.3578406154636,519.574
698,17,18,-13.16223044574167,-129.3578406154636,521.417
699,17,19,-22.14091709088446,-129.3578406154636,523.846
700,17,20,-31.117368556621365,-129.3578406154636,526.682
701,17,21,-40.09210052223472,-129.3578406154636,529.692
702,17,22,-49.06566794059459,-129.3578406154636,532.606
703,17,23,-58.03871967967212,-129.3578406154636,535.146
704,17,24,-67.0119421734789,-129.3578406154636,537.054
705,17,25,-75.98612089376948,-129.3578406154636,538.111
706,17,26,-84.96193885946087,-129.35786793622026,538.167
707,17,27,-86.05979614589204,50.642201959533175,537.152
708,17,28,-77.07842523640544,50.642174638776495,535.086
709,17,29,-68.09334553419951,50.64217122368191,532.078
710,17,30,-59.10406526565403,50.642167808587324,528.322
711,17,31,-50.11021901564839,50.642167808587324,524.074
712,17,32,-41.11160187850751,50.642167808587324,519.637
713,17,33,-32.108176288190926,50.64216439349274,515.326
714,17,34,-23.1000925088604,50.64216439349274,511.449
715,17,35,-14.087578498079473,50.64216439349274,508.272
716,17,36,-5.071087182767484,50.64216439349274,506.001
717,17,37,3.9488307530737363,50.64216439349274,504.761
718,17,38,12.971530710341268,50.64216439349274,504.587
719,17,39,21.99630661822966,50.64216439349274,505.424
720,18,0,26.509232876457816,59.64216805903514,506.181
721,18,1,35.53573255333799,59.64216805903514,508.25
722,18,2,44.562472994386404,59.64216805903514,510.857
723,18,3,53.588759227855014,59.64216122884597,513.73
724,18,4,62.61396970652935,59.64216122884597,516.589
725,18,5,71.63754435489747,59.64216122884597,519.174
726,18,6,80.65900847481205,59.6421543986568,521.27
727,18,7,89.67795908511206,59.64172409673909,522.728
728,18,8,81.30589569110396,-120.3578096291645,523.476
729,18,9,72.29282587367932,-120.35782328954285,523.528
730,18,10,63.28300039611044,-120.35782328954285,522.976
731,18,11,54.276555862180714,-120.35782328954285,521.983
732,18,12,45.273570819065604,-120.35782328954285,520.759
733,18,13,36.274099908278465,-120.3578369499212,519.541
734,18,14,27.278155082650343,-120.3578369499212,518.564
735,18,15,18.28568170066788,-120.3578369499212,518.038
736,18,16,9.296609752892083,-120.3578369499212,518.122
737,18,17,0.3108170963306861,-120.3578369499212,518.909
738,18,18,-8.671924920270948,-120.3578369499212,520.414
739,18,19,-17.65187771173113,-120.3578369499212,522.567
740,18,20,-26.629399809620434,-120.3578369499212,525.226
741,18,21,-35.604918954535634,-120.3578369499212,528.181
742,18,22,-44.57899180689408,-120.3578369499212,531.178
743,18,23,-53.55221771579545,-120.3578369499212,533.939
744,18,24,-62.525266039778394,-120.3578369499212,536.194
745,18,25,-71.49885736380035,-120.3578369499212,537.7
746,18,26,-80.47378740489964,-120.35785061029954,538.271
747,18,27,-89.45072552161491,-120.35809649710966,537.794
748,18,28,-81.56954099306645,59.642181719413486,536.245
749,18,29,-72.58638740420646,59.642174889224314,533.689
750,18,30,-63.59925864524954,59.642174889224314,530.279
751,18,31,-54.60772782937254,59.64216805903514,526.241
752,18,32,-45.61151150372491,59.64216805903514,521.859
753,18,33,-36.61048672490159,59.64216805903514,517.446
754,18,34,-27.604720087246992,59.64216805903514,513.316
755,18,35,-18.59436185492285,59.64216805903514,509.759
756,18,36,-9.579797933617273,59.64216805903514,507.014
757,18,37,-0.5615184427640637,59.64216805903514,505.248
758,18,38,8.459875721072379,59.64216805903514,504.542
759,18,39,17.483704793987076,59.64216805903514,504.886
760,19,0,31.02240843659068,68.64217172457755,507.133
761,19,1,40.04911814178783,68.64217172457755,509.503
762,19,2,49.07571514886368,68.64217172457755,512.278
763,19,3,58.10153692946873,68.64216489438837,515.178
764,19,4,67.12599267223978,68.64216489438837,517.93
765,19,5,76.1485632827999,68.64215806419921,520.294
766,19,6,85.16882528942055,68.64214440382086,522.085
767,19,7,85.81359514706976,-111.35779230324377,523.192
768,19,8,76.79896804651436,-111.35781962400046,523.585
769,19,9,67.7874964933555,-111.35781962400046,523.318
770,19,10,58.779351242322456,-111.35782645418962,522.522
771,19,11,49.77462791606357,-111.35782645418962,521.385
772,19,12,40.773401646659735,-111.35782645418962,520.134
773,19,13,31.775696339773045,-111.35782645418962,519.008
774,19,14,22.7814880897414,-111.35782645418962,518.233
775,19,15,13.790728231466964,-111.35782645418962,517.996
776,19,16,4.803309616357134,-111.35782645418962,518.425
777,19,17,-4.180921861731239,-111.35782645418962,519.574
778,19,18,-13.16223044574167,-111.35782645418962,521.417
779,19,19,-22.14091709088446,-111.35782645418962,523.846
780,19,20,-31.117368556621365,-111.35783328437878,526.682
781,19,21,-40.09210052223472,-111.35783328437878,529.692
782,19,22,-49.06566794059459,-111.35783328437878,532.606
783,19,23,-58.03871967967212,-111.35783328437878,535.146
784,19,24,-67.0119421734789,-111.35783328437878,537.054
785,19,25,-75.98612089376948,-111.35784011456796,538.111
786,19,26,-84.96193885946087,-111.35785377494629,538.167
787,19,27,-86.05979614589204,68.6422058755234,537.152
788,19,28,-77.07842523640544,68.64218538495588,535.086
789,19,29,-68.09334553419951,68.64217855476672,532.078
790,19,30,-59.10406526565403,68.64217855476672,528.322
791,19,31,-50.11021901564839,68.64217172457755,524.074
792,19,32,-41.11160187850751,68.64217172457755,519.637
793,19,33,-32.108176288190926,68.64217172457755,515.326
794,19,34,-23.1000925088604,68.64217172457755,511.449
795,19,35,-14.087578498079473,68.64217172457755,508.272
796,19,36,-5.071087182767484,68.64217172457755,506.001
797,19,37,3.9488307530737363,68.64217172457755,504.761
798,19,38,12.971530710341268,68.64217172457755,504.587
799,19,39,21.99630661822966,68.64217172457755,505.424
800,20,0,26.509232876457816,77.64217539011995,506.181
801,20,1,35.53573255333799,77.64217539011995,508.25
802,20,2,44.562472994386404,77.64217539011995,510.857
803,20,3,53.588759227855014,77.64216855993078,513.73
804,20,4,62.61396970652935,77.64216855993078,516.589
805,20,5,71.63754435489747,77.64216855993078,519.174
806,20,6,80.65900847481205,77.6421617297416,521.27
807,20,7,89.67795908511206,77.6417314278239,522.728
808,20,8,81.30589569110396,-102.35780912826888,523.476
809,20,9,72.29282587367932,-102.35781595845805,523.528
810,20,10,63.28300039611044,-102.35782278864721,522.976
811,20,11,54.276555862180714,-102.35782278864721,521.983
812,20,12,45.273570819065604,-102.35782278864721,520.759
813,20,13,36.274099908278465,-102.35782278864721,519.541
814,20,14,27.278155082650343,-102.35782278864721,518.564
815,20,15,18.28568170066788,-102.35782278864721,518.038
816,20,16,9.296609752892083,-102.35782278864721,518.122
817,20,17,0.3108170963306861,-102.35782278864721,518.909
818,20,18,-8.671924920270948,-102.35782278864721,520.414
819,20,19,-17.65187771173113,-102.35782278864721,522.567
820,20,20,-26.629399809620434,-102.35782278864721,525.226
821,20,21,-35.604918954535634,-102.35782961883639,528.181
822,20,22,-44.57899180689408,-102.35782961883639,531.178
823,20,23,-53.55221771579545,-102.35782961883639,533.939
824,20,24,-62.525266039778394,-102.35782961883639,536.194
825,20,25,-71.49885736380035,-102.35782961883639,537.7
826,20,26,-80.47378740489964,-102.35783644902556,538.271
827,20,27,-89.45072552161491,-102.35808916602485,537.794
828,20,28,-81.56954099306645,77.64218905049829,536.245
829,20,29,-72.58638740420646,77.64218222030911,533.689
830,20,30,-63.59925864524954,77.64218222030911,530.279
831,20,31,-54.60772782937254,77.64217539011995,526.241
832,20,32,-45.61151150372491,77.64217539011995,521.859
833,20,33,-36.61048672490159,77.64217539011995,517.446
834,20,34,-27.604720087246992,77.64217539011995,513.316
835,20,35,-18.59436185492285,77.64217539011995,509.759
836,20,36,-9.579797933617273,77.64217539011995,507.014
837,20,37,-0.5615184427640637,77.64217539011995,505.248
838,20,38,8.459875721072379,77.64217539011995,504.542
839,20,39,17.483704793987076,77.64217539011995,504.886
840,21,0,31.02240843659068,86.64216539528401,507.133
841,21,1,40.04911814178783,86.64216539528401,509.503
842,21,2,49.07571514886368,86.64216539528401,512.278
843,21,3,58.10153692946873,86.64215856509483,515.178
844,21,4,67.12599267223978,86.64215856509483,517.93
845,21,5,76.1485632827999,86.64215173490567,520.294
846,21,6,85.16882528942055,86.64213807452732,522.085
847,21,7,85.81359514706976,-93.35779863253731,523.192
848,21,8,76.79896804651436,-93.35782595329398,523.585
849,21,9,67.7874964933555,-93.35782595329398,523.318
850,21,10,58.779351242322456,-93.35783278348316,522.522
851,21,11,49.77462791606357,-93.35783278348316,521.385
852,21,12,40.773401646659735,-93.35783278348316,520.134
853,21,13,31.775696339773045,-93.35783278348316,519.008
854,21,14,22.7814880897414,-93.35783278348316,518.233
855,21,15,13.790728231466964,-93.35783278348316,517.996
856,21,16,4.803309616357134,-93.35783278348316,518.425
857,21,17,-4.180921861731239,-93.35783278348316,519.574
858,21,18,-13.16223044574167,-93.35783278348316,521.417
859,21,19,-22.14091709088446,-93.35783278348316,523.846
860,21,20,-31.117368556621365,-93.35783961367233,526.682
861,21,21,-40.09210052223472,-93.35783961367233,529.692
862,21,22,-49.06566794059459,-93.35783961367233,532.606
863,21,23,-58.03871967967212,-93.35783961367233,535.146
864,21,24,-67.0119421734789,-93.35783961367233,537.054
865,21,25,-75.98612089376948,-93.35784644386149,538.111
866,21,26,-84.96193885946087,-93.35786010423983,538.167
867,21,27,-86.05979614589204,86.64219954622986,537.152
868,21,28,-77.07842523640544,86.64217905566235,535.086
869,21,29,-68.09334553419951,86.64217222547317,532.078
870,21,30,-59.10406526565403,86.64217222547317,528.322
871,21,31,-50.11021901564839,86.64216539528401,524.074
872,21,32,-41.11160187850751,86.64216539528401,519.637
873,21,33,-32.108176288190926,86.64216539528401,515.326
874,21,34,-23.1000925088604,86.64216539528401,511.449
875,21,35,-14.087578498079473,86.64216539528401,508.272
876,21,36,-5.071087182767484,86.64216539528401,506.001
877,21,37,3.9488307530737363,86.64216539528401,504.761
878,21,38,12.971530710341268,86.64216539528401,504.587
879,21,39,21.99630661822966,86.64216539528401,505.424
880,22,0,26.509232876457816,95.6421690608264,506.181
881,22,1,35.53573255333799,95.6421690608264,508.25
882,22,2,44.562472994386404,95.6421690608264,510.857
883,22,3,53.588759227855014,95.64216223063724,513.73
884,22,4,62.61396970652935,95.64216223063724,516.589
885,22,5,71.63754435489747,95.64216223063724,519.174
886,22,6,80.65900847481205,95.64215540044808,521.27
887,22,7,89.67795908511206,95.64172509853036,522.728
888,22,8,81.30589569110396,-84.35781545756241,523.476
889,22,9,72.29282587367932,-84.35782228775159,523.528
890,22,10,63.28300039611044,-84.35782911794075,522.976
891,22,11,54.276555862180714,-84.35782911794075,521.983
892,22,12,45.273570819065604,-84.35782911794075,520.759
893,22,13,36.274099908278465,-84.35782911794075,519.541
894,22,14,27.278155082650343,-84.35782911794075,518.564
895,22,15,18.28568170066788,-84.35782911794075,518.038
896,22,16,9.296609752892083,-84.35782911794075,518.122
897,22,17,0.3108170963306861,-84.35782911794075,518.909
898,22,18,-8.671924920270948,-84.35782911794075,520.414
899,22,19,-17.65187771173113,-84.35782911794075,522.567
900,22,20,-26.629399809620434,-84.35782911794075,525.226
901,22,21,-35.604918954535634,-84.35783594812992,528.181
902,22,22,-44.57899180689408,-84.35783594812992,531.178
903,22,23,-53.55221771579545,-84.35783594812992,533.939
904,22,24,-62.525266039778394,-84.35783594812992,536.194
905,22,25,-71.49885736380035,-84.35783594812992,537.7
906,22,26,-80.47378740489964,-84.3578427783191,538.271
907,22,27,-89.45072552161491,-84.35809549531838,537.794
908,22,28,-81.56954099306645,95.64218272120475,536.245
909,22,29,-72.58638740420646,95.64217589101558,533.689
910,22,30,-63.59925864524954,95.64217589101558,530.279
911,22,31,-54.60772782937254,95.6421690608264,526.241
912,22,32,-45.61151150372491,95.6421690608264,521.859
913,22,33,-36.61048672490159,95.6421690608264,517.446
914,22,34,-27.604720087246992,95.6421690608264,513.316
915,22,35,-18.59436185492285,95.6421690608264,509.759
916,22,36,-9.579797933617273,95.6421690608264,507.014
917,22,37,-0.5615184427640637,95.6421690608264,505.248
918,22,38,8.459875721072379,95.6421690608264,504.542
919,22,39,17.483704793987076,95.6421690608264,504.886
920,23,0,31.02240843659068,104.64217272636881,507.133
921,23,1,40.04911814178783,104.64217272636881,509.503
922,23,2,49.07571514886368,104.64217272636881,512.278
923,23,3,58.10153692946873,104.64216589617965,515.178
924,23,4,67.12599267223978,104.64216589617965,517.93
925,23,5,76.1485632827999,104.64215906599047,520.294
926,23,6,85.16882528942055,104.64214540561213,522.085
927,23,7,85.81359514706976,-75.35779130145251,523.192
928,23,8,76.79896804651436,-75.35781862220918,523.585
929,23,9,67.7874964933555,-75.35781862220918,523.318
930,23,10,58.779351242322456,-75.35782545239836,522.522
931,23,11,49.77462791606357,-75.35782545239836,521.385
932,23,12,40.773401646659735,-75.35782545239836,520.134
933,23,13,31.775696339773045,-75.35782545239836,519.008
934,23,14,22.7814880897414,-75.35782545239836,518.233
935,23,15,13.790728231466964,-75.35782545239836,517.996
936,23,16,4.803309616357134,-75.35782545239836,518.425
937,23,17,-4.180921861731239,-75.35782545239836,519.574
938,23,18,-13.16223044574167,-75.35782545239836,521.417
939,23,19,-22.14091709088446,-75.35782545239836,523.846
940,23,20,-31.117368556621365,-75.35783228258752,526.682
941,23,21,-40.09210052223472,-75.35783228258752,529.692
942,23,22,-49.06566794059459,-75.35783228258752,532.606
943,23,23,-58.03871967967212,-75.35783228258752,535.146
944,23,24,-67.0119421734789,-75.35783228258752,537.054
945,23,25,-75.98612089376948,-75.35783911277669,538.111
946,23,26,-84.96193885946087,-75.35785277315503,538.167
947,23,27,-86.05979614589204,104.64220687731466,537.152
948,23,28,-77.07842523640544,104.64218638674716,535.086
949,23,29,-68.09334553419951,104.64217955655798,532.078
950,23,30,-59.10406526565403,104.64217955655798,528.322
951,23,31,-50.11021901564839,104.64217272636881,524.074
952,23,32,-41.11160187850751,104.64217272636881,519.637
953,23,33,-32.108176288190926,104.64217272636881,515.326
954,23,34,-23.1000925088604,104.64217272636881,511.449
955,23,35,-14.087578498079473,104.64217272636881,508.272
956,23,36,-5.071087182767484,104.64217272636881,506.001
957,23,37,3.9488307530737363,104.64217272636881,504.761
958,23,38,12.971530710341268,104.64217272636881,504.587
959,23,39,21.99630661822966,104.64217272636881,505.424
960,24,0,26.509232876457816,113.6421763919112,506.181
961,24,1,35.53573255333799,113.6421763919112,508.25
962,24,2,44.562472994386404,113.6421763919112,510.857
963,24,3,53.588759227855014,113.64216956172204,513.73
964,24,4,62.61396970652935,113.64216956172204,516.589
965,24,5,71.63754435489747,113.64216956172204,519.174
966,24,6,80.65900847481205,113.64216273153288,521.27
967,24,7,89.67795908511206,113.64173242961516,522.728
968,24,8,81.30589569110396,-66.35780812647761,523.476
969,24,9,72.29282587367932,-66.35781495666679,523.528
970,24,10,63.28300039611044,-66.35782178685595,522.976
971,24,11,54.276555862180714,-66.35782178685595,521.983
972,24,12,45.273570819065604,-66.35782178685595,520.759
973,24,13,36.274099908278465,-66.35782178685595,519.541
974,24,14,27.278155082650343,-66.35782178685595,518.564
975,24,15,18.28568170066788,-66.35782178685595,518.038
976,24,16,9.296609752892083,-66.35782178685595,518.122
977,24,17,0.3108170963306861,-66.35782178685595,518.909
978,24,18,-8.671924920270948,-66.35782178685595,520.414
979,24,19,-17.65187771173113,-66.35782178685595,522.567
980,24,20,-26.629399809620434,-66.35782178685595,525.226
981,24,21,-35.604918954535634,-66.35782861704512,528.181
982,24,22,-44.57899180689408,-66.35782861704512,531.178
983,24,23,-53.55221771579545,-66.35782861704512,533.939
984,24,24,-62.525266039778394,-66.35782861704512,536.194
985,24,25,-71.49885736380035,-66.35782861704512,537.7
986,24,26,-80.47378740489964,-66.3578354472343,538.271
987,24,27,-89.45072552161491,-66.35808816423358,537.794
988,24,28,-81.56954099306645,113.64219005228955,536.245
989,24,29,-72.58638740420646,113.64218322210039,533.689
990,24,30,-63.59925864524954,113.64218322210039,530.279
991,24,31,-54.60772782937254,113.6421763919112,526.241
992,24,32,-45.61151150372491,113.6421763919112,521.859
993,24,33,-36.61048672490159,113.6421763919112,517.446
994,24,34,-27.604720087246992,113.6421763919112,513.316
995,24,35,-18.59436185492285,113.6421763919112,509.759
996,24,36,-9.579797933617273,113.6421763919112,507.014
997,24,37,-0.5615184427640637,113.6421763919112,505.248
998,24,38,8.459875721072379,113.6421763919112,504.542
999,24,39,17.483704793987076,113.6421763919112,504.886
1000,25,0,31.02240843659068,122.64216639707527,507.133
1001,25,1,40.04911814178783,122.64216639707527,509.503
1002,25,2,49.07571514886368,122.64216639707527,512.278
1003,25,3,58.10153692946873,122.64216639707527,515.178
1004,25,4,67.12599267223978,122.64216639707527,517.93
1005,25,5,76.1485632827999,122.64215273669693,520.294
1006,25,6,85.16882528942055,122.6421390763186,522.085
1007,25,7,85.81359514706976,-57.35779763074604,523.192
1008,25,8,76.79896804651436,-57.35782495150272,523.585
1009,25,9,67.7874964933555,-57.35782495150272,523.318
1010,25,10,58.779351242322456,-57.357831781691885,522.522
1011,25,11,49.77462791606357,-57.357831781691885,521.385
1012,25,12,40.773401646659735,-57.357831781691885,520.134
1013,25,13,31.775696339773045,-57.357831781691885,519.008
1014,25,14,22.7814880897414,-57.357831781691885,518.233
1015,25,15,13.790728231466964,-57.357831781691885,517.996
1016,25,16,4.803309616357134,-57.357831781691885,518.425
1017,25,17,-4.180921861731239,-57.357831781691885,519.574
1018,25,18,-13.16223044574167,-57.357831781691885,521.417
1019,25,19,-22.14091709088446,-57.357831781691885,523.846
1020,25,20,-31.117368556621365,-57.35783861188106,526.682
1021,25,21,-40.09210052223472,-57.35783861188106,529.692
1022,25,22,-49.06566794059459,-57.35783861188106,532.606
1023,25,23,-58.03871967967212,-57.35783861188106,535.146
1024,25,24,-67.0119421734789,-57.35783861188106,537.054
1025,25,25,-75.98612089376948,-57.35784544207023,538.111
1026,25,26,-84.96193885946087,-57.35785910244857,538.167
1027,25,27,-86.05979614589204,122.6422073782103,537.152
1028,25,28,-77.07842523640544,122.64218005745361,535.086
1029,25,29,-68.09334553419951,122.64216639707527,532.078
1030,25,30,-59.10406526565403,122.64216639707527,528.322
1031,25,31,-50.11021901564839,122.64216639707527,524.074
1032,25,32,-41.11160187850751,122.64216639707527,519.637
1033,25,33,-32.108176288190926,122.64216639707527,515.326
1034,25,34,-23.1000925088604,122.64216639707527,511.449
1035,25,35,-14.087578498079473,122.64216639707527,508.272
1036,25,36,-5.071087182767484,122.64216639707527,506.001
1037,25,37,3.9488307530737363,122.64216639707527,504.761
1038,25,38,12.971530710341268,122.64216639707527,504.587
1039,25,39,21.99630661822966,122.64216639707527,505.424
1040,26,0,26.509232876457816,131.642183722996,506.181
1041,26,1,35.53573255333799,131.642183722996,508.25
1042,26,2,44.562472994386404,131.642183722996,510.857
1043,26,3,53.588759227855014,131.642183722996,513.73
1044,26,4,62.61396970652935,131.642183722996,516.589
1045,26,5,71.63754435489747,131.64217006261768,519.174
1046,26,6,80.65900847481205,131.64217006261768,521.27
1047,26,7,89.67795908511206,131.64173293051078,522.728
1048,26,8,81.30589569110396,-48.357800795392805,523.476
1049,26,9,72.29282587367932,-48.35780762558198,523.528
1050,26,10,63.28300039611044,-48.35781104067656,522.976
1051,26,11,54.276555862180714,-48.35781445577115,521.983
1052,26,12,45.273570819065604,-48.35781445577115,520.759
1053,26,13,36.274099908278465,-48.35781445577115,519.541
1054,26,14,27.278155082650343,-48.35781445577115,518.564
1055,26,15,18.28568170066788,-48.35781445577115,518.038
1056,26,16,9.296609752892083,-48.35781445577115,518.122
1057,26,17,0.3108170963306861,-48.35781787086573,518.909
1058,26,18,-8.671924920270948,-48.35781787086573,520.414
1059,26,19,-17.65187771173113,-48.35781787086573,522.567
1060,26,20,-26.629399809620434,-48.35781787086573,525.226
1061,26,21,-35.604918954535634,-48.35781787086573,528.181
1062,26,22,-44.57899180689408,-48.35781787086573,531.178
1063,26,23,-53.55221771579545,-48.35782128596032,533.939
1064,26,24,-62.525266039778394,-48.35782128596032,536.194
1065,26,25,-71.49885736380035,-48.3578247010549,537.7
1066,26,26,-80.47378740489964,-48.357831531244074,538.271
1067,26,27,-89.45072552161491,-48.358077418054194,537.794
1068,26,28,-81.56954099306645,131.64219738337437,536.245
1069,26,29,-72.58638740420646,131.64219738337437,533.689
1070,26,30,-63.59925864524954,131.642183722996,530.279
1071,26,31,-54.60772782937254,131.642183722996,526.241
1072,26,32,-45.61151150372491,131.642183722996,521.859
1073,26,33,-36.61048672490159,131.642183722996,517.446
1074,26,34,-27.604720087246992,131.642183722996,513.316
1075,26,35,-18.59436185492285,131.642183722996,509.759
1076,26,36,-9.579797933617273,131.642183722996,507.014
1077,26,37,-0.5615184427640637,131.642183722996,505.248
1078,26,38,8.459875721072379,131.642183722996,504.542
1079,26,39,17.483704793987076,131.642183722996,504.886
1080,27,0,31.02240843659068,140.64216006778173,507.133
1081,27,1,40.04911814178783,140.64216006778173,509.503
1082,27,2,49.07571514886368,140.64216006778173,512.278
1083,27,3,58.10153692946873,140.64216006778173,515.178
1084,27,4,67.12599267223978,140.64216006778173,517.93
1085,27,5,76.1485632827999,140.6421464074034,520.294
1086,27,6,85.16882528942055,140.64213274702504,522.085
1087,27,7,85.81359514706976,-39.35780737513416,523.192
1088,27,8,76.79896804651436,-39.35782786570167,523.585
1089,27,9,67.7874964933555,-39.35783469589084,523.318
1090,27,10,58.779351242322456,-39.35783469589084,522.522
1091,27,11,49.77462791606357,-39.357838110985426,521.385
1092,27,12,40.773401646659735,-39.357838110985426,520.134
1093,27,13,31.775696339773045,-39.357838110985426,519.008
1094,27,14,22.7814880897414,-39.357838110985426,518.233
1095,27,15,13.790728231466964,-39.357838110985426,517.996
1096,27,16,4.803309616357134,-39.35784152608001,518.425
1097,27,17,-4.180921861731239,-39.35784152608001,519.574
1098,27,18,-13.16223044574167,-39.35784152608001,521.417
1099,27,19,-22.14091709088446,-39.35784152608001,523.846
1100,27,20,-31.117368556621365,-39.35784152608001,526.682
1101,27,21,-40.09210052223472,-39.35784152608001,529.692
1102,27,22,-49.06566794059459,-39.35784152608001,532.606
1103,27,23,-58.03871967967212,-39.3578449411746,535.146
1104,27,24,-67.0119421734789,-39.3578449411746,537.054
1105,27,25,-75.98612089376948,-39.35785177136376,538.111
1106,27,26,-84.96193885946087,-39.35786884683669,538.167
1107,27,27,-86.05979614589204,140.64220104891675,537.152
1108,27,28,-77.07842523640544,140.6421737281601,535.086
1109,27,29,-68.09334553419951,140.64216006778173,532.078
1110,27,30,-59.10406526565403,140.64216006778173,528.322
1111,27,31,-50.11021901564839,140.64216006778173,524.074
1112,27,32,-41.11160187850751,140.64216006778173,519.637
1113,27,33,-32.108176288190926,140.64216006778173,515.326
1114,27,34,-23.1000925088604,140.64216006778173,511.449
1115,27,35,-14.087578498079473,140.64216006778173,508.272
1116,27,36,-5.071087182767484,140.64216006778173,506.001
1117,27,37,3.9488307530737363,140.64216006778173,504.761
1118,27,38,12.971530710341268,140.64216006778173,504.587
1119,27,39,21.99630661822966,140.64216006778173,505.424
1120,28,0,26.509232876457816,149.64216373332414,506.181
1121,28,1,35.53573255333799,149.64216373332414,508.25
1122,28,2,44.562472994386404,149.64216373332414,510.857
1123,28,3,53.588759227855014,149.64216373332414,513.73
1124,28,4,62.61396970652935,149.64216373332414,516.589
1125,28,5,71.63754435489747,149.6421500729458,519.174
1126,28,6,80.65900847481205,149.6421500729458,521.27
1127,28,7,89.67795908511206,149.64171294083891,522.728
1128,28,8,81.30589569110396,-30.357820785064682,523.476
1129,28,9,72.29282587367932,-30.357827615253854,523.528
1130,28,10,63.28300039611044,-30.35783103034844,522.976
1131,28,11,54.276555862180714,-30.357834445443025,521.983
1132,28,12,45.273570819065604,-30.357834445443025,520.759
1133,28,13,36.274099908278465,-30.357834445443025,519.541
1134,28,14,27.278155082650343,-30.357834445443025,518.564
1135,28,15,18.28568170066788,-30.357834445443025,518.038
1136,28,16,9.296609752892083,-30.357834445443025,518.122
1137,28,17,0.3108170963306861,-30.357837860537607,518.909
1138,28,18,-8.671924920270948,-30.357837860537607,520.414
1139,28,19,-17.65187771173113,-30.357837860537607,522.567
1140,28,20,-26.629399809620434,-30.357837860537607,525.226
1141,28,21,-35.604918954535634,-30.357837860537607,528.181
1142,28,22,-44.57899180689408,-30.357837860537607,531.178
1143,28,23,-53.55221771579545,-30.357841275632193,533.939
1144,28,24,-62.525266039778394,-30.357841275632193,536.194
1145,28,25,-71.49885736380035,-30.35784469072678,537.7
1146,28,26,-80.47378740489964,-30.357851520915947,538.271
1147,28,27,-89.45072552161491,-30.35809740772607,537.794
1148,28,28,-81.56954099306645,149.64217739370247,536.245
1149,28,29,-72.58638740420646,149.64217739370247,533.689
1150,28,30,-63.59925864524954,149.64216373332414,530.279
1151,28,31,-54.60772782937254,149.64216373332414,526.241
1152,28,32,-45.61151150372491,149.64216373332414,521.859
1153,28,33,-36.61048672490159,149.64216373332414,517.446
1154,28,34,-27.604720087246992,149.64216373332414,513.316
1155,28,35,-18.59436185492285,149.64216373332414,509.759
1156,28,36,-9.579797933617273,149.64216373332414,507.014
1157,28,37,-0.5615184427640637,149.64216373332414,505.248
1158,28,38,8.459875721072379,149.64216373332414,504.542
1159,28,39,17.483704793987076,149.64216373332414,504.886
1160,29,0,31.02240843659068,158.64216739886655,507.133
1161,29,1,40.04911814178783,158.64216739886655,509.503
1162,29,2,49.07571514886368,158.64216739886655,512.278
1163,29,3,58.10153692946873,158.64216739886655,515.178
1164,29,4,67.12599267223978,158.64216739886655,517.93
1165,29,5,76.1485632827999,158.6421537384882,520.294
1166,29,6,85.16882528942055,158.64214007810986,522.085
1167,29,7,85.81359514706976,-21.357798336502064,523.192
1168,29,8,76.79896804651436,-21.357822242164158,523.585
1169,29,9,67.7874964933555,-21.357827364806038,523.318
1170,29,10,58.779351242322456,-21.35782907235333,522.522
1171,29,11,49.77462791606357,-21.35782907235333,521.385
1172,29,12,40.773401646659735,-21.35783077990062,520.134
1173,29,13,31.775696339773045,-21.35783077990062,519.008
1174,29,14,22.7814880897414,-21.357832487447915,518.233
1175,29,15,13.790728231466964,-21.357832487447915,517.996
1176,29,16,4.803309616357134,-21.357832487447915,518.425
1177,29,17,-4.180921861731239,-21.357832487447915,519.574
1178,29,18,-13.16223044574167,-21.357834194995206,521.417
1179,29,19,-22.14091709088446,-21.357834194995206,523.846
1180,29,20,-31.117368556621365,-21.357834194995206,526.682
1181,29,21,-40.09210052223472,-21.357834194995206,529.692
1182,29,22,-49.06566794059459,-21.3578359025425,532.606
1183,29,23,-58.03871967967212,-21.357837610089792,535.146
1184,29,24,-67.0119421734789,-21.357839317637083,537.054
1185,29,25,-75.98612089376948,-21.35784273273167,538.111
1186,29,26,-84.96193885946087,-21.357861515751885,538.167
1187,29,27,-86.05979614589204,158.64220838000156,537.152
1188,29,28,-77.07842523640544,158.64218105924488,535.086
1189,29,29,-68.09334553419951,158.64216739886655,532.078
1190,29,30,-59.10406526565403,158.64216739886655,528.322
1191,29,31,-50.11021901564839,158.64216739886655,524.074
1192,29,32,-41.11160187850751,158.64216739886655,519.637
1193,29,33,-32.108176288190926,158.64216739886655,515.326
1194,29,34,-23.1000925088604,158.64216739886655,511.449
1195,29,35,-14.087578498079473,158.64216739886655,508.272
1196,29,36,-5.071087182767484,158.64216739886655,506.001
1197,29,37,3.9488307530737363,158.64216739886655,504.761
1198,29,38,12.971530710341268,158.64216739886655,504.587
1199,29,39,21.99630661822966,158.64216739886655,505.424
1200,30,0,26.509232876457816,167.64217106440896,506.181
1201,30,1,35.53573255333799,167.64217106440896,508.25
1202,30,2,44.562472994386404,167.64217106440896,510.857
1203,30,3,53.588759227855014,167.64217106440896,513.73
1204,30,4,62.61396970652935,167.64217106440896,516.589
1205,30,5,71.63754435489747,167.6421574040306,519.174
1206,30,6,80.65900847481205,167.6421574040306,521.27
1207,30,7,89.67795908511206,167.64172027192373,522.728
1208,30,8,81.30589569110396,-12.357812600206234,523.476
1209,30,9,72.29282587367932,-12.357821137942697,523.528
1210,30,10,63.28300039611044,-12.35782455303728,522.976
1211,30,11,54.276555862180714,-12.357825406810928,521.983
1212,30,12,45.273570819065604,-12.357826260584574,520.759
1213,30,13,36.274099908278465,-12.357827114358221,519.541
1214,30,14,27.278155082650343,-12.357827968131867,518.564
1215,30,15,18.28568170066788,-12.357827968131867,518.038
1216,30,16,9.296609752892083,-12.357828821905512,518.122
1217,30,17,0.3108170963306861,-12.357828821905512,518.909
1218,30,18,-8.671924920270948,-12.35782967567916,520.414
1219,30,19,-17.65187771173113,-12.35782967567916,522.567
1220,30,20,-26.629399809620434,-12.357830529452805,525.226
1221,30,21,-35.604918954535634,-12.357831383226452,528.181
1222,30,22,-44.57899180689408,-12.357831383226452,531.178
1223,30,23,-53.55221771579545,-12.357832237000098,533.939
1224,30,24,-62.525266039778394,-12.35783394454739,536.194
1225,30,25,-71.49885736380035,-12.35783650586833,537.7
1226,30,26,-80.47378740489964,-12.357844189831145,538.271
1227,30,27,-89.45072552161491,-12.358090930414912,537.794
1228,30,28,-81.56954099306645,167.64218472478728,536.245
1229,30,29,-72.58638740420646,167.64218472478728,533.689
1230,30,30,-63.59925864524954,167.64217106440896,530.279
1231,30,31,-54.60772782937254,167.64217106440896,526.241
1232,30,32,-45.61151150372491,167.64217106440896,521.859
1233,30,33,-36.61048672490159,167.64217106440896,517.446
1234,30,34,-27.604720087246992,167.64217106440896,513.316
1235,30,35,-18.59436185492285,167.64217106440896,509.759
1236,30,36,-9.579797933617273,167.64217106440896,507.014
1237,30,37,-0.5615184427640637,167.64217106440896,505.248
1238,30,38,8.459875721072379,167.64217106440896,504.542
1239,30,39,17.483704793987076,167.64217106440896,504.886
1240,31,0,31.02240843659068,176.64217472995134,507.133
1241,31,1,40.04911814178783,176.64217472995134,509.503
1242,31,2,49.07571514886368,176.64217472995134,512.278
1243,31,3,58.10153692946873,176.64217472995134,515.178
1244,31,4,67.12599267223978,176.64217472995134,517.93
1245,31,5,76.1485632827999,176.642161069573,520.294
1246,31,6,85.16882528942055,176.64214740919468,522.085
1247,31,7,85.81359514706976,-3.3577912188606724,523.192
1248,31,8,76.79896804651436,-3.3578149110793563,523.585
1249,31,9,67.7874964933555,-3.357819393390999,523.318
1250,31,10,58.779351242322456,-3.357821314381703,522.522
1251,31,11,49.77462791606357,-3.3578225950421725,521.385
1252,31,12,40.773401646659735,-3.3578234488158185,520.134
1253,31,13,31.775696339773045,-3.3578238757026417,519.008
1254,31,14,22.7814880897414,-3.3578245160328763,518.233
1255,31,15,13.790728231466964,-3.3578249429196996,517.996
1256,31,16,4.803309616357134,-3.357825369806523,518.425
1257,31,17,-4.180921861731239,-3.3578257966933456,519.574
1258,31,18,-13.16223044574167,-3.357826223580169,521.417
1259,31,19,-22.14091709088446,-3.357826650466992,523.846
1260,31,20,-31.117368556621365,-3.3578270773538152,526.682
1261,31,21,-40.09210052223472,-3.35782771768405,529.692
1262,31,22,-49.06566794059459,-3.3578283580142845,532.606
1263,31,23,-58.03871967967212,-3.3578296386747537,535.146
1264,31,24,-67.0119421734789,-3.3578313462220466,537.054
1265,31,25,-75.98612089376948,-3.3578356150902775,538.111
1266,31,26,-84.96193885946087,-3.357853971223672,538.167
1267,31,27,-86.05979614589204,176.64221571108638,537.152
1268,31,28,-77.07842523640544,176.6421883903297,535.086
1269,31,29,-68.09334553419951,176.64217472995134,532.078
1270,31,30,-59.10406526565403,176.64217472995134,528.322
1271,31,31,-50.11021901564839,176.64217472995134,524.074
1272,31,32,-41.11160187850751,176.64217472995134,519.637
1273,31,33,-32.108176288190926,176.64217472995134,515.326
1274,31,34,-23.1000925088604,176.64217472995134,511.449
1275,31,35,-14.087578498079473,176.64217472995134,508.272
1276,31,36,-5.071087182767484,176.64217472995134,506.001
1277,31,37,3.9488307530737363,176.64217472995134,504.761
1278,31,38,12.971530710341268,176.64217472995134,504.587
1279,31,39,21.99630661822966,176.64217472995134,505.424
1280,32,0,26.509232876457816,-174.35781796204057,506.181
1281,32,1,35.53573255333799,-174.35781796204057,508.25
1282,32,2,44.562472994386404,-174.35781796204057,510.857
1283,32,3,53.588759227855014,-174.35783162241893,513.73
1284,32,4,62.61396970652935,-174.35783162241893,516.589
1285,32,5,71.63754435489747,-174.35783162241893,519.174
1286,32,6,80.65900847481205,-174.35783162241893,521.27
1287,32,7,89.67795908511206,-174.3582687545258,522.728
1288,32,8,81.30589569110396,5.642194730878569,523.476
1289,32,9,72.29282587367932,5.6421861931421065,523.528
1290,32,10,63.28300039611044,5.642183204934345,522.976
1291,32,11,54.276555862180714,5.642181497387052,521.983
1292,32,12,45.273570819065604,5.642180643613406,520.759
1293,32,13,36.274099908278465,5.64217978983976,519.541
1294,32,14,27.278155082650343,5.642179362952937,518.564
1295,32,15,18.28568170066788,5.642178936066114,518.038
1296,32,16,9.296609752892083,5.64217850917929,518.122
1297,32,17,0.3108170963306861,5.642178082292467,518.909
1298,32,18,-8.671924920270948,5.642177655405645,520.414
1299,32,19,-17.65187771173113,5.642177228518821,522.567
1300,32,20,-26.629399809620434,5.642176801631998,525.226
1301,32,21,-35.604918954535634,5.642176374745175,528.181
1302,32,22,-44.57899180689408,5.642175520971529,531.178
1303,32,23,-53.55221771579545,5.6421746671978825,533.939
1304,32,24,-62.525266039778394,5.642173386537413,536.194
1305,32,25,-71.49885736380035,5.642170825216474,537.7
1306,32,26,-80.47378740489964,5.642163141253658,538.271
1307,32,27,-89.45072552161491,5.641916827556715,537.794
1308,32,28,-81.56954099306645,-174.35780430166224,536.245
1309,32,29,-72.58638740420646,-174.35781796204057,533.689
1310,32,30,-63.59925864524954,-174.35781796204057,530.279
1311,32,31,-54.60772782937254,-174.35781796204057,526.241
1312,32,32,-45.61151150372491,-174.35781796204057,521.859
1313,32,33,-36.61048672490159,-174.35781796204057,517.446
1314,32,34,-27.604720087246992,-174.35781796204057,513.316
1315,32,35,-18.59436185492285,-174.35781796204057,509.759
1316,32,36,-9.579797933617273,-174.35781796204057,507.014
1317,32,37,-0.5615184427640637,-174.35781796204057,505.248
1318,32,38,8.459875721072379,-174.35781796204057,504.542
1319,32,39,17.483704793987076,-174.35781796204057,504.886
1320,33,0,31.02240843659068,-165.3578142964982,507.133
1321,33,1,40.04911814178783,-165.3578142964982,509.503
1322,33,2,49.07571514886368,-165.3578142964982,512.278
1323,33,3,58.10153692946873,-165.35782795687652,515.178
1324,33,4,67.12599267223978,-165.35782795687652,517.93
1325,33,5,76.1485632827999,-165.35782795687652,520.294
1326,33,6,85.16882528942055,-165.35784161725485,522.085
1327,33,7,85.81359514706976,14.642216325667542,523.192
1328,33,8,76.79896804651436,14.642192420005447,523.585
1329,33,9,67.7874964933555,14.64218729736357,523.318
1330,33,10,58.779351242322456,14.642185589816277,522.522
1331,33,11,49.77462791606357,14.642185589816277,521.385
1332,33,12,40.773401646659735,14.642183882268984,520.134
1333,33,13,31.775696339773045,14.642183882268984,519.008
1334,33,14,22.7814880897414,14.642182174721693,518.233
1335,33,15,13.790728231466964,14.642182174721693,517.996
1336,33,16,4.803309616357134,14.642182174721693,518.425
1337,33,17,-4.180921861731239,14.642182174721693,519.574
1338,33,18,-13.16223044574167,14.6421804671744,521.417
1339,33,19,-22.14091709088446,14.6421804671744,523.846
1340,33,20,-31.117368556621365,14.6421804671744,526.682
1341,33,21,-40.09210052223472,14.6421804671744,529.692
1342,33,22,-49.06566794059459,14.642178759627107,532.606
1343,33,23,-58.03871967967212,14.642177052079814,535.146
1344,33,24,-67.0119421734789,14.642175344532522,537.054
1345,33,25,-75.98612089376948,14.642171929437938,538.111
1346,33,26,-84.96193885946087,14.64215314641772,538.167
1347,33,27,-86.05979614589204,-165.3577869757415,537.152
1348,33,28,-77.07842523640544,-165.35780063611983,535.086
1349,33,29,-68.09334553419951,-165.3578142964982,532.078
1350,33,30,-59.10406526565403,-165.3578142964982,528.322
1351,33,31,-50.11021901564839,-165.3578142964982,524.074
1352,33,32,-41.11160187850751,-165.3578142964982,519.637
1353,33,33,-32.108176288190926,-165.3578142964982,515.326
1354,33,34,-23.1000925088604,-165.3578142964982,511.449
1355,33,35,-14.087578498079473,-165.3578142964982,508.272
1356,33,36,-5.071087182767484,-165.3578142964982,506.001
1357,33,37,3.9488307530737363,-165.3578142964982,504.761
1358,33,38,12.971530710341268,-165.3578142964982,504.587
1359,33,39,21.99630661822966,-165.3578142964982,505.424
1360,34,0,26.509232876457816,-156.35783795171247,506.181
1361,34,1,35.53573255333799,-156.35783795171247,508.25
1362,34,2,44.562472994386404,-156.35783795171247,510.857
1363,34,3,53.588759227855014,-156.3578516120908,513.73
1364,34,4,62.61396970652935,-156.3578516120908,516.589
1365,34,5,71.63754435489747,-156.3578516120908,519.174
1366,34,6,80.65900847481205,-156.3578516120908,521.27
1367,34,7,89.67795908511206,-156.35828874419767,522.728
1368,34,8,81.30589569110396,23.642173887433046,523.476
1369,34,9,72.29282587367932,23.642165349696583,523.528
1370,34,10,63.28300039611044,23.642163642149292,522.976
1371,34,11,54.276555862180714,23.642161934601997,521.983
1372,34,12,45.273570819065604,23.642160227054706,520.759
1373,34,13,36.274099908278465,23.642160227054706,519.541
1374,34,14,27.278155082650343,23.642160227054706,518.564
1375,34,15,18.28568170066788,23.642158519507415,518.038
1376,34,16,9.296609752892083,23.642158519507415,518.122
1377,34,17,0.3108170963306861,23.642158519507415,518.909
1378,34,18,-8.671924920270948,23.642158519507415,520.414
1379,34,19,-17.65187771173113,23.64215681196012,522.567
1380,34,20,-26.629399809620434,23.64215681196012,525.226
1381,34,21,-35.604918954535634,23.64215681196012,528.181
1382,34,22,-44.57899180689408,23.64215510441283,531.178
1383,34,23,-53.55221771579545,23.64215510441283,533.939
1384,34,24,-62.525266039778394,23.642153396865538,536.194
1385,34,25,-71.49885736380035,23.642149981770952,537.7
1386,34,26,-80.47378740489964,23.64214315158178,538.271
1387,34,27,-89.45072552161491,23.64189726477166,537.794
1388,34,28,-81.56954099306645,-156.3578242913341,536.245
1389,34,29,-72.58638740420646,-156.35783795171247,533.689
1390,34,30,-63.59925864524954,-156.35783795171247,530.279
1391,34,31,-54.60772782937254,-156.35783795171247,526.241
1392,34,32,-45.61151150372491,-156.35783795171247,521.859
1393,34,33,-36.61048672490159,-156.35783795171247,517.446
1394,34,34,-27.604720087246992,-156.35783795171247,513.316
1395,34,35,-18.59436185492285,-156.35783795171247,509.759
1396,34,36,-9.579797933617273,-156.35783795171247,507.014
1397,34,37,-0.5615184427640637,-156.35783795171247,505.248
1398,34,38,8.459875721072379,-156.35783795171247,504.542
1399,34,39,17.483704793987076,-156.35783795171247,504.886
1400,35,0,31.02240843659068,-147.35783428617006,507.133
1401,35,1,40.04911814178783,-147.35783428617006,509.503
1402,35,2,49.07571514886368,-147.35783428617006,512.278
1403,35,3,58.10153692946873,-147.3578479465484,515.178
1404,35,4,67.12599267223978,-147.3578479465484,517.93
1405,35,5,76.1485632827999,-147.3578479465484,520.294
1406,35,6,85.16882528942055,-147.35786160692675,522.085
1407,35,7,85.81359514706976,32.64219462844837,523.192
1408,35,8,76.79896804651436,32.642174137880865,523.585
1409,35,9,67.7874964933555,32.64216730769169,523.318
1410,35,10,58.779351242322456,32.64216730769169,522.522
1411,35,11,49.77462791606357,32.64216389259711,521.385
1412,35,12,40.773401646659735,32.64216389259711,520.134
1413,35,13,31.775696339773045,32.64216389259711,519.008
1414,35,14,22.7814880897414,32.64216389259711,518.233
1415,35,15,13.790728231466964,32.64216389259711,517.996
1416,35,16,4.803309616357134,32.64216047750252,518.425
1417,35,17,-4.180921861731239,32.64216047750252,519.574
1418,35,18,-13.16223044574167,32.64216047750252,521.417
1419,35,19,-22.14091709088446,32.64216047750252,523.846
1420,35,20,-31.117368556621365,32.64216047750252,526.682
1421,35,21,-40.09210052223472,32.64216047750252,529.692
1422,35,22,-49.06566794059459,32.64216047750252,532.606
1423,35,23,-58.03871967967212,32.64215706240794,535.146
1424,35,24,-67.0119421734789,32.64215706240794,537.054
1425,35,25,-75.98612089376948,32.64215023221877,538.111
1426,35,26,-84.96193885946087,32.64213315674584,538.167
1427,35,27,-86.05979614589204,-147.35780696541337,537.152
1428,35,28,-77.07842523640544,-147.3578206257917,535.086
1429,35,29,-68.09334553419951,-147.35783428617006,532.078
1430,35,30,-59.10406526565403,-147.35783428617006,528.322
1431,35,31,-50.11021901564839,-147.35783428617006,524.074
1432,35,32,-41.11160187850751,-147.35783428617006,519.637
1433,35,33,-32.108176288190926,-147.35783428617006,515.326
1434,35,34,-23.1000925088604,-147.35783428617006,511.449
1435,35,35,-14.087578498079473,-147.35783428617006,508.272
1436,35,36,-5.071087182767484,-147.35783428617006,506.001
1437,35,37,3.9488307530737363,-147.35783428617006,504.761
1438,35,38,12.971530710341268,-147.35783428617006,504.587
1439,35,39,21.99630661822966,-147.35783428617006,505.424
1440,36,0,26.509232876457816,-138.35783062062765,506.181
1441,36,1,35.53573255333799,-138.35783062062765,508.25
1442,36,2,44.562472994386404,-138.35783062062765,510.857
1443,36,3,53.588759227855014,-138.35784428100598,513.73
1444,36,4,62.61396970652935,-138.35784428100598,516.589
1445,36,5,71.63754435489747,-138.35784428100598,519.174
1446,36,6,80.65900847481205,-138.35784428100598,521.27
1447,36,7,89.67795908511206,-138.35828141311288,522.728
1448,36,8,81.30589569110396,41.64218121851785,523.476
1449,36,9,72.29282587367932,41.64217438832868,523.528
1450,36,10,63.28300039611044,41.642170973234094,522.976
1451,36,11,54.276555862180714,41.64216755813951,521.983
1452,36,12,45.273570819065604,41.64216755813951,520.759
1453,36,13,36.274099908278465,41.64216755813951,519.541
1454,36,14,27.278155082650343,41.64216755813951,518.564
1455,36,15,18.28568170066788,41.64216755813951,518.038
1456,36,16,9.296609752892083,41.64216755813951,518.122
1457,36,17,0.3108170963306861,41.64216414304492,518.909
1458,36,18,-8.671924920270948,41.64216414304492,520.414
1459,36,19,-17.65187771173113,41.64216414304492,522.567
1460,36,20,-26.629399809620434,41.64216414304492,525.226
1461,36,21,-35.604918954535634,41.64216414304492,528.181
1462,36,22,-44.57899180689408,41.64216414304492,531.178
1463,36,23,-53.55221771579545,41.64216072795034,533.939
1464,36,24,-62.525266039778394,41.64216072795034,536.194
1465,36,25,-71.49885736380035,41.64215731285576,537.7
1466,36,26,-80.47378740489964,41.64215048266659,538.271
1467,36,27,-89.45072552161491,41.64190459585647,537.794
1468,36,28,-81.56954099306645,-138.35781696024932,536.245
1469,36,29,-72.58638740420646,-138.35783062062765,533.689
1470,36,30,-63.59925864524954,-138.35783062062765,530.279
1471,36,31,-54.60772782937254,-138.35783062062765,526.241
1472,36,32,-45.61151150372491,-138.35783062062765,521.859
1473,36,33,-36.61048672490159,-138.35783062062765,517.446
1474,36,34,-27.604720087246992,-138.35783062062765,513.316
1475,36,35,-18.59436185492285,-138.35783062062765,509.759
1476,36,36,-9.579797933617273,-138.35783062062765,507.014
1477,36,37,-0.5615184427640637,-138.35783062062765,505.248
1478,36,38,8.459875721072379,-138.35783062062765,504.542
1479,36,39,17.483704793987076,-138.35783062062765,504.886
1480,37,0,31.02240843659068,-129.35782695508524,507.133
1481,37,1,40.04911814178783,-129.35782695508524,509.503
1482,37,2,49.07571514886368,-129.35782695508524,512.278
1483,37,3,58.10153692946873,-129.3578406154636,515.178
1484,37,4,67.12599267223978,-129.3578406154636,517.93
1485,37,5,76.1485632827999,-129.3578406154636,520.294
1486,37,6,85.16882528942055,-129.35785427584193,522.085
1487,37,7,85.81359514706976,50.642201959533175,523.192
1488,37,8,76.79896804651436,50.64218146896567,523.585
1489,37,9,67.7874964933555,50.642174638776495,523.318
1490,37,10,58.779351242322456,50.642174638776495,522.522
1491,37,11,49.77462791606357,50.64217122368191,521.385
1492,37,12,40.773401646659735,50.64217122368191,520.134
1493,37,13,31.775696339773045,50.64217122368191,519.008
1494,37,14,22.7814880897414,50.64217122368191,518.233
1495,37,15,13.790728231466964,50.64217122368191,517.996
1496,37,16,4.803309616357134,50.642167808587324,518.425
1497,37,17,-4.180921861731239,50.642167808587324,519.574
1498,37,18,-13.16223044574167,50.642167808587324,521.417
1499,37,19,-22.14091709088446,50.642167808587324,523.846
1500,37,20,-31.117368556621365,50.642167808587324,526.682
1501,37,21,-40.09210052223472,50.642167808587324,529.692
1502,37,22,-49.06566794059459,50.642167808587324,532.606
1503,37,23,-58.03871967967212,50.64216439349274,535.146
1504,37,24,-67.0119421734789,50.64216439349274,537.054
1505,37,25,-75.98612089376948,50.64215756330357,538.111
1506,37,26,-84.96193885946087,50.642140487830645,538.167
1507,37,27,-86.05979614589204,-129.3577996343286,537.152
1508,37,28,-77.07842523640544,-129.35781329470692,535.086
1509,37,29,-68.09334553419951,-129.35782695508524,532.078
1510,37,30,-59.10406526565403,-129.35782695508524,528.322
1511,37,31,-50.11021901564839,-129.35782695508524,524.074
1512,37,32,-41.11160187850751,-129.35782695508524,519.637
1513,37,33,-32.108176288190926,-129.35782695508524,515.326
1514,37,34,-23.1000925088604,-129.35782695508524,511.449
1515,37,35,-14.087578498079473,-129.35782695508524,508.272
1516,37,36,-5.071087182767484,-129.35782695508524,506.001
1517,37,37,3.9488307530737363,-129.35782695508524,504.761
1518,37,38,12.971530710341268,-129.35782695508524,504.587
1519,37,39,21.99630661822966,-129.35782695508524,505.424
1520,38,0,26.509232876457816,-120.35782328954285,506.181
1521,38,1,35.53573255333799,-120.35782328954285,508.25
1522,38,2,44.562472994386404,-120.35782328954285,510.857
1523,38,3,53.588759227855014,-120.3578369499212,513.73
1524,38,4,62.61396970652935,-120.3578369499212,516.589
1525,38,5,71.63754435489747,-120.3578369499212,519.174
1526,38,6,80.65900847481205,-120.3578369499212,521.27
1527,38,7,89.67795908511206,-120.35827408202807,522.728
1528,38,8,81.30589569110396,59.64218854960265,523.476
1529,38,9,72.29282587367932,59.642181719413486,523.528
1530,38,10,63.28300039611044,59.642174889224314,522.976
1531,38,11,54.276555862180714,59.642174889224314,521.983
1532,38,12,45.273570819065604,59.642174889224314,520.759
1533,38,13,36.274099908278465,59.642174889224314,519.541
1534,38,14,27.278155082650343,59.642174889224314,518.564
1535,38,15,18.28568170066788,59.642174889224314,518.038
1536,38,16,9.296609752892083,59.642174889224314,518.122
1537,38,17,0.3108170963306861,59.642174889224314,518.909
1538,38,18,-8.671924920270948,59.642174889224314,520.414
1539,38,19,-17.65187771173113,59.642174889224314,522.567
1540,38,20,-26.629399809620434,59.642174889224314,525.226
1541,38,21,-35.604918954535634,59.64216805903514,528.181
1542,38,22,-44.57899180689408,59.64216805903514,531.178
1543,38,23,-53.55221771579545,59.64216805903514,533.939
1544,38,24,-62.525266039778394,59.64216805903514,536.194
1545,38,25,-71.49885736380035,59.64216805903514,537.7
1546,38,26,-80.47378740489964,59.64216122884597,538.271
1547,38,27,-89.45072552161491,59.64190851184668,537.794
1548,38,28,-81.56954099306645,-120.3578096291645,536.245
1549,38,29,-72.58638740420646,-120.35782328954285,533.689
1550,38,30,-63.59925864524954,-120.35782328954285,530.279
1551,38,31,-54.60772782937254,-120.35782328954285,526.241
1552,38,32,-45.61151150372491,-120.35782328954285,521.859
1553,38,33,-36.61048672490159,-120.35782328954285,517.446
1554,38,34,-27.604720087246992,-120.35782328954285,513.316
1555,38,35,-18.59436185492285,-120.35782328954285,509.759
1556,38,36,-9.579797933617273,-120.35782328954285,507.014
1557,38,37,-0.5615184427640637,-120.35782328954285,505.248
1558,38,38,8.459875721072379,-120.35782328954285,504.542
1559,38,39,17.483704793987076,-120.35782328954285,504.886
1560,39,0,31.02240843659068,-111.35782645418962,507.133
1561,39,1,40.04911814178783,-111.35782645418962,509.503
1562,39,2,49.07571514886368,-111.35782645418962,512.278
1563,39,3,58.10153692946873,-111.35782645418962,515.178
1564,39,4,67.12599267223978,-111.35782645418962,517.93
1565,39,5,76.1485632827999,-111.35783328437878,520.294
1566,39,6,85.16882528942055,-111.35785377494629,522.085
1567,39,7,85.81359514706976,68.64221270571257,523.192
1568,39,8,76.79896804651436,68.64218538495588,523.585
1569,39,9,67.7874964933555,68.64218538495588,523.318
1570,39,10,58.779351242322456,68.64217855476672,522.522
1571,39,11,49.77462791606357,68.64217855476672,521.385
1572,39,12,40.773401646659735,68.64217855476672,520.134
1573,39,13,31.775696339773045,68.64217855476672,519.008
1574,39,14,22.7814880897414,68.64217855476672,518.233
1575,39,15,13.790728231466964,68.64217855476672,517.996
1576,39,16,4.803309616357134,68.64217855476672,518.425
1577,39,17,-4.180921861731239,68.64217855476672,519.574
1578,39,18,-13.16223044574167,68.64217855476672,521.417
1579,39,19,-22.14091709088446,68.64217855476672,523.846
1580,39,20,-31.117368556621365,68.64217172457755,526.682
1581,39,21,-40.09210052223472,68.64217172457755,529.692
1582,39,22,-49.06566794059459,68.64217172457755,532.606
1583,39,23,-58.03871967967212,68.64217172457755,535.146
1584,39,24,-67.0119421734789,68.64217172457755,537.054
1585,39,25,-75.98612089376948,68.64216489438837,538.111
1586,39,26,-84.96193885946087,68.64215123401003,538.167
1587,39,27,-86.05979614589204,-111.3577854730546,537.152
1588,39,28,-77.07842523640544,-111.35781279381128,535.086
1589,39,29,-68.09334553419951,-111.35781962400046,532.078
1590,39,30,-59.10406526565403,-111.35781962400046,528.322
1591,39,31,-50.11021901564839,-111.35781962400046,524.074
1592,39,32,-41.11160187850751,-111.35781962400046,519.637
1593,39,33,-32.108176288190926,-111.35781962400046,515.326
1594,39,34,-23.1000925088604,-111.35781962400046,511.449
1595,39,35,-14.087578498079473,-111.35781962400046,508.272
1596,39,36,-5.071087182767484,-111.35782645418962,506.001
1597,39,37,3.9488307530737363,-111.35782645418962,504.761
1598,39,38,12.971530710341268,-111.35782645418962,504.587
1599,39,39,21.99630661822966,-111.35782645418962,505.424
