0,0,0,18.897881801259878,-101.8564595828116,505.03
1,0,1,27.92361649695301,-101.8564595828116,506.46
2,0,2,36.9502032587451,-101.8564595828116,508.63
3,0,3,45.97691637903684,-101.85646641300077,511.296
4,0,4,55.003076254005805,-101.85646641300077,514.185
5,0,5,64.02806475153211,-101.85646641300077,517.017
6,0,6,73.05133887157675,-101.85646641300077,519.539
7,0,7,82.07243416127615,-101.85648007337912,521.543
8,0,8,88.9090232185412,78.14366836954979,522.892
9,0,9,79.89335109904279,78.1435522563339,523.528
10,0,10,70.8807730552384,78.14354542614473,523.477
11,0,11,61.8714735022356,78.14354542614473,522.844
12,0,12,52.86556172306114,78.14354542614473,521.8
13,0,13,43.86312651017422,78.14353859595556,520.561
14,0,14,34.864215674899015,78.14353859595556,519.366
15,0,15,25.86880701912074,78.14353859595556,518.447
16,0,16,16.876873222082708,78.14353859595556,518.007
17,0,17,7.888336590383113,78.14353859595556,518.198
18,0,18,-1.0969746979243569,78.14353859595556,519.099
19,0,19,-10.079259785542687,78.14353859595556,520.711
20,0,20,-19.058806180747254,78.14353859595556,522.956
21,0,21,-28.035969693705134,78.14353859595556,525.676
22,0,22,-37.01123441407375,78.14353859595556,528.655
23,0,23,-45.985133096608365,78.14353859595556,531.634
24,0,24,-54.95828045833427,78.14353859595556,534.333
25,0,25,-63.9313561030739,78.1435317657664,536.485
26,0,26,-72.90513184220346,78.1435317657664,537.855
27,0,27,-81.88028727954534,78.14351810538805,538.268
28,0,28,-89.14236297115634,-101.85629565827152,537.623
29,0,29,-80.16213270326114,-101.85644592243327,535.909
30,0,30,-71.17839171813253,-101.85645275262243,533.207
31,0,31,-62.19060043082611,-101.8564595828116,529.681
32,0,32,-53.19835244508626,-101.8564595828116,525.57
33,0,33,-44.20138821372451,-101.8564595828116,521.162
34,0,34,-35.199639434849175,-101.8564595828116,516.772
35,0,35,-26.19311293864941,-101.8564595828116,512.714
36,0,36,-17.182068272313682,-101.8564595828116,509.27
37,0,37,-8.16688621888822,-101.8564595828116,506.669
38,0,38,0.8519236788427254,-101.8564595828116,505.066
39,0,39,9.873746223606174,-101.8564595828116,504.528
40,1,0,23.410596323623764,-92.85646274745837,505.639
41,1,1,32.436848406146524,-92.85646274745837,507.466
42,1,2,41.46358884719494,-92.85646274745837,509.918
43,1,3,50.49010389200075,-92.85646274745837,512.731
44,1,4,59.51575491787655,-92.85646274745837,515.625
45,1,5,68.53994428326996,-92.85646957764754,518.331
46,1,6,77.56218704474993,-92.85646957764754,520.616
47,1,7,86.58204607020956,-92.8565037285934,522.305
48,1,8,84.40081832857682,87.14356275206548,523.299
49,1,9,75.38666251107415,87.14354909168713,523.583
50,1,10,66.37571005229222,87.14354226149797,523.224
51,1,11,57.36809072582525,87.14354226149797,522.361
52,1,12,48.36391381469997,87.14354226149797,521.19
53,1,13,39.36323737552432,87.14354226149797,519.943
54,1,14,30.366075068676643,87.14354226149797,518.858
55,1,15,21.372411526231307,87.14354226149797,518.156
56,1,16,12.38218271516484,87.14354226149797,518.017
57,1,17,3.3952878901869847,87.14354226149797,518.557
58,1,18,-5.588479135037828,87.14354226149797,519.819
59,1,19,-14.569353575149139,87.14353543130879,521.763
60,1,20,-23.54765089950924,87.14353543130879,524.269
61,1,21,-32.52381037465913,87.14353543130879,527.149
62,1,22,-41.498316944029874,87.14353543130879,530.162
63,1,23,-50.471758003890095,87.14353543130879,533.036
64,1,24,-59.44477559202178,87.14353543130879,535.494
65,1,25,-68.41812102923362,87.14353543130879,537.281
66,1,26,-77.39247050425345,87.14352860111963,538.189
67,1,27,-86.36864363978168,87.14350128036294,538.08
68,1,28,-84.65264740327518,-92.8564354267017,536.896
69,1,29,-75.67073690884415,-92.85644908708002,534.673
70,1,30,-66.68502882923458,-92.8564559172692,531.534
71,1,31,-57.69505188139376,-92.8564559172692,527.682
72,1,32,-48.70047138605235,-92.8564559172692,523.384
73,1,33,-39.701102928102756,-92.8564559172692,518.945
74,1,34,-30.696956752828743,-92.8564559172692,514.683
75,1,35,-21.688135313067853,-92.85646274745837,510.899
76,1,36,-12.674965604126607,-92.85646274745837,507.852
77,1,37,-3.65789841849022,-92.85646274745837,505.737
78,1,38,5.3624997650270165,-92.85646274745837,504.663
79,1,39,14.385573675151607,-92.85646274745837,504.654
80,2,0,18.897881801259878,-83.85645908191597,505.03
81,2,1,27.92361649695301,-83.85645908191597,506.46
82,2,2,36.9502032587451,-83.85645908191597,508.63
83,2,3,45.97691637903684,-83.85646591210514,511.296
84,2,4,55.003076254005805,-83.85646591210514,514.185
85,2,5,64.02806475153211,-83.85646591210514,517.017
86,2,6,73.05133887157675,-83.85646591210514,519.539
87,2,7,82.07243416127615,-83.85647957248348,521.543
88,2,8,88.9090232185412,96.14366887044542,522.892
89,2,9,79.89335109904279,96.14355275722954,523.528
90,2,10,70.8807730552384,96.14354592704036,523.477
91,2,11,61.8714735022356,96.14354592704036,522.844
92,2,12,52.86556172306114,96.14354592704036,521.8
93,2,13,43.86312651017422,96.1435390968512,520.561
94,2,14,34.864215674899015,96.1435390968512,519.366
95,2,15,25.86880701912074,96.1435390968512,518.447
96,2,16,16.876873222082708,96.1435390968512,518.007
97,2,17,7.888336590383113,96.1435390968512,518.198
98,2,18,-1.0969746979243569,96.1435390968512,519.099
99,2,19,-10.079259785542687,96.1435390968512,520.711
100,2,20,-19.058806180747254,96.1435390968512,522.956
101,2,21,-28.035969693705134,96.1435390968512,525.676
102,2,22,-37.01123441407375,96.1435390968512,528.655
103,2,23,-45.985133096608365,96.1435390968512,531.634
104,2,24,-54.95828045833427,96.1435390968512,534.333
105,2,25,-63.9313561030739,96.14353226666202,536.485
106,2,26,-72.90513184220346,96.14353226666202,537.855
107,2,27,-81.88028727954534,96.14351860628369,538.268
108,2,28,-89.14236297115634,-83.85629515737588,537.623
109,2,29,-80.16213270326114,-83.85644542153763,535.909
110,2,30,-71.17839171813253,-83.8564522517268,533.207
111,2,31,-62.19060043082611,-83.85645908191597,529.681
112,2,32,-53.19835244508626,-83.85645908191597,525.57
113,2,33,-44.20138821372451,-83.85645908191597,521.162
114,2,34,-35.199639434849175,-83.85645908191597,516.772
115,2,35,-26.19311293864941,-83.85645908191597,512.714
116,2,36,-17.182068272313682,-83.85645908191597,509.27
117,2,37,-8.16688621888822,-83.85645908191597,506.669
118,2,38,0.8519236788427254,-83.85645908191597,505.066
119,2,39,9.873746223606174,-83.85645908191597,504.528
120,3,0,23.410596323623764,-74.85646224656274,505.639
121,3,1,32.436848406146524,-74.85646224656274,507.466
122,3,2,41.46358884719494,-74.85646224656274,509.918
123,3,3,50.49010389200075,-74.85646224656274,512.731
124,3,4,59.51575491787655,-74.85646224656274,515.625
125,3,5,68.53994428326996,-74.8564690767519,518.331
126,3,6,77.56218704474993,-74.8564690767519,520.616
127,3,7,86.58204607020956,-74.85650322769776,522.305
128,3,8,84.40081832857682,105.1435632529611,523.299
129,3,9,75.38666251107415,105.14354959258277,523.583
130,3,10,66.37571005229222,105.1435427623936,523.224
131,3,11,57.36809072582525,105.1435427623936,522.361
132,3,12,48.36391381469997,105.1435427623936,521.19
133,3,13,39.36323737552432,105.1435427623936,519.943
134,3,14,30.366075068676643,105.1435427623936,518.858
135,3,15,21.372411526231307,105.1435427623936,518.156
136,3,16,12.38218271516484,105.1435427623936,518.017
137,3,17,3.3952878901869847,105.1435427623936,518.557
138,3,18,-5.588479135037828,105.1435427623936,519.819
139,3,19,-14.569353575149139,105.14353593220443,521.763
140,3,20,-23.54765089950924,105.14353593220443,524.269
141,3,21,-32.52381037465913,105.14353593220443,527.149
142,3,22,-41.498316944029874,105.14353593220443,530.162
143,3,23,-50.471758003890095,105.14353593220443,533.036
144,3,24,-59.44477559202178,105.14353593220443,535.494
145,3,25,-68.41812102923362,105.14353593220443,537.281
146,3,26,-77.39247050425345,105.14352910201526,538.189
147,3,27,-86.36864363978168,105.14350178125858,538.08
148,3,28,-84.65264740327518,-74.85643492580606,536.896
149,3,29,-75.67073690884415,-74.8564485861844,534.673
150,3,30,-66.68502882923458,-74.85645541637356,531.534
151,3,31,-57.69505188139376,-74.85645541637356,527.682
152,3,32,-48.70047138605235,-74.85645541637356,523.384
153,3,33,-39.701102928102756,-74.85645541637356,518.945
154,3,34,-30.696956752828743,-74.85645541637356,514.683
155,3,35,-21.688135313067853,-74.85646224656274,510.899
156,3,36,-12.674965604126607,-74.85646224656274,507.852
157,3,37,-3.65789841849022,-74.85646224656274,505.737
158,3,38,5.3624997650270165,-74.85646224656274,504.663
159,3,39,14.385573675151607,-74.85646224656274,504.654
160,4,0,18.897881801259878,-65.85645858102033,505.03
161,4,1,27.92361649695301,-65.85645858102033,506.46
162,4,2,36.9502032587451,-65.85645858102033,508.63
163,4,3,45.97691637903684,-65.8564654112095,511.296
164,4,4,55.003076254005805,-65.8564654112095,514.185
165,4,5,64.02806475153211,-65.8564654112095,517.017
166,4,6,73.05133887157675,-65.8564654112095,519.539
167,4,7,82.07243416127615,-65.85647907158784,521.543
168,4,8,88.9090232185412,114.14366937134106,522.892
169,4,9,79.89335109904279,114.14355325812517,523.528
170,4,10,70.8807730552384,114.143546427936,523.477
171,4,11,61.8714735022356,114.143546427936,522.844
172,4,12,52.86556172306114,114.143546427936,521.8
173,4,13,43.86312651017422,114.14353959774682,520.561
174,4,14,34.864215674899015,114.14353959774682,519.366
175,4,15,25.86880701912074,114.14353959774682,518.447
176,4,16,16.876873222082708,114.14353959774682,518.007
177,4,17,7.888336590383113,114.14353959774682,518.198
178,4,18,-1.0969746979243569,114.14353959774682,519.099
179,4,19,-10.079259785542687,114.14353959774682,520.711
180,4,20,-19.058806180747254,114.14353959774682,522.956
181,4,21,-28.035969693705134,114.14353959774682,525.676
182,4,22,-37.01123441407375,114.14353959774682,528.655
183,4,23,-45.985133096608365,114.14353959774682,531.634
184,4,24,-54.95828045833427,114.14353959774682,534.333
185,4,25,-63.9313561030739,114.14353276755766,536.485
186,4,26,-72.90513184220346,114.14353276755766,537.855
187,4,27,-81.88028727954534,114.14351910717932,538.268
188,4,28,-89.14236297115634,-65.85629465648026,537.623
189,4,29,-80.16213270326114,-65.85644492064199,535.909
190,4,30,-71.17839171813253,-65.85645175083117,533.207
191,4,31,-62.19060043082611,-65.85645858102033,529.681
192,4,32,-53.19835244508626,-65.85645858102033,525.57
193,4,33,-44.20138821372451,-65.85645858102033,521.162
194,4,34,-35.199639434849175,-65.85645858102033,516.772
195,4,35,-26.19311293864941,-65.85645858102033,512.714
196,4,36,-17.182068272313682,-65.85645858102033,509.27
197,4,37,-8.16688621888822,-65.85645858102033,506.669
198,4,38,0.8519236788427254,-65.85645858102033,505.066
199,4,39,9.873746223606174,-65.85645858102033,504.528
200,5,0,23.410596323623764,-56.856461745667104,505.639
201,5,1,32.436848406146524,-56.856461745667104,507.466
202,5,2,41.46358884719494,-56.856461745667104,509.918
203,5,3,50.49010389200075,-56.856461745667104,512.731
204,5,4,59.51575491787655,-56.85646516076169,515.625
205,5,5,68.53994428326996,-56.85646516076169,518.331
206,5,6,77.56218704474993,-56.85647199095086,520.616
207,5,7,86.58204607020956,-56.85650272680212,522.305
208,5,8,84.40081832857682,123.14357058404592,523.299
209,5,9,75.38666251107415,123.14354326328923,523.583
210,5,10,66.37571005229222,123.14354326328923,523.224
211,5,11,57.36809072582525,123.14354326328923,522.361
212,5,12,48.36391381469997,123.14354326328923,521.19
213,5,13,39.36323737552432,123.14354326328923,519.943
214,5,14,30.366075068676643,123.14354326328923,518.858
215,5,15,21.372411526231307,123.14354326328923,518.156
216,5,16,12.38218271516484,123.14354326328923,518.017
217,5,17,3.3952878901869847,123.14354326328923,518.557
218,5,18,-5.588479135037828,123.14354326328923,519.819
219,5,19,-14.569353575149139,123.14354326328923,521.763
220,5,20,-23.54765089950924,123.14354326328923,524.269
221,5,21,-32.52381037465913,123.14354326328923,527.149
222,5,22,-41.498316944029874,123.14354326328923,530.162
223,5,23,-50.471758003890095,123.14354326328923,533.036
224,5,24,-59.44477559202178,123.14352960291089,535.494
225,5,25,-68.41812102923362,123.14352960291089,537.281
226,5,26,-77.39247050425345,123.14352960291089,538.189
227,5,27,-86.36864363978168,123.14350228215422,538.08
228,5,28,-84.65264740327518,-56.856434424910425,536.896
229,5,29,-75.67073690884415,-56.85645150038335,534.673
230,5,30,-66.68502882923458,-56.85645491547793,531.534
231,5,31,-57.69505188139376,-56.85645491547793,527.682
232,5,32,-48.70047138605235,-56.856458330572515,523.384
233,5,33,-39.701102928102756,-56.856458330572515,518.945
234,5,34,-30.696956752828743,-56.856458330572515,514.683
235,5,35,-21.688135313067853,-56.856458330572515,510.899
236,5,36,-12.674965604126607,-56.856458330572515,507.852
237,5,37,-3.65789841849022,-56.856458330572515,505.737
238,5,38,5.3624997650270165,-56.856458330572515,504.663
239,5,39,14.385573675151607,-56.856461745667104,504.654
240,6,0,18.897881801259878,-47.856461495219285,505.03
241,6,1,27.92361649695301,-47.856461495219285,506.46
242,6,2,36.9502032587451,-47.856461495219285,508.63
243,6,3,45.97691637903684,-47.856461495219285,511.296
244,6,4,55.003076254005805,-47.856461495219285,514.185
245,6,5,64.02806475153211,-47.85646491031387,517.017
246,6,6,73.05133887157675,-47.85646832540846,519.539
247,6,7,82.07243416127615,-47.85647857069221,521.543
248,6,8,88.9090232185412,132.1436698722367,522.892
249,6,9,79.89335109904279,132.14356058920998,523.528
250,6,10,70.8807730552384,132.14354692883163,523.477
251,6,11,61.8714735022356,132.14354692883163,522.844
252,6,12,52.86556172306114,132.14354692883163,521.8
253,6,13,43.86312651017422,132.14354692883163,520.561
254,6,14,34.864215674899015,132.14354692883163,519.366
255,6,15,25.86880701912074,132.14354692883163,518.447
256,6,16,16.876873222082708,132.14354692883163,518.007
257,6,17,7.888336590383113,132.14354692883163,518.198
258,6,18,-1.0969746979243569,132.14354692883163,519.099
259,6,19,-10.079259785542687,132.14354692883163,520.711
260,6,20,-19.058806180747254,132.1435332684533,522.956
261,6,21,-28.035969693705134,132.1435332684533,525.676
262,6,22,-37.01123441407375,132.1435332684533,528.655
263,6,23,-45.985133096608365,132.1435332684533,531.634
264,6,24,-54.95828045833427,132.1435332684533,534.333
265,6,25,-63.9313561030739,132.1435332684533,536.485
266,6,26,-72.90513184220346,132.1435332684533,537.855
267,6,27,-81.88028727954534,132.14351960807494,538.268
268,6,28,-89.14236297115634,-47.85629074049004,537.623
269,6,29,-80.16213270326114,-47.85644441974636,535.909
270,6,30,-71.17839171813253,-47.85645124993553,533.207
271,6,31,-62.19060043082611,-47.856454665030114,529.681
272,6,32,-53.19835244508626,-47.856454665030114,525.57
273,6,33,-44.20138821372451,-47.8564580801247,521.162
274,6,34,-35.199639434849175,-47.8564580801247,516.772
275,6,35,-26.19311293864941,-47.8564580801247,512.714
276,6,36,-17.182068272313682,-47.8564580801247,509.27
277,6,37,-8.16688621888822,-47.8564580801247,506.669
278,6,38,0.8519236788427254,-47.8564580801247,505.066
279,6,39,9.873746223606174,-47.856461495219285,504.528
280,7,0,23.410596323623764,-38.856464659866056,505.639
281,7,1,32.436848406146524,-38.856464659866056,507.466
282,7,2,41.46358884719494,-38.856464659866056,509.918
283,7,3,50.49010389200075,-38.856464659866056,512.731
284,7,4,59.51575491787655,-38.85646807496064,515.625
285,7,5,68.53994428326996,-38.85646807496064,518.331
286,7,6,77.56218704474993,-38.85647490514981,520.616
287,7,7,86.58204607020956,-38.85650564100107,522.305
288,7,8,84.40081832857682,141.14356425475236,523.299
289,7,9,75.38666251107415,141.14355059437403,523.583
290,7,10,66.37571005229222,141.1435369339957,523.224
291,7,11,57.36809072582525,141.1435369339957,522.361
292,7,12,48.36391381469997,141.1435369339957,521.19
293,7,13,39.36323737552432,141.1435369339957,519.943
294,7,14,30.366075068676643,141.1435369339957,518.858
295,7,15,21.372411526231307,141.1435369339957,518.156
296,7,16,12.38218271516484,141.1435369339957,518.017
297,7,17,3.3952878901869847,141.1435369339957,518.557
298,7,18,-5.588479135037828,141.1435369339957,519.819
299,7,19,-14.569353575149139,141.1435369339957,521.763
300,7,20,-23.54765089950924,141.1435369339957,524.269
301,7,21,-32.52381037465913,141.1435369339957,527.149
302,7,22,-41.498316944029874,141.1435369339957,530.162
303,7,23,-50.471758003890095,141.1435369339957,533.036
304,7,24,-59.44477559202178,141.1435369339957,535.494
305,7,25,-68.41812102923362,141.1435369339957,537.281
306,7,26,-77.39247050425345,141.14352327361735,538.189
307,7,27,-86.36864363978168,141.14349595286066,538.08
308,7,28,-84.65264740327518,-38.85643733910938,536.896
309,7,29,-75.67073690884415,-38.8564544145823,534.673
310,7,30,-66.68502882923458,-38.856457829676884,531.534
311,7,31,-57.69505188139376,-38.856457829676884,527.682
312,7,32,-48.70047138605235,-38.85646124477147,523.384
313,7,33,-39.701102928102756,-38.85646124477147,518.945
314,7,34,-30.696956752828743,-38.85646124477147,514.683
315,7,35,-21.688135313067853,-38.85646124477147,510.899
316,7,36,-12.674965604126607,-38.85646124477147,507.852
317,7,37,-3.65789841849022,-38.85646124477147,505.737
318,7,38,5.3624997650270165,-38.85646124477147,504.663
319,7,39,14.385573675151607,-38.856464659866056,504.654
320,8,0,18.897881801259878,-29.85646099432365,505.03
321,8,1,27.92361649695301,-29.85646099432365,506.46
322,8,2,36.9502032587451,-29.85646099432365,508.63
323,8,3,45.97691637903684,-29.85646099432365,511.296
324,8,4,55.003076254005805,-29.85646099432365,514.185
325,8,5,64.02806475153211,-29.856464409418237,517.017
326,8,6,73.05133887157675,-29.856467824512823,519.539
327,8,7,82.07243416127615,-29.856478069796577,521.543
328,8,8,88.9090232185412,150.1436772033215,522.892
329,8,9,79.89335109904279,150.14355425991644,523.528
330,8,10,70.8807730552384,150.14355425991644,523.477
331,8,11,61.8714735022356,150.14354059953808,522.844
332,8,12,52.86556172306114,150.14354059953808,521.8
333,8,13,43.86312651017422,150.14354059953808,520.561
334,8,14,34.864215674899015,150.14354059953808,519.366
335,8,15,25.86880701912074,150.14354059953808,518.447
336,8,16,16.876873222082708,150.14354059953808,518.007
337,8,17,7.888336590383113,150.14354059953808,518.198
338,8,18,-1.0969746979243569,150.14354059953808,519.099
339,8,19,-10.079259785542687,150.14354059953808,520.711
340,8,20,-19.058806180747254,150.14354059953808,522.956
341,8,21,-28.035969693705134,150.14354059953808,525.676
342,8,22,-37.01123441407375,150.14354059953808,528.655
343,8,23,-45.985133096608365,150.14354059953808,531.634
344,8,24,-54.95828045833427,150.14354059953808,534.333
345,8,25,-63.9313561030739,150.14354059953808,536.485
346,8,26,-72.90513184220346,150.14352693915976,537.855
347,8,27,-81.88028727954534,150.14352693915976,538.268
348,8,28,-89.14236297115634,-29.8562902395944,537.623
349,8,29,-80.16213270326114,-29.85644391885073,535.909
350,8,30,-71.17839171813253,-29.856450749039897,533.207
351,8,31,-62.19060043082611,-29.856454164134483,529.681
352,8,32,-53.19835244508626,-29.856454164134483,525.57
353,8,33,-44.20138821372451,-29.85645757922907,521.162
354,8,34,-35.199639434849175,-29.85645757922907,516.772
355,8,35,-26.19311293864941,-29.85645757922907,512.714
356,8,36,-17.182068272313682,-29.85645757922907,509.27
357,8,37,-8.16688621888822,-29.85645757922907,506.669
358,8,38,0.8519236788427254,-29.85645757922907,505.066
359,8,39,9.873746223606174,-29.85646099432365,504.528
360,9,0,23.410596323623764,-20.856462451423127,505.639
361,9,1,32.436848406146524,-20.85646415897042,507.466
362,9,2,41.46358884719494,-20.85646415897042,509.918
363,9,3,50.49010389200075,-20.856465866517713,512.731
364,9,4,59.51575491787655,-20.856465866517713,515.625
365,9,5,68.53994428326996,-20.8564692816123,518.331
366,9,6,77.56218704474993,-20.856472696706884,520.616
367,9,7,86.58204607020956,-20.85650343255815,522.305
368,9,8,84.40081832857682,159.14355792545885,523.299
369,9,9,75.38666251107415,159.1435442650805,523.583
370,9,10,66.37571005229222,159.1435442650805,523.224
371,9,11,57.36809072582525,159.1435442650805,522.361
372,9,12,48.36391381469997,159.1435442650805,521.19
373,9,13,39.36323737552432,159.1435442650805,519.943
374,9,14,30.366075068676643,159.1435442650805,518.858
375,9,15,21.372411526231307,159.1435442650805,518.156
376,9,16,12.38218271516484,159.1435442650805,518.017
377,9,17,3.3952878901869847,159.1435442650805,518.557
378,9,18,-5.588479135037828,159.1435442650805,519.819
379,9,19,-14.569353575149139,159.14353060470216,521.763
380,9,20,-23.54765089950924,159.14353060470216,524.269
381,9,21,-32.52381037465913,159.14353060470216,527.149
382,9,22,-41.498316944029874,159.14353060470216,530.162
383,9,23,-50.471758003890095,159.14353060470216,533.036
384,9,24,-59.44477559202178,159.14353060470216,535.494
385,9,25,-68.41812102923362,159.14353060470216,537.281
386,9,26,-77.39247050425345,159.14353060470216,538.189
387,9,27,-86.36864363978168,159.14350328394548,538.08
388,9,28,-84.65264740327518,-20.856435130666448,536.896
389,9,29,-75.67073690884415,-20.856452206139373,534.673
390,9,30,-66.68502882923458,-20.85645562123396,531.534
391,9,31,-57.69505188139376,-20.85645732878125,527.682
392,9,32,-48.70047138605235,-20.856459036328545,523.384
393,9,33,-39.701102928102756,-20.856460743875836,518.945
394,9,34,-30.696956752828743,-20.856460743875836,514.683
395,9,35,-21.688135313067853,-20.856460743875836,510.899
396,9,36,-12.674965604126607,-20.856460743875836,507.852
397,9,37,-3.65789841849022,-20.856462451423127,505.737
398,9,38,5.3624997650270165,-20.856462451423127,504.663
399,9,39,14.385573675151607,-20.856462451423127,504.654
400,10,0,18.897881801259878,-11.856459639654373,505.03
401,10,1,27.92361649695301,-11.856459639654373,506.46
402,10,2,36.9502032587451,-11.856460493428019,508.63
403,10,3,45.97691637903684,-11.856461347201666,511.296
404,10,4,55.003076254005805,-11.856462200975312,514.185
405,10,5,64.02806475153211,-11.856463908522604,517.017
406,10,6,73.05133887157675,-11.856466469843543,519.539
407,10,7,82.07243416127615,-11.856476715127299,521.543
408,10,8,88.9090232185412,168.14367087402795,522.892
409,10,9,79.89335109904279,168.14356159100123,523.528
410,10,10,70.8807730552384,168.1435479306229,523.477
411,10,11,61.8714735022356,168.1435479306229,522.844
412,10,12,52.86556172306114,168.1435479306229,521.8
413,10,13,43.86312651017422,168.1435479306229,520.561
414,10,14,34.864215674899015,168.1435479306229,519.366
415,10,15,25.86880701912074,168.1435479306229,518.447
416,10,16,16.876873222082708,168.1435479306229,518.007
417,10,17,7.888336590383113,168.1435479306229,518.198
418,10,18,-1.0969746979243569,168.1435479306229,519.099
419,10,19,-10.079259785542687,168.1435479306229,520.711
420,10,20,-19.058806180747254,168.14353427024457,522.956
421,10,21,-28.035969693705134,168.14353427024457,525.676
422,10,22,-37.01123441407375,168.14353427024457,528.655
423,10,23,-45.985133096608365,168.14353427024457,531.634
424,10,24,-54.95828045833427,168.14353427024457,534.333
425,10,25,-63.9313561030739,168.14353427024457,536.485
426,10,26,-72.90513184220346,168.14353427024457,537.855
427,10,27,-81.88028727954534,168.14352060986621,538.268
428,10,28,-89.14236297115634,-11.856290592472416,537.623
429,10,29,-80.16213270326114,-11.85644427172874,535.909
430,10,30,-71.17839171813253,-11.85645110191791,533.207
431,10,31,-62.19060043082611,-11.856453663238849,529.681
432,10,32,-53.19835244508626,-11.856455370786142,525.57
433,10,33,-44.20138821372451,-11.856456224559787,521.162
434,10,34,-35.199639434849175,-11.856457078333435,516.772
435,10,35,-26.19311293864941,-11.856457078333435,512.714
436,10,36,-17.182068272313682,-11.85645793210708,509.27
437,10,37,-8.16688621888822,-11.85645793210708,506.669
438,10,38,0.8519236788427254,-11.856458785880728,505.066
439,10,39,9.873746223606174,-11.856458785880728,504.528
440,11,0,23.410596323623764,-2.85646259085773,505.639
441,11,1,32.436848406146524,-2.8564632311879645,507.466
442,11,2,41.46358884719494,-2.856463871518199,509.918
443,11,3,50.49010389200075,-2.8564647252918456,512.731
444,11,4,59.51575491787655,-2.8564657925089034,515.625
445,11,5,68.53994428326996,-2.8564679269430187,518.331
446,11,6,77.56218704474993,-2.8564730495848965,520.616
447,11,7,86.58204607020956,-2.85650357199275,522.305
448,11,8,84.40081832857682,177.14356525654364,523.299
449,11,9,75.38666251107415,177.1435515961653,523.583
450,11,10,66.37571005229222,177.14353793578695,523.224
451,11,11,57.36809072582525,177.14353793578695,522.361
452,11,12,48.36391381469997,177.14353793578695,521.19
453,11,13,39.36323737552432,177.14353793578695,519.943
454,11,14,30.366075068676643,177.14353793578695,518.858
455,11,15,21.372411526231307,177.14353793578695,518.156
456,11,16,12.38218271516484,177.14353793578695,518.017
457,11,17,3.3952878901869847,177.14353793578695,518.557
458,11,18,-5.588479135037828,177.14353793578695,519.819
459,11,19,-14.569353575149139,177.14353793578695,521.763
460,11,20,-23.54765089950924,177.14353793578695,524.269
461,11,21,-32.52381037465913,177.14353793578695,527.149
462,11,22,-41.498316944029874,177.14353793578695,530.162
463,11,23,-50.471758003890095,177.14353793578695,533.036
464,11,24,-59.44477559202178,177.14353793578695,535.494
465,11,25,-68.41812102923362,177.14353793578695,537.281
466,11,26,-77.39247050425345,177.14352427540862,538.189
467,11,27,-86.36864363978168,177.14349695465194,538.08
468,11,28,-84.65264740327518,-2.8564348432142266,536.896
469,11,29,-75.67073690884415,-2.85645170524374,534.673
470,11,30,-66.68502882923458,-2.8564557606685597,531.534
471,11,31,-57.69505188139376,-2.856457681659264,527.682
472,11,32,-48.70047138605235,-2.856458748876322,523.384
473,11,33,-39.701102928102756,-2.856459602649968,518.945
474,11,34,-30.696956752828743,-2.856460029536791,514.683
475,11,35,-21.688135313067853,-2.8564606698670256,510.899
476,11,36,-12.674965604126607,-2.856461096753849,507.852
477,11,37,-3.65789841849022,-2.856461523640672,505.737
478,11,38,5.3624997650270165,-2.8564617370840835,504.663
479,11,39,14.385573675151607,-2.8564621639709067,504.654
480,12,0,18.897881801259878,6.143541288128083,505.03
481,12,1,27.92361649695301,6.14354086124126,506.46
482,12,2,36.9502032587451,6.143540007467614,508.63
483,12,3,45.97691637903684,6.143539580580791,511.296
484,12,4,55.003076254005805,6.143538299920322,514.185
485,12,5,64.02806475153211,6.143537019259853,517.017
486,12,6,73.05133887157675,6.1435340310520905,519.539
487,12,7,82.07243416127615,6.143524212655159,521.543
488,12,8,88.9090232185412,-173.8563318127999,522.892
489,12,9,79.89335109904279,-173.85644109582663,523.528
490,12,10,70.8807730552384,-173.85645475620495,523.477
491,12,11,61.8714735022356,-173.85645475620495,522.844
492,12,12,52.86556172306114,-173.85645475620495,521.8
493,12,13,43.86312651017422,-173.85645475620495,520.561
494,12,14,34.864215674899015,-173.85645475620495,519.366
495,12,15,25.86880701912074,-173.85645475620495,518.447
496,12,16,16.876873222082708,-173.85645475620495,518.007
497,12,17,7.888336590383113,-173.85645475620495,518.198
498,12,18,-1.0969746979243569,-173.85645475620495,519.099
499,12,19,-10.079259785542687,-173.85645475620495,520.711
500,12,20,-19.058806180747254,-173.85645475620495,522.956
501,12,21,-28.035969693705134,-173.85645475620495,525.676
502,12,22,-37.01123441407375,-173.85645475620495,528.655
503,12,23,-45.985133096608365,-173.85645475620495,531.634
504,12,24,-54.95828045833427,-173.85645475620495,534.333
505,12,25,-63.9313561030739,-173.8564684165833,536.485
506,12,26,-72.90513184220346,-173.8564684165833,537.855
507,12,27,-81.88028727954534,-173.85648207696164,538.268
508,12,28,-89.14236297115634,6.143709481536395,537.623
509,12,29,-80.16213270326114,6.143556656053716,535.909
510,12,30,-71.17839171813253,6.143549398977723,533.207
511,12,31,-62.19060043082611,6.143546837656784,529.681
512,12,32,-53.19835244508626,6.143545556996314,525.57
513,12,33,-44.20138821372451,6.143544703222669,521.162
514,12,34,-35.199639434849175,6.143543849449022,516.772
515,12,35,-26.19311293864941,6.143543422562199,512.714
516,12,36,-17.182068272313682,6.143542995675376,509.27
517,12,37,-8.16688621888822,6.143542568788553,506.669
518,12,38,0.8519236788427254,6.1435421419017295,505.066
519,12,39,9.873746223606174,6.143541715014907,504.528
520,13,0,23.410596323623764,15.143545380557308,505.639
521,13,1,32.436848406146524,15.143543673010015,507.466
522,13,2,41.46358884719494,15.143543673010015,509.918
523,13,3,50.49010389200075,15.143541965462724,512.731
524,13,4,59.51575491787655,15.143541965462724,515.625
525,13,5,68.53994428326996,15.143538550368138,518.331
526,13,6,77.56218704474993,15.143535135273554,520.616
527,13,7,86.58204607020956,15.143504399422289,522.305
528,13,8,84.40081832857682,-164.8564237699059,523.299
529,13,9,75.38666251107415,-164.85645109066257,523.583
530,13,10,66.37571005229222,-164.85645109066257,523.224
531,13,11,57.36809072582525,-164.85645109066257,522.361
532,13,12,48.36391381469997,-164.85645109066257,521.19
533,13,13,39.36323737552432,-164.85645109066257,519.943
534,13,14,30.366075068676643,-164.85645109066257,518.858
535,13,15,21.372411526231307,-164.85645109066257,518.156
536,13,16,12.38218271516484,-164.85645109066257,518.017
537,13,17,3.3952878901869847,-164.85645109066257,518.557
538,13,18,-5.588479135037828,-164.85645109066257,519.819
539,13,19,-14.569353575149139,-164.85645109066257,521.763
540,13,20,-23.54765089950924,-164.85645109066257,524.269
541,13,21,-32.52381037465913,-164.85645109066257,527.149
542,13,22,-41.498316944029874,-164.85645109066257,530.162
543,13,23,-50.471758003890095,-164.85645109066257,533.036
544,13,24,-59.44477559202178,-164.8564647510409,535.494
545,13,25,-68.41812102923362,-164.8564647510409,537.281
546,13,26,-77.39247050425345,-164.8564647510409,538.189
547,13,27,-86.36864363978168,-164.8564920717976,538.08
548,13,28,-84.65264740327518,15.143572701313989,536.896
549,13,29,-75.67073690884415,15.143555625841064,534.673
550,13,30,-66.68502882923458,15.143552210746478,531.534
551,13,31,-57.69505188139376,15.143550503199187,527.682
552,13,32,-48.70047138605235,15.143548795651894,523.384
553,13,33,-39.701102928102756,15.1435470881046,518.945
554,13,34,-30.696956752828743,15.1435470881046,514.683
555,13,35,-21.688135313067853,15.1435470881046,510.899
556,13,36,-12.674965604126607,15.1435470881046,507.852
557,13,37,-3.65789841849022,15.143545380557308,505.737
558,13,38,5.3624997650270165,15.143545380557308,504.663
559,13,39,14.385573675151607,15.143545380557308,504.654
560,14,0,18.897881801259878,24.14353538572137,505.03
561,14,1,27.92361649695301,24.143533678174077,506.46
562,14,2,36.9502032587451,24.143533678174077,508.63
563,14,3,45.97691637903684,24.143533678174077,511.296
564,14,4,55.003076254005805,24.143531970626785,514.185
565,14,5,64.02806475153211,24.14353026307949,517.017
566,14,6,73.05133887157675,24.14352684798491,519.539
567,14,7,82.07243416127615,24.143518310248446,521.543
568,14,8,88.9090232185412,-155.85633814209345,522.892
569,14,9,79.89335109904279,-155.85644742512017,523.528
570,14,10,70.8807730552384,-155.8564610854985,523.477
571,14,11,61.8714735022356,-155.8564610854985,522.844
572,14,12,52.86556172306114,-155.8564610854985,521.8
573,14,13,43.86312651017422,-155.8564610854985,520.561
574,14,14,34.864215674899015,-155.8564610854985,519.366
575,14,15,25.86880701912074,-155.8564610854985,518.447
576,14,16,16.876873222082708,-155.8564610854985,518.007
577,14,17,7.888336590383113,-155.8564610854985,518.198
578,14,18,-1.0969746979243569,-155.8564610854985,519.099
579,14,19,-10.079259785542687,-155.8564610854985,520.711
580,14,20,-19.058806180747254,-155.8564610854985,522.956
581,14,21,-28.035969693705134,-155.8564610854985,525.676
582,14,22,-37.01123441407375,-155.8564610854985,528.655
583,14,23,-45.985133096608365,-155.8564610854985,531.634
584,14,24,-54.95828045833427,-155.8564610854985,534.333
585,14,25,-63.9313561030739,-155.85647474587685,536.485
586,14,26,-72.90513184220346,-155.85647474587685,537.855
587,14,27,-81.88028727954534,-155.85648840625518,538.268
588,14,28,-89.14236297115634,24.143702725356036,537.623
589,14,29,-80.16213270326114,24.143550753647002,535.909
590,14,30,-71.17839171813253,24.143543923457834,533.207
591,14,31,-62.19060043082611,24.143540508363248,529.681
592,14,32,-53.19835244508626,24.143538800815953,525.57
593,14,33,-44.20138821372451,24.143538800815953,521.162
594,14,34,-35.199639434849175,24.143537093268662,516.772
595,14,35,-26.19311293864941,24.143537093268662,512.714
596,14,36,-17.182068272313682,24.143537093268662,509.27
597,14,37,-8.16688621888822,24.14353538572137,506.669
598,14,38,0.8519236788427254,24.14353538572137,505.066
599,14,39,9.873746223606174,24.14353538572137,504.528
600,15,0,23.410596323623764,33.14353734371648,505.639
601,15,1,32.436848406146524,33.14353734371648,507.466
602,15,2,41.46358884719494,33.14353734371648,509.918
603,15,3,50.49010389200075,33.14353734371648,512.731
604,15,4,59.51575491787655,33.14353392862189,515.625
605,15,5,68.53994428326996,33.14353392862189,518.331
606,15,6,77.56218704474993,33.14352709843273,520.616
607,15,7,86.58204607020956,33.14349636258146,522.305
608,15,8,84.40081832857682,-146.85643009919943,523.299
609,15,9,75.38666251107415,-146.8564574199561,523.583
610,15,10,66.37571005229222,-146.8564574199561,523.224
611,15,11,57.36809072582525,-146.8564574199561,522.361
612,15,12,48.36391381469997,-146.8564574199561,521.19
613,15,13,39.36323737552432,-146.8564574199561,519.943
614,15,14,30.366075068676643,-146.8564574199561,518.858
615,15,15,21.372411526231307,-146.8564574199561,518.156
616,15,16,12.38218271516484,-146.8564574199561,518.017
617,15,17,3.3952878901869847,-146.8564574199561,518.557
618,15,18,-5.588479135037828,-146.8564574199561,519.819
619,15,19,-14.569353575149139,-146.8564574199561,521.763
620,15,20,-23.54765089950924,-146.8564574199561,524.269
621,15,21,-32.52381037465913,-146.8564574199561,527.149
622,15,22,-41.498316944029874,-146.8564574199561,530.162
623,15,23,-50.471758003890095,-146.8564574199561,533.036
624,15,24,-59.44477559202178,-146.85647108033444,535.494
625,15,25,-68.41812102923362,-146.85647108033444,537.281
626,15,26,-77.39247050425345,-146.85647108033444,538.189
627,15,27,-86.36864363978168,-146.85649840109113,538.08
628,15,28,-84.65264740327518,33.14356466447316,536.896
629,15,29,-75.67073690884415,33.143547589000235,534.673
630,15,30,-66.68502882923458,33.143544173905646,531.534
631,15,31,-57.69505188139376,33.143544173905646,527.682
632,15,32,-48.70047138605235,33.14354075881106,523.384
633,15,33,-39.701102928102756,33.14354075881106,518.945
634,15,34,-30.696956752828743,33.14354075881106,514.683
635,15,35,-21.688135313067853,33.14354075881106,510.899
636,15,36,-12.674965604126607,33.14354075881106,507.852
637,15,37,-3.65789841849022,33.14354075881106,505.737
638,15,38,5.3624997650270165,33.14354075881106,504.663
639,15,39,14.385573675151607,33.14353734371648,504.654
640,16,0,18.897881801259878,42.14354100925888,505.03
641,16,1,27.92361649695301,42.14354100925888,506.46
642,16,2,36.9502032587451,42.14354100925888,508.63
643,16,3,45.97691637903684,42.14354100925888,511.296
644,16,4,55.003076254005805,42.14354100925888,514.185
645,16,5,64.02806475153211,42.14353759416429,517.017
646,16,6,73.05133887157675,42.14353417906971,519.539
647,16,7,82.07243416127615,42.14352393378596,521.543
648,16,8,88.9090232185412,-137.85633081100863,522.892
649,16,9,79.89335109904279,-137.85644009403535,523.528
650,16,10,70.8807730552384,-137.8564537544137,523.477
651,16,11,61.8714735022356,-137.8564537544137,522.844
652,16,12,52.86556172306114,-137.8564537544137,521.8
653,16,13,43.86312651017422,-137.8564537544137,520.561
654,16,14,34.864215674899015,-137.8564537544137,519.366
655,16,15,25.86880701912074,-137.8564537544137,518.447
656,16,16,16.876873222082708,-137.8564537544137,518.007
657,16,17,7.888336590383113,-137.8564537544137,518.198
658,16,18,-1.0969746979243569,-137.8564537544137,519.099
659,16,19,-10.079259785542687,-137.8564537544137,520.711
660,16,20,-19.058806180747254,-137.8564537544137,522.956
661,16,21,-28.035969693705134,-137.8564537544137,525.676
662,16,22,-37.01123441407375,-137.8564537544137,528.655
663,16,23,-45.985133096608365,-137.8564537544137,531.634
664,16,24,-54.95828045833427,-137.8564537544137,534.333
665,16,25,-63.9313561030739,-137.85646741479204,536.485
666,16,26,-72.90513184220346,-137.85646741479204,537.855
667,16,27,-81.88028727954534,-137.85648107517036,538.268
668,16,28,-89.14236297115634,42.14371176398813,537.623
669,16,29,-80.16213270326114,42.14355808473181,535.909
670,16,30,-71.17839171813253,42.143551254542636,533.207
671,16,31,-62.19060043082611,42.143547839448054,529.681
672,16,32,-53.19835244508626,42.143547839448054,525.57
673,16,33,-44.20138821372451,42.143544424353465,521.162
674,16,34,-35.199639434849175,42.143544424353465,516.772
675,16,35,-26.19311293864941,42.143544424353465,512.714
676,16,36,-17.182068272313682,42.143544424353465,509.27
677,16,37,-8.16688621888822,42.143544424353465,506.669
678,16,38,0.8519236788427254,42.143544424353465,505.066
679,16,39,9.873746223606174,42.14354100925888,504.528
680,17,0,23.410596323623764,51.14353101442294,505.639
681,17,1,32.436848406146524,51.14353101442294,507.466
682,17,2,41.46358884719494,51.14353101442294,509.918
683,17,3,50.49010389200075,51.14353101442294,512.731
684,17,4,59.51575491787655,51.14352759932836,515.625
685,17,5,68.53994428326996,51.14352759932836,518.331
686,17,6,77.56218704474993,51.14352076913919,520.616
687,17,7,86.58204607020956,51.143490033287925,522.305
688,17,8,84.40081832857682,-128.85643642849297,523.299
689,17,9,75.38666251107415,-128.85646374924963,523.583
690,17,10,66.37571005229222,-128.85646374924963,523.224
691,17,11,57.36809072582525,-128.85646374924963,522.361
692,17,12,48.36391381469997,-128.85646374924963,521.19
693,17,13,39.36323737552432,-128.85646374924963,519.943
694,17,14,30.366075068676643,-128.85646374924963,518.858
695,17,15,21.372411526231307,-128.85646374924963,518.156
696,17,16,12.38218271516484,-128.85646374924963,518.017
697,17,17,3.3952878901869847,-128.85646374924963,518.557
698,17,18,-5.588479135037828,-128.85646374924963,519.819
699,17,19,-14.569353575149139,-128.85646374924963,521.763
700,17,20,-23.54765089950924,-128.85646374924963,524.269
701,17,21,-32.52381037465913,-128.85646374924963,527.149
702,17,22,-41.498316944029874,-128.85646374924963,530.162
703,17,23,-50.471758003890095,-128.85646374924963,533.036
704,17,24,-59.44477559202178,-128.85647740962798,535.494
705,17,25,-68.41812102923362,-128.85647740962798,537.281
706,17,26,-77.39247050425345,-128.85647740962798,538.189
707,17,27,-86.36864363978168,-128.85650473038464,538.08
708,17,28,-84.65264740327518,51.14355833517962,536.896
709,17,29,-75.67073690884415,51.143541259706694,534.673
710,17,30,-66.68502882923458,51.14353784461211,531.534
711,17,31,-57.69505188139376,51.14353784461211,527.682
712,17,32,-48.70047138605235,51.14353442951753,523.384
713,17,33,-39.701102928102756,51.14353442951753,518.945
714,17,34,-30.696956752828743,51.14353442951753,514.683
715,17,35,-21.688135313067853,51.14353442951753,510.899
716,17,36,-12.674965604126607,51.14353442951753,507.852
717,17,37,-3.65789841849022,51.14353442951753,505.737
718,17,38,5.3624997650270165,51.14353442951753,504.663
719,17,39,14.385573675151607,51.14353101442294,504.654
720,18,0,18.897881801259878,60.14353809505993,505.03
721,18,1,27.92361649695301,60.14353809505993,506.46
722,18,2,36.9502032587451,60.14353809505993,508.63
723,18,3,45.97691637903684,60.14353126487076,511.296
724,18,4,55.003076254005805,60.14353126487076,514.185
725,18,5,64.02806475153211,60.14353126487076,517.017
726,18,6,73.05133887157675,60.14353126487076,519.539
727,18,7,82.07243416127615,60.143517604492416,521.543
728,18,8,88.9090232185412,-119.85633714030217,522.892
729,18,9,79.89335109904279,-119.85644642332889,523.528
730,18,10,70.8807730552384,-119.85646008370723,523.477
731,18,11,61.8714735022356,-119.85646008370723,522.844
732,18,12,52.86556172306114,-119.85646008370723,521.8
733,18,13,43.86312651017422,-119.85646008370723,520.561
734,18,14,34.864215674899015,-119.85646008370723,519.366
735,18,15,25.86880701912074,-119.85646008370723,518.447
736,18,16,16.876873222082708,-119.85646008370723,518.007
737,18,17,7.888336590383113,-119.85646008370723,518.198
738,18,18,-1.0969746979243569,-119.85646008370723,519.099
739,18,19,-10.079259785542687,-119.85646008370723,520.711
740,18,20,-19.058806180747254,-119.85646008370723,522.956
741,18,21,-28.035969693705134,-119.85646008370723,525.676
742,18,22,-37.01123441407375,-119.85646008370723,528.655
743,18,23,-45.985133096608365,-119.85646008370723,531.634
744,18,24,-54.95828045833427,-119.85646008370723,534.333
745,18,25,-63.9313561030739,-119.85647374408558,536.485
746,18,26,-72.90513184220346,-119.85647374408558,537.855
747,18,27,-81.88028727954534,-119.85648740446392,538.268
748,18,28,-89.14236297115634,60.143702019600006,537.623
749,18,29,-80.16213270326114,60.14355175543827,535.909
750,18,30,-71.17839171813253,60.1435449252491,533.207
751,18,31,-62.19060043082611,60.14353809505993,529.681
752,18,32,-53.19835244508626,60.14353809505993,525.57
753,18,33,-44.20138821372451,60.14353809505993,521.162
754,18,34,-35.199639434849175,60.14353809505993,516.772
755,18,35,-26.19311293864941,60.14353809505993,512.714
756,18,36,-17.182068272313682,60.14353809505993,509.27
757,18,37,-8.16688621888822,60.14353809505993,506.669
758,18,38,0.8519236788427254,60.14353809505993,505.066
759,18,39,9.873746223606174,60.14353809505993,504.528
760,19,0,23.410596323623764,69.14354176060233,505.639
761,19,1,32.436848406146524,69.14354176060233,507.466
762,19,2,41.46358884719494,69.14353493041317,509.918
763,19,3,50.49010389200075,69.14353493041317,512.731
764,19,4,59.51575491787655,69.14353493041317,515.625
765,19,5,68.53994428326996,69.14353493041317,518.331
766,19,6,77.56218704474993,69.14352810022399,520.616
767,19,7,86.58204607020956,69.14350077946732,522.305
768,19,8,84.40081832857682,-110.85643592759732,523.299
769,19,9,75.38666251107415,-110.85644958797566,523.583
770,19,10,66.37571005229222,-110.85645641816484,523.224
771,19,11,57.36809072582525,-110.85645641816484,522.361
772,19,12,48.36391381469997,-110.85645641816484,521.19
773,19,13,39.36323737552432,-110.85645641816484,519.943
774,19,14,30.366075068676643,-110.85645641816484,518.858
775,19,15,21.372411526231307,-110.85645641816484,518.156
776,19,16,12.38218271516484,-110.85645641816484,518.017
777,19,17,3.3952878901869847,-110.85645641816484,518.557
778,19,18,-5.588479135037828,-110.85645641816484,519.819
779,19,19,-14.569353575149139,-110.856463248354,521.763
780,19,20,-23.54765089950924,-110.856463248354,524.269
781,19,21,-32.52381037465913,-110.856463248354,527.149
782,19,22,-41.498316944029874,-110.856463248354,530.162
783,19,23,-50.471758003890095,-110.856463248354,533.036
784,19,24,-59.44477559202178,-110.856463248354,535.494
785,19,25,-68.41812102923362,-110.856463248354,537.281
786,19,26,-77.39247050425345,-110.85647007854317,538.189
787,19,27,-86.36864363978168,-110.85649739929985,538.08
788,19,28,-84.65264740327518,69.143569081359,536.896
789,19,29,-75.67073690884415,69.1435485907915,534.673
790,19,30,-66.68502882923458,69.1435485907915,531.534
791,19,31,-57.69505188139376,69.14354176060233,527.682
792,19,32,-48.70047138605235,69.14354176060233,523.384
793,19,33,-39.701102928102756,69.14354176060233,518.945
794,19,34,-30.696956752828743,69.14354176060233,514.683
795,19,35,-21.688135313067853,69.14354176060233,510.899
796,19,36,-12.674965604126607,69.14354176060233,507.852
797,19,37,-3.65789841849022,69.14354176060233,505.737
798,19,38,5.3624997650270165,69.14354176060233,504.663
799,19,39,14.385573675151607,69.14354176060233,504.654
800,20,0,18.897881801259878,78.14354542614473,505.03
801,20,1,27.92361649695301,78.14354542614473,506.46
802,20,2,36.9502032587451,78.14354542614473,508.63
803,20,3,45.97691637903684,78.14353859595556,511.296
804,20,4,55.003076254005805,78.14353859595556,514.185
805,20,5,64.02806475153211,78.14353859595556,517.017
806,20,6,73.05133887157675,78.14353859595556,519.539
807,20,7,82.07243416127615,78.14352493557722,521.543
808,20,8,88.9090232185412,-101.8563229790282,522.892
809,20,9,79.89335109904279,-101.85643909224409,523.528
810,20,10,70.8807730552384,-101.85644592243327,523.477
811,20,11,61.8714735022356,-101.85645275262243,522.844
812,20,12,52.86556172306114,-101.85645275262243,521.8
813,20,13,43.86312651017422,-101.85645275262243,520.561
814,20,14,34.864215674899015,-101.85645275262243,519.366
815,20,15,25.86880701912074,-101.85645275262243,518.447
816,20,16,16.876873222082708,-101.85645275262243,518.007
817,20,17,7.888336590383113,-101.85645275262243,518.198
818,20,18,-1.0969746979243569,-101.85645275262243,519.099
819,20,19,-10.079259785542687,-101.8564595828116,520.711
820,20,20,-19.058806180747254,-101.8564595828116,522.956
821,20,21,-28.035969693705134,-101.8564595828116,525.676
822,20,22,-37.01123441407375,-101.8564595828116,528.655
823,20,23,-45.985133096608365,-101.8564595828116,531.634
824,20,24,-54.95828045833427,-101.8564595828116,534.333
825,20,25,-63.9313561030739,-101.8564595828116,536.485
826,20,26,-72.90513184220346,-101.85646641300077,537.855
827,20,27,-81.88028727954534,-101.85647324318994,538.268
828,20,28,-89.14236297115634,78.14370935068482,537.623
829,20,29,-80.16213270326114,78.14355908652307,535.909
830,20,30,-71.17839171813253,78.1435522563339,533.207
831,20,31,-62.19060043082611,78.14354542614473,529.681
832,20,32,-53.19835244508626,78.14354542614473,525.57
833,20,33,-44.20138821372451,78.14354542614473,521.162
834,20,34,-35.199639434849175,78.14354542614473,516.772
835,20,35,-26.19311293864941,78.14354542614473,512.714
836,20,36,-17.182068272313682,78.14354542614473,509.27
837,20,37,-8.16688621888822,78.14354542614473,506.669
838,20,38,0.8519236788427254,78.14354542614473,505.066
839,20,39,9.873746223606174,78.14354542614473,504.528
840,21,0,23.410596323623764,87.14353543130879,505.639
841,21,1,32.436848406146524,87.14353543130879,507.466
842,21,2,41.46358884719494,87.14352860111963,509.918
843,21,3,50.49010389200075,87.14352860111963,512.731
844,21,4,59.51575491787655,87.14352860111963,515.625
845,21,5,68.53994428326996,87.14352860111963,518.331
846,21,6,77.56218704474993,87.14352177093045,520.616
847,21,7,86.58204607020956,87.14349445017378,522.305
848,21,8,84.40081832857682,-92.85644225689086,523.299
849,21,9,75.38666251107415,-92.8564559172692,523.583
850,21,10,66.37571005229222,-92.85646274745837,523.224
851,21,11,57.36809072582525,-92.85646274745837,522.361
852,21,12,48.36391381469997,-92.85646274745837,521.19
853,21,13,39.36323737552432,-92.85646274745837,519.943
854,21,14,30.366075068676643,-92.85646274745837,518.858
855,21,15,21.372411526231307,-92.85646274745837,518.156
856,21,16,12.38218271516484,-92.85646274745837,518.017
857,21,17,3.3952878901869847,-92.85646274745837,518.557
858,21,18,-5.588479135037828,-92.85646274745837,519.819
859,21,19,-14.569353575149139,-92.85646957764754,521.763
860,21,20,-23.54765089950924,-92.85646957764754,524.269
861,21,21,-32.52381037465913,-92.85646957764754,527.149
862,21,22,-41.498316944029874,-92.85646957764754,530.162
863,21,23,-50.471758003890095,-92.85646957764754,533.036
864,21,24,-59.44477559202178,-92.85646957764754,535.494
865,21,25,-68.41812102923362,-92.85646957764754,537.281
866,21,26,-77.39247050425345,-92.85647640783671,538.189
867,21,27,-86.36864363978168,-92.8565037285934,538.08
868,21,28,-84.65264740327518,87.14356275206548,536.896
869,21,29,-75.67073690884415,87.14354226149797,534.673
870,21,30,-66.68502882923458,87.14354226149797,531.534
871,21,31,-57.69505188139376,87.14353543130879,527.682
872,21,32,-48.70047138605235,87.14353543130879,523.384
873,21,33,-39.701102928102756,87.14353543130879,518.945
874,21,34,-30.696956752828743,87.14353543130879,514.683
875,21,35,-21.688135313067853,87.14353543130879,510.899
876,21,36,-12.674965604126607,87.14353543130879,507.852
877,21,37,-3.65789841849022,87.14353543130879,505.737
878,21,38,5.3624997650270165,87.14353543130879,504.663
879,21,39,14.385573675151607,87.14353543130879,504.654
880,22,0,18.897881801259878,96.1435390968512,505.03
881,22,1,27.92361649695301,96.1435390968512,506.46
882,22,2,36.9502032587451,96.1435390968512,508.63
883,22,3,45.97691637903684,96.14353226666202,511.296
884,22,4,55.003076254005805,96.14353226666202,514.185
885,22,5,64.02806475153211,96.14353226666202,517.017
886,22,6,73.05133887157675,96.14353226666202,519.539
887,22,7,82.07243416127615,96.14351860628369,521.543
888,22,8,88.9090232185412,-83.85632930832173,522.892
889,22,9,79.89335109904279,-83.85644542153763,523.528
890,22,10,70.8807730552384,-83.8564522517268,523.477
891,22,11,61.8714735022356,-83.85645908191597,522.844
892,22,12,52.86556172306114,-83.85645908191597,521.8
893,22,13,43.86312651017422,-83.85645908191597,520.561
894,22,14,34.864215674899015,-83.85645908191597,519.366
895,22,15,25.86880701912074,-83.85645908191597,518.447
896,22,16,16.876873222082708,-83.85645908191597,518.007
897,22,17,7.888336590383113,-83.85645908191597,518.198
898,22,18,-1.0969746979243569,-83.85645908191597,519.099
899,22,19,-10.079259785542687,-83.85646591210514,520.711
900,22,20,-19.058806180747254,-83.85646591210514,522.956
901,22,21,-28.035969693705134,-83.85646591210514,525.676
902,22,22,-37.01123441407375,-83.85646591210514,528.655
903,22,23,-45.985133096608365,-83.85646591210514,531.634
904,22,24,-54.95828045833427,-83.85646591210514,534.333
905,22,25,-63.9313561030739,-83.85646591210514,536.485
906,22,26,-72.90513184220346,-83.8564727422943,537.855
907,22,27,-81.88028727954534,-83.85647957248348,538.268
908,22,28,-89.14236297115634,96.14370302139127,537.623
909,22,29,-80.16213270326114,96.14355275722954,535.909
910,22,30,-71.17839171813253,96.14354592704036,533.207
911,22,31,-62.19060043082611,96.1435390968512,529.681
912,22,32,-53.19835244508626,96.1435390968512,525.57
913,22,33,-44.20138821372451,96.1435390968512,521.162
914,22,34,-35.199639434849175,96.1435390968512,516.772
915,22,35,-26.19311293864941,96.1435390968512,512.714
916,22,36,-17.182068272313682,96.1435390968512,509.27
917,22,37,-8.16688621888822,96.1435390968512,506.669
918,22,38,0.8519236788427254,96.1435390968512,505.066
919,22,39,9.873746223606174,96.1435390968512,504.528
920,23,0,23.410596323623764,105.1435427623936,505.639
921,23,1,32.436848406146524,105.1435427623936,507.466
922,23,2,41.46358884719494,105.14353593220443,509.918
923,23,3,50.49010389200075,105.14353593220443,512.731
924,23,4,59.51575491787655,105.14353593220443,515.625
925,23,5,68.53994428326996,105.14353593220443,518.331
926,23,6,77.56218704474993,105.14352910201526,520.616
927,23,7,86.58204607020956,105.14350178125858,522.305
928,23,8,84.40081832857682,-74.85643492580606,523.299
929,23,9,75.38666251107415,-74.8564485861844,523.583
930,23,10,66.37571005229222,-74.85645541637356,523.224
931,23,11,57.36809072582525,-74.85645541637356,522.361
932,23,12,48.36391381469997,-74.85645541637356,521.19
933,23,13,39.36323737552432,-74.85645541637356,519.943
934,23,14,30.366075068676643,-74.85645541637356,518.858
935,23,15,21.372411526231307,-74.85645541637356,518.156
936,23,16,12.38218271516484,-74.85645541637356,518.017
937,23,17,3.3952878901869847,-74.85645541637356,518.557
938,23,18,-5.588479135037828,-74.85645541637356,519.819
939,23,19,-14.569353575149139,-74.85646224656274,521.763
940,23,20,-23.54765089950924,-74.85646224656274,524.269
941,23,21,-32.52381037465913,-74.85646224656274,527.149
942,23,22,-41.498316944029874,-74.85646224656274,530.162
943,23,23,-50.471758003890095,-74.85646224656274,533.036
944,23,24,-59.44477559202178,-74.85646224656274,535.494
945,23,25,-68.41812102923362,-74.85646224656274,537.281
946,23,26,-77.39247050425345,-74.8564690767519,538.189
947,23,27,-86.36864363978168,-74.8564963975086,538.08
948,23,28,-84.65264740327518,105.14357008315028,536.896
949,23,29,-75.67073690884415,105.14354959258277,534.673
950,23,30,-66.68502882923458,105.14354959258277,531.534
951,23,31,-57.69505188139376,105.1435427623936,527.682
952,23,32,-48.70047138605235,105.1435427623936,523.384
953,23,33,-39.701102928102756,105.1435427623936,518.945
954,23,34,-30.696956752828743,105.1435427623936,514.683
955,23,35,-21.688135313067853,105.1435427623936,510.899
956,23,36,-12.674965604126607,105.1435427623936,507.852
957,23,37,-3.65789841849022,105.1435427623936,505.737
958,23,38,5.3624997650270165,105.1435427623936,504.663
959,23,39,14.385573675151607,105.1435427623936,504.654
960,24,0,18.897881801259878,114.143546427936,505.03
961,24,1,27.92361649695301,114.143546427936,506.46
962,24,2,36.9502032587451,114.143546427936,508.63
963,24,3,45.97691637903684,114.14353959774682,511.296
964,24,4,55.003076254005805,114.14353959774682,514.185
965,24,5,64.02806475153211,114.14353959774682,517.017
966,24,6,73.05133887157675,114.14353959774682,519.539
967,24,7,82.07243416127615,114.1435259373685,521.543
968,24,8,88.9090232185412,-65.85632197723693,522.892
969,24,9,79.89335109904279,-65.85643809045283,523.528
970,24,10,70.8807730552384,-65.85644492064199,523.477
971,24,11,61.8714735022356,-65.85645175083117,522.844
972,24,12,52.86556172306114,-65.85645175083117,521.8
973,24,13,43.86312651017422,-65.85645175083117,520.561
974,24,14,34.864215674899015,-65.85645175083117,519.366
975,24,15,25.86880701912074,-65.85645175083117,518.447
976,24,16,16.876873222082708,-65.85645175083117,518.007
977,24,17,7.888336590383113,-65.85645175083117,518.198
978,24,18,-1.0969746979243569,-65.85645175083117,519.099
979,24,19,-10.079259785542687,-65.85645858102033,520.711
980,24,20,-19.058806180747254,-65.85645858102033,522.956
981,24,21,-28.035969693705134,-65.85645858102033,525.676
982,24,22,-37.01123441407375,-65.85645858102033,528.655
983,24,23,-45.985133096608365,-65.85645858102033,531.634
984,24,24,-54.95828045833427,-65.85645858102033,534.333
985,24,25,-63.9313561030739,-65.85645858102033,536.485
986,24,26,-72.90513184220346,-65.8564654112095,537.855
987,24,27,-81.88028727954534,-65.85647224139868,538.268
988,24,28,-89.14236297115634,114.14371035247608,537.623
989,24,29,-80.16213270326114,114.14356008831435,535.909
990,24,30,-71.17839171813253,114.14355325812517,533.207
991,24,31,-62.19060043082611,114.143546427936,529.681
992,24,32,-53.19835244508626,114.143546427936,525.57
993,24,33,-44.20138821372451,114.143546427936,521.162
994,24,34,-35.199639434849175,114.143546427936,516.772
995,24,35,-26.19311293864941,114.143546427936,512.714
996,24,36,-17.182068272313682,114.143546427936,509.27
997,24,37,-8.16688621888822,114.143546427936,506.669
998,24,38,0.8519236788427254,114.143546427936,505.066
999,24,39,9.873746223606174,114.143546427936,504.528
1000,25,0,23.410596323623764,123.14352960291089,505.639
1001,25,1,32.436848406146524,123.14352960291089,507.466
1002,25,2,41.46358884719494,123.14352960291089,509.918
1003,25,3,50.49010389200075,123.14352960291089,512.731
1004,25,4,59.51575491787655,123.14352960291089,515.625
1005,25,5,68.53994428326996,123.14352960291089,518.331
1006,25,6,77.56218704474993,123.14352960291089,520.616
1007,25,7,86.58204607020956,123.14348862177587,522.305
1008,25,8,84.40081832857682,-56.85643784000501,523.299
1009,25,9,75.38666251107415,-56.85645491547793,523.583
1010,25,10,66.37571005229222,-56.856458330572515,523.224
1011,25,11,57.36809072582525,-56.856461745667104,522.361
1012,25,12,48.36391381469997,-56.856461745667104,521.19
1013,25,13,39.36323737552432,-56.856461745667104,519.943
1014,25,14,30.366075068676643,-56.856461745667104,518.858
1015,25,15,21.372411526231307,-56.85646516076169,518.156
1016,25,16,12.38218271516484,-56.85646516076169,518.017
1017,25,17,3.3952878901869847,-56.85646516076169,518.557
1018,25,18,-5.588479135037828,-56.85646516076169,519.819
1019,25,19,-14.569353575149139,-56.85646516076169,521.763
1020,25,20,-23.54765089950924,-56.85646516076169,524.269
1021,25,21,-32.52381037465913,-56.85646516076169,527.149
1022,25,22,-41.498316944029874,-56.856468575856276,530.162
1023,25,23,-50.471758003890095,-56.856468575856276,533.036
1024,25,24,-59.44477559202178,-56.856468575856276,535.494
1025,25,25,-68.41812102923362,-56.85647199095086,537.281
1026,25,26,-77.39247050425345,-56.85647540604544,538.189
1027,25,27,-86.36864363978168,-56.85650272680212,538.08
1028,25,28,-84.65264740327518,123.14355692366757,536.896
1029,25,29,-75.67073690884415,123.14354326328923,534.673
1030,25,30,-66.68502882923458,123.14354326328923,531.534
1031,25,31,-57.69505188139376,123.14354326328923,527.682
1032,25,32,-48.70047138605235,123.14354326328923,523.384
1033,25,33,-39.701102928102756,123.14354326328923,518.945
1034,25,34,-30.696956752828743,123.14354326328923,514.683
1035,25,35,-21.688135313067853,123.14352960291089,510.899
1036,25,36,-12.674965604126607,123.14352960291089,507.852
1037,25,37,-3.65789841849022,123.14352960291089,505.737
1038,25,38,5.3624997650270165,123.14352960291089,504.663
1039,25,39,14.385573675151607,123.14352960291089,504.654
1040,26,0,18.897881801259878,132.14354692883163,505.03
1041,26,1,27.92361649695301,132.14354692883163,506.46
1042,26,2,36.9502032587451,132.14354692883163,508.63
1043,26,3,45.97691637903684,132.14354692883163,511.296
1044,26,4,55.003076254005805,132.14354692883163,514.185
1045,26,5,64.02806475153211,132.14354692883163,517.017
1046,26,6,73.05133887157675,132.14354692883163,519.539
1047,26,7,82.07243416127615,132.1435332684533,521.543
1048,26,8,88.9090232185412,-47.85631464615213,522.892
1049,26,9,79.89335109904279,-47.856434174462606,523.528
1050,26,10,70.8807730552384,-47.85644100465178,523.477
1051,26,11,61.8714735022356,-47.85644441974636,522.844
1052,26,12,52.86556172306114,-47.85644441974636,521.8
1053,26,13,43.86312651017422,-47.85644441974636,520.561
1054,26,14,34.864215674899015,-47.85644441974636,519.366
1055,26,15,25.86880701912074,-47.85644783484095,518.447
1056,26,16,16.876873222082708,-47.85644783484095,518.007
1057,26,17,7.888336590383113,-47.85644783484095,518.198
1058,26,18,-1.0969746979243569,-47.85644783484095,519.099
1059,26,19,-10.079259785542687,-47.85644783484095,520.711
1060,26,20,-19.058806180747254,-47.85644783484095,522.956
1061,26,21,-28.035969693705134,-47.85644783484095,525.676
1062,26,22,-37.01123441407375,-47.85644783484095,528.655
1063,26,23,-45.985133096608365,-47.85645124993553,531.634
1064,26,24,-54.95828045833427,-47.85645124993553,534.333
1065,26,25,-63.9313561030739,-47.85645124993553,536.485
1066,26,26,-72.90513184220346,-47.856454665030114,537.855
1067,26,27,-81.88028727954534,-47.85646491031387,538.268
1068,26,28,-89.14236297115634,132.14372451375004,537.623
1069,26,29,-80.16213270326114,132.14356058920998,535.909
1070,26,30,-71.17839171813253,132.14356058920998,533.207
1071,26,31,-62.19060043082611,132.14356058920998,529.681
1072,26,32,-53.19835244508626,132.14356058920998,525.57
1073,26,33,-44.20138821372451,132.14356058920998,521.162
1074,26,34,-35.199639434849175,132.14356058920998,516.772
1075,26,35,-26.19311293864941,132.14354692883163,512.714
1076,26,36,-17.182068272313682,132.14354692883163,509.27
1077,26,37,-8.16688621888822,132.14354692883163,506.669
1078,26,38,0.8519236788427254,132.14354692883163,505.066
1079,26,39,9.873746223606174,132.14354692883163,504.528
1080,27,0,23.410596323623764,141.14352327361735,505.639
1081,27,1,32.436848406146524,141.14352327361735,507.466
1082,27,2,41.46358884719494,141.14352327361735,509.918
1083,27,3,50.49010389200075,141.14352327361735,512.731
1084,27,4,59.51575491787655,141.14352327361735,515.625
1085,27,5,68.53994428326996,141.14352327361735,518.331
1086,27,6,77.56218704474993,141.14352327361735,520.616
1087,27,7,86.58204607020956,141.14348229248233,522.305
1088,27,8,84.40081832857682,-38.85644416929854,523.299
1089,27,9,75.38666251107415,-38.85646124477147,523.583
1090,27,10,66.37571005229222,-38.856464659866056,523.224
1091,27,11,57.36809072582525,-38.85646807496064,522.361
1092,27,12,48.36391381469997,-38.85646807496064,521.19
1093,27,13,39.36323737552432,-38.85646807496064,519.943
1094,27,14,30.366075068676643,-38.85646807496064,518.858
1095,27,15,21.372411526231307,-38.85647149005523,518.156
1096,27,16,12.38218271516484,-38.85647149005523,518.017
1097,27,17,3.3952878901869847,-38.85647149005523,518.557
1098,27,18,-5.588479135037828,-38.85647149005523,519.819
1099,27,19,-14.569353575149139,-38.85647149005523,521.763
1100,27,20,-23.54765089950924,-38.85647149005523,524.269
1101,27,21,-32.52381037465913,-38.85647149005523,527.149
1102,27,22,-41.498316944029874,-38.85647490514981,530.162
1103,27,23,-50.471758003890095,-38.85647490514981,533.036
1104,27,24,-59.44477559202178,-38.85647490514981,535.494
1105,27,25,-68.41812102923362,-38.85647832024439,537.281
1106,27,26,-77.39247050425345,-38.85648173533898,538.189
1107,27,27,-86.36864363978168,-38.85650905609566,538.08
1108,27,28,-84.65264740327518,141.14355059437403,536.896
1109,27,29,-75.67073690884415,141.1435369339957,534.673
1110,27,30,-66.68502882923458,141.1435369339957,531.534
1111,27,31,-57.69505188139376,141.1435369339957,527.682
1112,27,32,-48.70047138605235,141.1435369339957,523.384
1113,27,33,-39.701102928102756,141.1435369339957,518.945
1114,27,34,-30.696956752828743,141.1435369339957,514.683
1115,27,35,-21.688135313067853,141.14352327361735,510.899
1116,27,36,-12.674965604126607,141.14352327361735,507.852
1117,27,37,-3.65789841849022,141.14352327361735,505.737
1118,27,38,5.3624997650270165,141.14352327361735,504.663
1119,27,39,14.385573675151607,141.14352327361735,504.654
1120,28,0,18.897881801259878,150.14352693915976,505.03
1121,28,1,27.92361649695301,150.14352693915976,506.46
1122,28,2,36.9502032587451,150.14352693915976,508.63
1123,28,3,45.97691637903684,150.14352693915976,511.296
1124,28,4,55.003076254005805,150.14352693915976,514.185
1125,28,5,64.02806475153211,150.14352693915976,517.017
1126,28,6,73.05133887157675,150.14352693915976,519.539
1127,28,7,82.07243416127615,150.14351327878143,521.543
1128,28,8,88.9090232185412,-29.85633463582401,522.892
1129,28,9,79.89335109904279,-29.856454164134483,523.528
1130,28,10,70.8807730552384,-29.85646099432365,523.477
1131,28,11,61.8714735022356,-29.856464409418237,522.844
1132,28,12,52.86556172306114,-29.856464409418237,521.8
1133,28,13,43.86312651017422,-29.856464409418237,520.561
1134,28,14,34.864215674899015,-29.856464409418237,519.366
1135,28,15,25.86880701912074,-29.856467824512823,518.447
1136,28,16,16.876873222082708,-29.856467824512823,518.007
1137,28,17,7.888336590383113,-29.856467824512823,518.198
1138,28,18,-1.0969746979243569,-29.856467824512823,519.099
1139,28,19,-10.079259785542687,-29.856467824512823,520.711
1140,28,20,-19.058806180747254,-29.856467824512823,522.956
1141,28,21,-28.035969693705134,-29.856467824512823,525.676
1142,28,22,-37.01123441407375,-29.856467824512823,528.655
1143,28,23,-45.985133096608365,-29.85647123960741,531.634
1144,28,24,-54.95828045833427,-29.85647123960741,534.333
1145,28,25,-63.9313561030739,-29.85647123960741,536.485
1146,28,26,-72.90513184220346,-29.856474654701994,537.855
1147,28,27,-81.88028727954534,-29.856484899985748,538.268
1148,28,28,-89.14236297115634,150.14370452407817,537.623
1149,28,29,-80.16213270326114,150.14354059953808,535.909
1150,28,30,-71.17839171813253,150.14354059953808,533.207
1151,28,31,-62.19060043082611,150.14354059953808,529.681
1152,28,32,-53.19835244508626,150.14354059953808,525.57
1153,28,33,-44.20138821372451,150.14354059953808,521.162
1154,28,34,-35.199639434849175,150.14354059953808,516.772
1155,28,35,-26.19311293864941,150.14352693915976,512.714
1156,28,36,-17.182068272313682,150.14352693915976,509.27
1157,28,37,-8.16688621888822,150.14352693915976,506.669
1158,28,38,0.8519236788427254,150.14352693915976,505.066
1159,28,39,9.873746223606174,150.14352693915976,504.528
1160,29,0,23.410596323623764,159.14353060470216,505.639
1161,29,1,32.436848406146524,159.14353060470216,507.466
1162,29,2,41.46358884719494,159.14353060470216,509.918
1163,29,3,50.49010389200075,159.14353060470216,512.731
1164,29,4,59.51575491787655,159.14353060470216,515.625
1165,29,5,68.53994428326996,159.14353060470216,518.331
1166,29,6,77.56218704474993,159.14353060470216,520.616
1167,29,7,86.58204607020956,159.14348962356715,522.305
1168,29,8,84.40081832857682,-20.856438545761034,523.299
1169,29,9,75.38666251107415,-20.856453913686664,523.583
1170,29,10,66.37571005229222,-20.85645732878125,523.224
1171,29,11,57.36809072582525,-20.856460743875836,522.361
1172,29,12,48.36391381469997,-20.856460743875836,521.19
1173,29,13,39.36323737552432,-20.856462451423127,519.943
1174,29,14,30.366075068676643,-20.856462451423127,518.858
1175,29,15,21.372411526231307,-20.856462451423127,518.156
1176,29,16,12.38218271516484,-20.85646415897042,518.017
1177,29,17,3.3952878901869847,-20.85646415897042,518.557
1178,29,18,-5.588479135037828,-20.85646415897042,519.819
1179,29,19,-14.569353575149139,-20.85646415897042,521.763
1180,29,20,-23.54765089950924,-20.85646415897042,524.269
1181,29,21,-32.52381037465913,-20.856465866517713,527.149
1182,29,22,-41.498316944029874,-20.856465866517713,530.162
1183,29,23,-50.471758003890095,-20.856467574065007,533.036
1184,29,24,-59.44477559202178,-20.856467574065007,535.494
1185,29,25,-68.41812102923362,-20.85647098915959,537.281
1186,29,26,-77.39247050425345,-20.856474404254175,538.189
1187,29,27,-86.36864363978168,-20.85650343255815,538.08
1188,29,28,-84.65264740327518,159.14355792545885,536.896
1189,29,29,-75.67073690884415,159.1435442650805,534.673
1190,29,30,-66.68502882923458,159.1435442650805,531.534
1191,29,31,-57.69505188139376,159.1435442650805,527.682
1192,29,32,-48.70047138605235,159.1435442650805,523.384
1193,29,33,-39.701102928102756,159.1435442650805,518.945
1194,29,34,-30.696956752828743,159.1435442650805,514.683
1195,29,35,-21.688135313067853,159.14353060470216,510.899
1196,29,36,-12.674965604126607,159.14353060470216,507.852
1197,29,37,-3.65789841849022,159.14353060470216,505.737
1198,29,38,5.3624997650270165,159.14353060470216,504.663
1199,29,39,14.385573675151607,159.14353060470216,504.654
1200,30,0,18.897881801259878,168.14353427024457,505.03
1201,30,1,27.92361649695301,168.14353427024457,506.46
1202,30,2,36.9502032587451,168.14353427024457,508.63
1203,30,3,45.97691637903684,168.14353427024457,511.296
1204,30,4,55.003076254005805,168.14353427024457,514.185
1205,30,5,64.02806475153211,168.14353427024457,517.017
1206,30,6,73.05133887157675,168.14353427024457,519.539
1207,30,7,82.07243416127615,168.14352060986621,521.543
1208,30,8,88.9090232185412,-11.856329012286496,522.892
1209,30,9,79.89335109904279,-11.856445979276033,523.528
1210,30,10,70.8807730552384,-11.856452809465203,523.477
1211,30,11,61.8714735022356,-11.856455370786142,522.844
1212,30,12,52.86556172306114,-11.856457078333435,521.8
1213,30,13,43.86312651017422,-11.85645793210708,520.561
1214,30,14,34.864215674899015,-11.856458785880728,519.366
1215,30,15,25.86880701912074,-11.856458785880728,518.447
1216,30,16,16.876873222082708,-11.856459639654373,518.007
1217,30,17,7.888336590383113,-11.856459639654373,518.198
1218,30,18,-1.0969746979243569,-11.856460493428019,519.099
1219,30,19,-10.079259785542687,-11.856460493428019,520.711
1220,30,20,-19.058806180747254,-11.856461347201666,522.956
1221,30,21,-28.035969693705134,-11.856461347201666,525.676
1222,30,22,-37.01123441407375,-11.856462200975312,528.655
1223,30,23,-45.985133096608365,-11.856463054748959,531.634
1224,30,24,-54.95828045833427,-11.856463908522604,534.333
1225,30,25,-63.9313561030739,-11.856465616069897,536.485
1226,30,26,-72.90513184220346,-11.856468177390836,537.855
1227,30,27,-81.88028727954534,-11.856477568900944,538.268
1228,30,28,-89.14236297115634,168.143711855163,537.623
1229,30,29,-80.16213270326114,168.1435479306229,535.909
1230,30,30,-71.17839171813253,168.1435479306229,533.207
1231,30,31,-62.19060043082611,168.1435479306229,529.681
1232,30,32,-53.19835244508626,168.1435479306229,525.57
1233,30,33,-44.20138821372451,168.1435479306229,521.162
1234,30,34,-35.199639434849175,168.1435479306229,516.772
1235,30,35,-26.19311293864941,168.14353427024457,512.714
1236,30,36,-17.182068272313682,168.14353427024457,509.27
1237,30,37,-8.16688621888822,168.14353427024457,506.669
1238,30,38,0.8519236788427254,168.14353427024457,505.066
1239,30,39,9.873746223606174,168.14353427024457,504.528
1240,31,0,23.410596323623764,177.14353793578695,505.639
1241,31,1,32.436848406146524,177.14353793578695,507.466
1242,31,2,41.46358884719494,177.14353793578695,509.918
1243,31,3,50.49010389200075,177.14353793578695,512.731
1244,31,4,59.51575491787655,177.14353793578695,515.625
1245,31,5,68.53994428326996,177.14353793578695,518.331
1246,31,6,77.56218704474993,177.14353793578695,520.616
1247,31,7,86.58204607020956,177.14349695465194,522.305
1248,31,8,84.40081832857682,-2.8564310012328185,523.299
1249,31,9,75.38666251107415,-2.8564470094886856,523.583
1250,31,10,66.37571005229222,-2.8564508514700937,523.224
1251,31,11,57.36809072582525,-2.856452559017386,522.361
1252,31,12,48.36391381469997,-2.856453839677856,521.19
1253,31,13,39.36323737552432,-2.8564544800080904,519.943
1254,31,14,30.366075068676643,-2.856455120338325,518.858
1255,31,15,21.372411526231307,-2.8564555472251483,518.156
1256,31,16,12.38218271516484,-2.8564559741119715,518.017
1257,31,17,3.3952878901869847,-2.8564564009987943,518.557
1258,31,18,-5.588479135037828,-2.8564568278856175,519.819
1259,31,19,-14.569353575149139,-2.8564572547724407,521.763
1260,31,20,-23.54765089950924,-2.856457681659264,524.269
1261,31,21,-32.52381037465913,-2.856458108546087,527.149
1262,31,22,-41.498316944029874,-2.856458748876322,530.162
1263,31,23,-50.471758003890095,-2.856459602649968,533.036
1264,31,24,-59.44477559202178,-2.8564608833104375,535.494
1265,31,25,-68.41812102923362,-2.8564630177445527,537.281
1266,31,26,-77.39247050425345,-2.8564677134996073,538.189
1267,31,27,-86.36864363978168,-2.856496101473345,538.08
1268,31,28,-84.65264740327518,177.14356525654364,536.896
1269,31,29,-75.67073690884415,177.1435515961653,534.673
1270,31,30,-66.68502882923458,177.1435515961653,531.534
1271,31,31,-57.69505188139376,177.1435515961653,527.682
1272,31,32,-48.70047138605235,177.1435515961653,523.384
1273,31,33,-39.701102928102756,177.1435515961653,518.945
1274,31,34,-30.696956752828743,177.1435515961653,514.683
1275,31,35,-21.688135313067853,177.14353793578695,510.899
1276,31,36,-12.674965604126607,177.14353793578695,507.852
1277,31,37,-3.65789841849022,177.14353793578695,505.737
1278,31,38,5.3624997650270165,177.14353793578695,504.663
1279,31,39,14.385573675151607,177.14353793578695,504.654
1280,32,0,18.897881801259878,-173.85645475620495,505.03
1281,32,1,27.92361649695301,-173.85645475620495,506.46
1282,32,2,36.9502032587451,-173.85645475620495,508.63
1283,32,3,45.97691637903684,-173.85645475620495,511.296
1284,32,4,55.003076254005805,-173.85645475620495,514.185
1285,32,5,64.02806475153211,-173.85645475620495,517.017
1286,32,6,73.05133887157675,-173.85645475620495,519.539
1287,32,7,82.07243416127615,-173.8564684165833,521.543
1288,32,8,88.9090232185412,6.14367874568513,522.892
1289,32,9,79.89335109904279,6.143561351808771,523.528
1290,32,10,70.8807730552384,6.143554521619601,523.477
1291,32,11,61.8714735022356,6.1435519602986615,522.844
1292,32,12,52.86556172306114,6.1435502527513695,521.8
1293,32,13,43.86312651017422,6.143549398977723,520.561
1294,32,14,34.864215674899015,6.143548972090899,519.366
1295,32,15,25.86880701912074,6.143548118317254,518.447
1296,32,16,16.876873222082708,6.14354769143043,518.007
1297,32,17,7.888336590383113,6.143547264543607,518.198
1298,32,18,-1.0969746979243569,6.143546837656784,519.099
1299,32,19,-10.079259785542687,6.143546837656784,520.711
1300,32,20,-19.058806180747254,6.143546410769961,522.956
1301,32,21,-28.035969693705134,6.143545556996314,525.676
1302,32,22,-37.01123441407375,6.143545130109492,528.655
1303,32,23,-45.985133096608365,6.143544703222669,531.634
1304,32,24,-54.95828045833427,6.143543422562199,534.333
1305,32,25,-63.9313561030739,6.1435421419017295,536.485
1306,32,26,-72.90513184220346,6.143538726807145,537.855
1307,32,27,-81.88028727954534,6.143529335297036,538.268
1308,32,28,-89.14236297115634,-173.8562908316649,537.623
1309,32,29,-80.16213270326114,-173.85644109582663,535.909
1310,32,30,-71.17839171813253,-173.85644109582663,533.207
1311,32,31,-62.19060043082611,-173.85645475620495,529.681
1312,32,32,-53.19835244508626,-173.85645475620495,525.57
1313,32,33,-44.20138821372451,-173.85645475620495,521.162
1314,32,34,-35.199639434849175,-173.85645475620495,516.772
1315,32,35,-26.19311293864941,-173.85645475620495,512.714
1316,32,36,-17.182068272313682,-173.85645475620495,509.27
1317,32,37,-8.16688621888822,-173.85645475620495,506.669
1318,32,38,0.8519236788427254,-173.85645475620495,505.066
1319,32,39,9.873746223606174,-173.85645475620495,504.528
1320,33,0,23.410596323623764,-164.85645109066257,505.639
1321,33,1,32.436848406146524,-164.85645109066257,507.466
1322,33,2,41.46358884719494,-164.85645109066257,509.918
1323,33,3,50.49010389200075,-164.85645109066257,512.731
1324,33,4,59.51575491787655,-164.85645109066257,515.625
1325,33,5,68.53994428326996,-164.85645109066257,518.331
1326,33,6,77.56218704474993,-164.8564647510409,520.616
1327,33,7,86.58204607020956,-164.8564920717976,522.305
1328,33,8,84.40081832857682,15.143576116408573,523.299
1329,33,9,75.38666251107415,15.14356074848294,523.583
1330,33,10,66.37571005229222,15.143557333388356,523.224
1331,33,11,57.36809072582525,15.14355391829377,522.361
1332,33,12,48.36391381469997,15.14355391829377,521.19
1333,33,13,39.36323737552432,15.143552210746478,519.943
1334,33,14,30.366075068676643,15.143552210746478,518.858
1335,33,15,21.372411526231307,15.143552210746478,518.156
1336,33,16,12.38218271516484,15.143550503199187,518.017
1337,33,17,3.3952878901869847,15.143550503199187,518.557
1338,33,18,-5.588479135037828,15.143550503199187,519.819
1339,33,19,-14.569353575149139,15.143550503199187,521.763
1340,33,20,-23.54765089950924,15.143550503199187,524.269
1341,33,21,-32.52381037465913,15.143548795651894,527.149
1342,33,22,-41.498316944029874,15.143548795651894,530.162
1343,33,23,-50.471758003890095,15.1435470881046,533.036
1344,33,24,-59.44477559202178,15.1435470881046,535.494
1345,33,25,-68.41812102923362,15.143543673010015,537.281
1346,33,26,-77.39247050425345,15.143540257915431,538.189
1347,33,27,-86.36864363978168,15.143511229611459,538.08
1348,33,28,-84.65264740327518,-164.8564237699059,536.896
1349,33,29,-75.67073690884415,-164.85643743028422,534.673
1350,33,30,-66.68502882923458,-164.85643743028422,531.534
1351,33,31,-57.69505188139376,-164.85645109066257,527.682
1352,33,32,-48.70047138605235,-164.85645109066257,523.384
1353,33,33,-39.701102928102756,-164.85645109066257,518.945
1354,33,34,-30.696956752828743,-164.85645109066257,514.683
1355,33,35,-21.688135313067853,-164.85645109066257,510.899
1356,33,36,-12.674965604126607,-164.85645109066257,507.852
1357,33,37,-3.65789841849022,-164.85645109066257,505.737
1358,33,38,5.3624997650270165,-164.85645109066257,504.663
1359,33,39,14.385573675151607,-164.85645109066257,504.654
1360,34,0,18.897881801259878,-155.85647474587685,505.03
1361,34,1,27.92361649695301,-155.85647474587685,506.46
1362,34,2,36.9502032587451,-155.85647474587685,508.63
1363,34,3,45.97691637903684,-155.85647474587685,511.296
1364,34,4,55.003076254005805,-155.85647474587685,514.185
1365,34,5,64.02806475153211,-155.85647474587685,517.017
1366,34,6,73.05133887157675,-155.85647474587685,519.539
1367,34,7,82.07243416127615,-155.85648840625518,521.543
1368,34,8,88.9090232185412,24.14365832912643,522.892
1369,34,9,79.89335109904279,24.143540508363248,523.528
1370,34,10,70.8807730552384,24.143533678174077,523.477
1371,34,11,61.8714735022356,24.143531970626785,522.844
1372,34,12,52.86556172306114,24.14353026307949,521.8
1373,34,13,43.86312651017422,24.14353026307949,520.561
1374,34,14,34.864215674899015,24.1435285555322,519.366
1375,34,15,25.86880701912074,24.1435285555322,518.447
1376,34,16,16.876873222082708,24.1435285555322,518.007
1377,34,17,7.888336590383113,24.14352684798491,518.198
1378,34,18,-1.0969746979243569,24.14352684798491,519.099
1379,34,19,-10.079259785542687,24.14352684798491,520.711
1380,34,20,-19.058806180747254,24.14352684798491,522.956
1381,34,21,-28.035969693705134,24.143525140437614,525.676
1382,34,22,-37.01123441407375,24.143525140437614,528.655
1383,34,23,-45.985133096608365,24.143525140437614,531.634
1384,34,24,-54.95828045833427,24.143523432890323,534.333
1385,34,25,-63.9313561030739,24.14352172534303,536.485
1386,34,26,-72.90513184220346,24.143518310248446,537.855
1387,34,27,-81.88028727954534,24.143509772511983,538.268
1388,34,28,-89.14236297115634,-155.85631082133676,537.623
1389,34,29,-80.16213270326114,-155.8564610854985,535.909
1390,34,30,-71.17839171813253,-155.8564610854985,533.207
1391,34,31,-62.19060043082611,-155.85647474587685,529.681
1392,34,32,-53.19835244508626,-155.85647474587685,525.57
1393,34,33,-44.20138821372451,-155.85647474587685,521.162
1394,34,34,-35.199639434849175,-155.85647474587685,516.772
1395,34,35,-26.19311293864941,-155.85647474587685,512.714
1396,34,36,-17.182068272313682,-155.85647474587685,509.27
1397,34,37,-8.16688621888822,-155.85647474587685,506.669
1398,34,38,0.8519236788427254,-155.85647474587685,505.066
1399,34,39,9.873746223606174,-155.85647474587685,504.528
1400,35,0,23.410596323623764,-146.85647108033444,505.639
1401,35,1,32.436848406146524,-146.85647108033444,507.466
1402,35,2,41.46358884719494,-146.85647108033444,509.918
1403,35,3,50.49010389200075,-146.85647108033444,512.731
1404,35,4,59.51575491787655,-146.85647108033444,515.625
1405,35,5,68.53994428326996,-146.85647108033444,518.331
1406,35,6,77.56218704474993,-146.85648474071277,520.616
1407,35,7,86.58204607020956,-146.85651206146946,522.305
1408,35,8,84.40081832857682,33.14355783428399,523.299
1409,35,9,75.38666251107415,33.14354075881106,523.583
1410,35,10,66.37571005229222,33.14353734371648,523.224
1411,35,11,57.36809072582525,33.14353392862189,522.361
1412,35,12,48.36391381469997,33.14353392862189,521.19
1413,35,13,39.36323737552432,33.14353392862189,519.943
1414,35,14,30.366075068676643,33.14353392862189,518.858
1415,35,15,21.372411526231307,33.14353051352731,518.156
1416,35,16,12.38218271516484,33.14353051352731,518.017
1417,35,17,3.3952878901869847,33.14353051352731,518.557
1418,35,18,-5.588479135037828,33.14353051352731,519.819
1419,35,19,-14.569353575149139,33.14353051352731,521.763
1420,35,20,-23.54765089950924,33.14353051352731,524.269
1421,35,21,-32.52381037465913,33.14353051352731,527.149
1422,35,22,-41.498316944029874,33.14352709843273,530.162
1423,35,23,-50.471758003890095,33.14352709843273,533.036
1424,35,24,-59.44477559202178,33.14352709843273,535.494
1425,35,25,-68.41812102923362,33.14352368333814,537.281
1426,35,26,-77.39247050425345,33.143520268243556,538.189
1427,35,27,-86.36864363978168,33.14349294748688,538.08
1428,35,28,-84.65264740327518,-146.85644375957776,536.896
1429,35,29,-75.67073690884415,-146.8564574199561,534.673
1430,35,30,-66.68502882923458,-146.8564574199561,531.534
1431,35,31,-57.69505188139376,-146.85647108033444,527.682
1432,35,32,-48.70047138605235,-146.85647108033444,523.384
1433,35,33,-39.701102928102756,-146.85647108033444,518.945
1434,35,34,-30.696956752828743,-146.85647108033444,514.683
1435,35,35,-21.688135313067853,-146.85647108033444,510.899
1436,35,36,-12.674965604126607,-146.85647108033444,507.852
1437,35,37,-3.65789841849022,-146.85647108033444,505.737
1438,35,38,5.3624997650270165,-146.85647108033444,504.663
1439,35,39,14.385573675151607,-146.85647108033444,504.654
1440,36,0,18.897881801259878,-137.85646741479204,505.03
1441,36,1,27.92361649695301,-137.85646741479204,506.46
1442,36,2,36.9502032587451,-137.85646741479204,508.63
1443,36,3,45.97691637903684,-137.85646741479204,511.296
1444,36,4,55.003076254005805,-137.85646741479204,514.185
1445,36,5,64.02806475153211,-137.85646741479204,517.017
1446,36,6,73.05133887157675,-137.85646741479204,519.539
1447,36,7,82.07243416127615,-137.85648107517036,521.543
1448,36,8,88.9090232185412,42.143667367758525,522.892
1449,36,9,79.89335109904279,42.143547839448054,523.528
1450,36,10,70.8807730552384,42.14354100925888,523.477
1451,36,11,61.8714735022356,42.14353759416429,522.844
1452,36,12,52.86556172306114,42.14353759416429,521.8
1453,36,13,43.86312651017422,42.14353759416429,520.561
1454,36,14,34.864215674899015,42.14353759416429,519.366
1455,36,15,25.86880701912074,42.14353417906971,518.447
1456,36,16,16.876873222082708,42.14353417906971,518.007
1457,36,17,7.888336590383113,42.14353417906971,518.198
1458,36,18,-1.0969746979243569,42.14353417906971,519.099
1459,36,19,-10.079259785542687,42.14353417906971,520.711
1460,36,20,-19.058806180747254,42.14353417906971,522.956
1461,36,21,-28.035969693705134,42.14353417906971,525.676
1462,36,22,-37.01123441407375,42.14353417906971,528.655
1463,36,23,-45.985133096608365,42.14353076397513,531.634
1464,36,24,-54.95828045833427,42.14353076397513,534.333
1465,36,25,-63.9313561030739,42.14353076397513,536.485
1466,36,26,-72.90513184220346,42.14352734888054,537.855
1467,36,27,-81.88028727954534,42.143517103596785,538.268
1468,36,28,-89.14236297115634,-137.85630349025195,537.623
1469,36,29,-80.16213270326114,-137.8564537544137,535.909
1470,36,30,-71.17839171813253,-137.8564537544137,533.207
1471,36,31,-62.19060043082611,-137.85646741479204,529.681
1472,36,32,-53.19835244508626,-137.85646741479204,525.57
1473,36,33,-44.20138821372451,-137.85646741479204,521.162
1474,36,34,-35.199639434849175,-137.85646741479204,516.772
1475,36,35,-26.19311293864941,-137.85646741479204,512.714
1476,36,36,-17.182068272313682,-137.85646741479204,509.27
1477,36,37,-8.16688621888822,-137.85646741479204,506.669
1478,36,38,0.8519236788427254,-137.85646741479204,505.066
1479,36,39,9.873746223606174,-137.85646741479204,504.528
1480,37,0,23.410596323623764,-128.85646374924963,505.639
1481,37,1,32.436848406146524,-128.85646374924963,507.466
1482,37,2,41.46358884719494,-128.85646374924963,509.918
1483,37,3,50.49010389200075,-128.85646374924963,512.731
1484,37,4,59.51575491787655,-128.85646374924963,515.625
1485,37,5,68.53994428326996,-128.85646374924963,518.331
1486,37,6,77.56218704474993,-128.85647740962798,520.616
1487,37,7,86.58204607020956,-128.85650473038464,522.305
1488,37,8,84.40081832857682,51.14356516536879,523.299
1489,37,9,75.38666251107415,51.143548089895866,523.583
1490,37,10,66.37571005229222,51.143544674801284,523.224
1491,37,11,57.36809072582525,51.143541259706694,522.361
1492,37,12,48.36391381469997,51.143541259706694,521.19
1493,37,13,39.36323737552432,51.143541259706694,519.943
1494,37,14,30.366075068676643,51.143541259706694,518.858
1495,37,15,21.372411526231307,51.14353784461211,518.156
1496,37,16,12.38218271516484,51.14353784461211,518.017
1497,37,17,3.3952878901869847,51.14353784461211,518.557
1498,37,18,-5.588479135037828,51.14353784461211,519.819
1499,37,19,-14.569353575149139,51.14353784461211,521.763
1500,37,20,-23.54765089950924,51.14353784461211,524.269
1501,37,21,-32.52381037465913,51.14353784461211,527.149
1502,37,22,-41.498316944029874,51.14353442951753,530.162
1503,37,23,-50.471758003890095,51.14353442951753,533.036
1504,37,24,-59.44477559202178,51.14353442951753,535.494
1505,37,25,-68.41812102923362,51.14353101442294,537.281
1506,37,26,-77.39247050425345,51.14352759932836,538.189
1507,37,27,-86.36864363978168,51.14350027857168,538.08
1508,37,28,-84.65264740327518,-128.85643642849297,536.896
1509,37,29,-75.67073690884415,-128.8564500888713,534.673
1510,37,30,-66.68502882923458,-128.8564500888713,531.534
1511,37,31,-57.69505188139376,-128.85646374924963,527.682
1512,37,32,-48.70047138605235,-128.85646374924963,523.384
1513,37,33,-39.701102928102756,-128.85646374924963,518.945
1514,37,34,-30.696956752828743,-128.85646374924963,514.683
1515,37,35,-21.688135313067853,-128.85646374924963,510.899
1516,37,36,-12.674965604126607,-128.85646374924963,507.852
1517,37,37,-3.65789841849022,-128.85646374924963,505.737
1518,37,38,5.3624997650270165,-128.85646374924963,504.663
1519,37,39,14.385573675151607,-128.85646374924963,504.654
1520,38,0,18.897881801259878,-119.85646008370723,505.03
1521,38,1,27.92361649695301,-119.85646008370723,506.46
1522,38,2,36.9502032587451,-119.85646008370723,508.63
1523,38,3,45.97691637903684,-119.85646008370723,511.296
1524,38,4,55.003076254005805,-119.85646008370723,514.185
1525,38,5,64.02806475153211,-119.85646008370723,517.017
1526,38,6,73.05133887157675,-119.85646008370723,519.539
1527,38,7,82.07243416127615,-119.85647374408558,521.543
1528,38,8,88.9090232185412,60.14367469884333,522.892
1529,38,9,79.89335109904279,60.14355858562744,523.528
1530,38,10,70.8807730552384,60.14355175543827,523.477
1531,38,11,61.8714735022356,60.1435449252491,522.844
1532,38,12,52.86556172306114,60.1435449252491,521.8
1533,38,13,43.86312651017422,60.1435449252491,520.561
1534,38,14,34.864215674899015,60.1435449252491,519.366
1535,38,15,25.86880701912074,60.1435449252491,518.447
1536,38,16,16.876873222082708,60.1435449252491,518.007
1537,38,17,7.888336590383113,60.1435449252491,518.198
1538,38,18,-1.0969746979243569,60.1435449252491,519.099
1539,38,19,-10.079259785542687,60.14353809505993,520.711
1540,38,20,-19.058806180747254,60.14353809505993,522.956
1541,38,21,-28.035969693705134,60.14353809505993,525.676
1542,38,22,-37.01123441407375,60.14353809505993,528.655
1543,38,23,-45.985133096608365,60.14353809505993,531.634
1544,38,24,-54.95828045833427,60.14353809505993,534.333
1545,38,25,-63.9313561030739,60.14353809505993,536.485
1546,38,26,-72.90513184220346,60.14353126487076,537.855
1547,38,27,-81.88028727954534,60.14352443468159,538.268
1548,38,28,-89.14236297115634,-119.85629615916716,537.623
1549,38,29,-80.16213270326114,-119.85644642332889,535.909
1550,38,30,-71.17839171813253,-119.85644642332889,533.207
1551,38,31,-62.19060043082611,-119.85646008370723,529.681
1552,38,32,-53.19835244508626,-119.85646008370723,525.57
1553,38,33,-44.20138821372451,-119.85646008370723,521.162
1554,38,34,-35.199639434849175,-119.85646008370723,516.772
1555,38,35,-26.19311293864941,-119.85646008370723,512.714
1556,38,36,-17.182068272313682,-119.85646008370723,509.27
1557,38,37,-8.16688621888822,-119.85646008370723,506.669
1558,38,38,0.8519236788427254,-119.85646008370723,505.066
1559,38,39,9.873746223606174,-119.85646008370723,504.528
1560,39,0,23.410596323623764,-110.85645641816484,505.639
1561,39,1,32.436848406146524,-110.85645641816484,507.466
1562,39,2,41.46358884719494,-110.85645641816484,509.918
1563,39,3,50.49010389200075,-110.85645641816484,512.731
1564,39,4,59.51575491787655,-110.85645641816484,515.625
1565,39,5,68.53994428326996,-110.856463248354,518.331
1566,39,6,77.56218704474993,-110.856463248354,520.616
1567,39,7,86.58204607020956,-110.85649739929985,522.305
1568,39,8,84.40081832857682,69.143569081359,523.299
1569,39,9,75.38666251107415,69.14355542098068,523.583
1570,39,10,66.37571005229222,69.1435485907915,523.224
1571,39,11,57.36809072582525,69.1435485907915,522.361
1572,39,12,48.36391381469997,69.1435485907915,521.19
1573,39,13,39.36323737552432,69.1435485907915,519.943
1574,39,14,30.366075068676643,69.1435485907915,518.858
1575,39,15,21.372411526231307,69.1435485907915,518.156
1576,39,16,12.38218271516484,69.1435485907915,518.017
1577,39,17,3.3952878901869847,69.1435485907915,518.557
1578,39,18,-5.588479135037828,69.1435485907915,519.819
1579,39,19,-14.569353575149139,69.14354176060233,521.763
1580,39,20,-23.54765089950924,69.14354176060233,524.269
1581,39,21,-32.52381037465913,69.14354176060233,527.149
1582,39,22,-41.498316944029874,69.14354176060233,530.162
1583,39,23,-50.471758003890095,69.14354176060233,533.036
1584,39,24,-59.44477559202178,69.14354176060233,535.494
1585,39,25,-68.41812102923362,69.14354176060233,537.281
1586,39,26,-77.39247050425345,69.14353493041317,538.189
1587,39,27,-86.36864363978168,69.14350760965648,538.08
1588,39,28,-84.65264740327518,-110.85642909740815,536.896
1589,39,29,-75.67073690884415,-110.8564427577865,534.673
1590,39,30,-66.68502882923458,-110.85644958797566,531.534
1591,39,31,-57.69505188139376,-110.85644958797566,527.682
1592,39,32,-48.70047138605235,-110.85644958797566,523.384
1593,39,33,-39.701102928102756,-110.85644958797566,518.945
1594,39,34,-30.696956752828743,-110.85645641816484,514.683
1595,39,35,-21.688135313067853,-110.85645641816484,510.899
1596,39,36,-12.674965604126607,-110.85645641816484,507.852
1597,39,37,-3.65789841849022,-110.85645641816484,505.737
1598,39,38,5.3624997650270165,-110.85645641816484,504.663
1599,39,39,14.385573675151607,-110.85645641816484,504.654
