0,0,0,60.762646931997395,-104.61399136585334,516.019
1,0,1,69.78659724076986,-104.61399819604252,518.68
2,0,2,78.80851898335884,-104.61400502623168,520.891
3,0,3,87.82800917860328,-104.61405966774504,522.489
4,0,4,83.15525820134413,75.38602730348134,523.384
5,0,5,74.1415463461375,75.38602047329216,523.573
6,0,6,65.13105151002996,75.386013643103,523.134
7,0,7,56.123910296804894,75.386013643103,522.215
8,0,8,47.120218329110685,75.386013643103,521.02
9,0,9,38.12003366355528,75.386013643103,519.78
10,0,10,29.123363130327846,75.386013643103,518.735
11,0,11,20.130189653955455,75.386013643103,518.101
12,0,12,11.140430418394427,75.386013643103,518.05
13,0,13,2.1539688835420443,75.38600681291382,518.689
14,0,14,-6.8293686935387035,75.38600681291382,520.048
15,0,15,-15.80986960767978,75.38600681291382,522.078
16,0,16,-24.787857865979937,75.38600681291382,524.648
17,0,17,-33.7637492562049,75.38600681291382,527.561
18,0,18,-42.738078240657224,75.38600681291382,530.571
19,0,19,-51.711430508058235,75.38600681291382,533.403
20,0,20,-60.68446175656826,75.38600681291382,535.783
21,0,21,-69.65788915605015,75.38599998272466,537.459
22,0,22,-78.63247768769092,75.38599998272466,538.234
23,0,23,-87.60897184211014,75.38595217140046,537.977
24,0,24,-83.41190938959652,-104.61397087528583,536.646
25,0,25,-74.4295139517344,-104.61398453566417,534.287
26,0,26,-65.44321847585623,-104.61398453566417,531.035
27,0,27,-56.45264047136844,-104.61398453566417,527.105
28,0,28,-47.457397447677536,-104.61398453566417,522.769
29,0,29,-38.45735280100011,-104.61399136585334,518.336
30,0,30,-29.4525236068091,-104.61399136585334,514.124
31,0,31,-20.44307378964457,-104.61399136585334,510.428
32,0,32,-11.429332906133979,-104.61399136585334,507.501
33,0,33,-2.411769251122298,-104.61399136585334,505.525
34,0,34,6.609011849875283,-104.61399136585334,504.6
35,0,35,15.632399094928045,-104.61399136585334,504.734
36,0,36,24.65764372454823,-104.61399136585334,505.847
37,0,37,33.684006797645004,-104.61399136585334,507.775
38,0,38,42.710754068882586,-104.61399136585334,510.293
39,0,39,51.73718373632377,-104.61399136585334,513.135
40,1,0,65.27484748262624,-95.61399453050011,517.393
41,1,1,74.29783473472574,-95.61400136068927,519.854
42,1,2,83.31858851496663,-95.61400819087845,521.774
43,1,3,87.66326501582257,84.38607195015875,523.026
44,1,4,78.64800953786353,84.38602413883457,523.564
45,1,5,69.63588911673352,84.38601730864539,523.424
46,1,6,60.62704718640513,84.38601730864539,522.723
47,1,7,51.6216305959455,84.38601047845623,521.638
48,1,8,42.6196905717734,84.38601047845623,520.39
49,1,9,33.6212578497401,84.38601047845623,519.219
50,1,10,24.62634609022394,84.38601047845623,518.355
51,1,11,15.634888698880516,84.38601047845623,517.995
52,1,12,6.646804567213432,84.38601047845623,518.279
53,1,13,-2.3380674545530407,84.38601047845623,519.28
54,1,14,-11.319955964312689,84.38601047845623,520.986
55,1,15,-20.299153166095937,84.38601047845623,523.306
56,1,16,-29.276041763939723,84.38601047845623,526.076
57,1,17,-38.25107425787656,84.38601047845623,529.071
58,1,18,-47.224836336627774,84.38601047845623,532.027
59,1,19,-56.197942717218666,84.38600364826705,534.666
60,1,20,-65.17107641856623,84.38600364826705,536.723
61,1,21,-74.14499559166836,84.38600364826705,537.969
62,1,22,-83.1204378969554,84.38598998788872,538.239
63,1,23,-87.90184352353111,-95.61391939841924,537.445
64,1,24,-78.92116929333986,-95.6139740399326,535.588
65,1,25,-69.93687506288848,-95.61398087012176,532.761
66,1,26,-60.94850320950261,-95.61398770031094,529.139
67,1,27,-51.95560977088619,-95.61398770031094,524.969
68,1,28,-42.95797959608037,-95.61398770031094,520.545
69,1,29,-33.955530722815105,-95.61398770031094,516.183
70,1,30,-24.948358773738775,-95.61398770031094,512.194
71,1,31,-15.936713050756087,-95.61398770031094,508.855
72,1,32,-6.920995254367601,-95.61398770031094,506.385
73,1,33,2.098269758077648,-95.61398770031094,504.928
74,1,34,11.120427355636398,-95.61398770031094,504.538
75,1,35,20.144835287083254,-95.61398770031094,505.177
76,1,36,29.17073049222188,-95.61399453050011,506.722
77,1,37,38.19737531062192,-95.61399453050011,508.977
78,1,38,47.22405086487322,-95.61399453050011,511.691
79,1,39,56.25008096624796,-95.61399453050011,514.589
80,2,0,60.762646931997395,-86.6139908649577,516.019
81,2,1,69.78659724076986,-86.61399769514688,518.68
82,2,2,78.80851898335884,-86.61400452533604,520.891
83,2,3,87.82800917860328,-86.6140591668494,522.489
84,2,4,83.15525820134413,93.38602780437697,523.384
85,2,5,74.1415463461375,93.3860209741878,523.573
86,2,6,65.13105151002996,93.38601414399862,523.134
87,2,7,56.123910296804894,93.38601414399862,522.215
88,2,8,47.120218329110685,93.38601414399862,521.02
89,2,9,38.12003366355528,93.38601414399862,519.78
90,2,10,29.123363130327846,93.38601414399862,518.735
91,2,11,20.130189653955455,93.38601414399862,518.101
92,2,12,11.140430418394427,93.38601414399862,518.05
93,2,13,2.1539688835420443,93.38600731380946,518.689
94,2,14,-6.8293686935387035,93.38600731380946,520.048
95,2,15,-15.80986960767978,93.38600731380946,522.078
96,2,16,-24.787857865979937,93.38600731380946,524.648
97,2,17,-33.7637492562049,93.38600731380946,527.561
98,2,18,-42.738078240657224,93.38600731380946,530.571
99,2,19,-51.711430508058235,93.38600731380946,533.403
100,2,20,-60.68446175656826,93.38600731380946,535.783
101,2,21,-69.65788915605015,93.3860004836203,537.459
102,2,22,-78.63247768769092,93.3860004836203,538.234
103,2,23,-87.60897184211014,93.3859526722961,537.977
104,2,24,-83.41190938959652,-86.61397037439019,536.646
105,2,25,-74.4295139517344,-86.61398403476854,534.287
106,2,26,-65.44321847585623,-86.61398403476854,531.035
107,2,27,-56.45264047136844,-86.61398403476854,527.105
108,2,28,-47.457397447677536,-86.61398403476854,522.769
109,2,29,-38.45735280100011,-86.6139908649577,518.336
110,2,30,-29.4525236068091,-86.6139908649577,514.124
111,2,31,-20.44307378964457,-86.6139908649577,510.428
112,2,32,-11.429332906133979,-86.6139908649577,507.501
113,2,33,-2.411769251122298,-86.6139908649577,505.525
114,2,34,6.609011849875283,-86.6139908649577,504.6
115,2,35,15.632399094928045,-86.6139908649577,504.734
116,2,36,24.65764372454823,-86.6139908649577,505.847
117,2,37,33.684006797645004,-86.6139908649577,507.775
118,2,38,42.710754068882586,-86.6139908649577,510.293
119,2,39,51.73718373632377,-86.6139908649577,513.135
120,3,0,65.27484748262624,-77.61399402960447,517.393
121,3,1,74.29783473472574,-77.61400085979365,519.854
122,3,2,83.31858851496663,-77.61400768998281,521.774
123,3,3,87.66326501582257,102.38607245105439,523.026
124,3,4,78.64800953786353,102.3860246397302,523.564
125,3,5,69.63588911673352,102.38601780954103,523.424
126,3,6,60.62704718640513,102.38601780954103,522.723
127,3,7,51.6216305959455,102.38601097935187,521.638
128,3,8,42.6196905717734,102.38601097935187,520.39
129,3,9,33.6212578497401,102.38601097935187,519.219
130,3,10,24.62634609022394,102.38601097935187,518.355
131,3,11,15.634888698880516,102.38601097935187,517.995
132,3,12,6.646804567213432,102.38601097935187,518.279
133,3,13,-2.3380674545530407,102.38601097935187,519.28
134,3,14,-11.319955964312689,102.38601097935187,520.986
135,3,15,-20.299153166095937,102.38601097935187,523.306
136,3,16,-29.276041763939723,102.38601097935187,526.076
137,3,17,-38.25107425787656,102.38601097935187,529.071
138,3,18,-47.224836336627774,102.38601097935187,532.027
139,3,19,-56.197942717218666,102.38600414916269,534.666
140,3,20,-65.17107641856623,102.38600414916269,536.723
141,3,21,-74.14499559166836,102.38600414916269,537.969
142,3,22,-83.1204378969554,102.38599048878434,538.239
143,3,23,-87.90184352353111,-77.6139188975236,537.445
144,3,24,-78.92116929333986,-77.61397353903696,535.588
145,3,25,-69.93687506288848,-77.61398036922614,532.761
146,3,26,-60.94850320950261,-77.6139871994153,529.139
147,3,27,-51.95560977088619,-77.6139871994153,524.969
148,3,28,-42.95797959608037,-77.6139871994153,520.545
149,3,29,-33.955530722815105,-77.6139871994153,516.183
150,3,30,-24.948358773738775,-77.6139871994153,512.194
151,3,31,-15.936713050756087,-77.6139871994153,508.855
152,3,32,-6.920995254367601,-77.6139871994153,506.385
153,3,33,2.098269758077648,-77.6139871994153,504.928
154,3,34,11.120427355636398,-77.6139871994153,504.538
155,3,35,20.144835287083254,-77.6139871994153,505.177
156,3,36,29.17073049222188,-77.61399402960447,506.722
157,3,37,38.19737531062192,-77.61399402960447,508.977
158,3,38,47.22405086487322,-77.61399402960447,511.691
159,3,39,56.25008096624796,-77.61399402960447,514.589
160,4,0,60.762646931997395,-68.61399036406208,516.019
161,4,1,69.78659724076986,-68.61399719425124,518.68
162,4,2,78.80851898335884,-68.61400402444042,520.891
163,4,3,87.82800917860328,-68.61405866595378,522.489
164,4,4,83.15525820134413,111.3860283052726,523.384
165,4,5,74.1415463461375,111.38602147508342,523.573
166,4,6,65.13105151002996,111.38601464489426,523.134
167,4,7,56.123910296804894,111.38601464489426,522.215
168,4,8,47.120218329110685,111.38601464489426,521.02
169,4,9,38.12003366355528,111.38601464489426,519.78
170,4,10,29.123363130327846,111.38601464489426,518.735
171,4,11,20.130189653955455,111.38601464489426,518.101
172,4,12,11.140430418394427,111.38601464489426,518.05
173,4,13,2.1539688835420443,111.3860078147051,518.689
174,4,14,-6.8293686935387035,111.3860078147051,520.048
175,4,15,-15.80986960767978,111.3860078147051,522.078
176,4,16,-24.787857865979937,111.3860078147051,524.648
177,4,17,-33.7637492562049,111.3860078147051,527.561
178,4,18,-42.738078240657224,111.3860078147051,530.571
179,4,19,-51.711430508058235,111.3860078147051,533.403
180,4,20,-60.68446175656826,111.3860078147051,535.783
181,4,21,-69.65788915605015,111.38600098451592,537.459
182,4,22,-78.63247768769092,111.38600098451592,538.234
183,4,23,-87.60897184211014,111.38595317319174,537.977
184,4,24,-83.41190938959652,-68.61396987349457,536.646
185,4,25,-74.4295139517344,-68.6139835338729,534.287
186,4,26,-65.44321847585623,-68.6139835338729,531.035
187,4,27,-56.45264047136844,-68.6139835338729,527.105
188,4,28,-47.457397447677536,-68.6139835338729,522.769
189,4,29,-38.45735280100011,-68.61399036406208,518.336
190,4,30,-29.4525236068091,-68.61399036406208,514.124
191,4,31,-20.44307378964457,-68.61399036406208,510.428
192,4,32,-11.429332906133979,-68.61399036406208,507.501
193,4,33,-2.411769251122298,-68.61399036406208,505.525
194,4,34,6.609011849875283,-68.61399036406208,504.6
195,4,35,15.632399094928045,-68.61399036406208,504.734
196,4,36,24.65764372454823,-68.61399036406208,505.847
197,4,37,33.684006797645004,-68.61399036406208,507.775
198,4,38,42.710754068882586,-68.61399036406208,510.293
199,4,39,51.73718373632377,-68.61399036406208,513.135
200,5,0,65.27484748262624,-59.61399352870884,517.393
201,5,1,74.29783473472574,-59.61400035889801,519.854
202,5,2,83.31858851496663,-59.61400718908718,521.774
203,5,3,87.66326501582257,120.38607295195003,523.026
204,5,4,78.64800953786353,120.38601831043667,523.564
205,5,5,69.63588911673352,120.38601831043667,523.424
206,5,6,60.62704718640513,120.38601831043667,522.723
207,5,7,51.6216305959455,120.38601831043667,521.638
208,5,8,42.6196905717734,120.38601831043667,520.39
209,5,9,33.6212578497401,120.38601831043667,519.219
210,5,10,24.62634609022394,120.38601831043667,518.355
211,5,11,15.634888698880516,120.38601831043667,517.995
212,5,12,6.646804567213432,120.38600465005833,518.279
213,5,13,-2.3380674545530407,120.38600465005833,519.28
214,5,14,-11.319955964312689,120.38600465005833,520.986
215,5,15,-20.299153166095937,120.38600465005833,523.306
216,5,16,-29.276041763939723,120.38600465005833,526.076
217,5,17,-38.25107425787656,120.38600465005833,529.071
218,5,18,-47.224836336627774,120.38600465005833,532.027
219,5,19,-56.197942717218666,120.38600465005833,534.666
220,5,20,-65.17107641856623,120.38600465005833,536.723
221,5,21,-74.14499559166836,120.38600465005833,537.969
222,5,22,-83.1204378969554,120.38599098967998,538.239
223,5,23,-87.90184352353111,-59.61391839662797,537.445
224,5,24,-78.92116929333986,-59.61397303814133,535.588
225,5,25,-69.93687506288848,-59.6139798683305,532.761
226,5,26,-60.94850320950261,-59.61398669851967,529.139
227,5,27,-51.95560977088619,-59.61398669851967,524.969
228,5,28,-42.95797959608037,-59.61398669851967,520.545
229,5,29,-33.955530722815105,-59.61398669851967,516.183
230,5,30,-24.948358773738775,-59.61398669851967,512.194
231,5,31,-15.936713050756087,-59.61398669851967,508.855
232,5,32,-6.920995254367601,-59.61398669851967,506.385
233,5,33,2.098269758077648,-59.61398669851967,504.928
234,5,34,11.120427355636398,-59.61398669851967,504.538
235,5,35,20.144835287083254,-59.61398669851967,505.177
236,5,36,29.17073049222188,-59.61399352870884,506.722
237,5,37,38.19737531062192,-59.61399352870884,508.977
238,5,38,47.22405086487322,-59.61399352870884,511.691
239,5,39,56.25008096624796,-59.61399352870884,514.589
240,6,0,60.762646931997395,-50.61399327826103,516.019
241,6,1,69.78659724076986,-50.61399669335561,518.68
242,6,2,78.80851898335884,-50.61400010845019,520.891
243,6,3,87.82800917860328,-50.61405474996356,522.489
244,6,4,83.15525820134413,129.3860356363574,523.384
245,6,5,74.1415463461375,129.38602197597908,523.573
246,6,6,65.13105151002996,129.38602197597908,523.134
247,6,7,56.123910296804894,129.38600831560072,522.215
248,6,8,47.120218329110685,129.38600831560072,521.02
249,6,9,38.12003366355528,129.38600831560072,519.78
250,6,10,29.123363130327846,129.38600831560072,518.735
251,6,11,20.130189653955455,129.38600831560072,518.101
252,6,12,11.140430418394427,129.38600831560072,518.05
253,6,13,2.1539688835420443,129.38600831560072,518.689
254,6,14,-6.8293686935387035,129.38600831560072,520.048
255,6,15,-15.80986960767978,129.38600831560072,522.078
256,6,16,-24.787857865979937,129.38600831560072,524.648
257,6,17,-33.7637492562049,129.38600831560072,527.561
258,6,18,-42.738078240657224,129.38600831560072,530.571
259,6,19,-51.711430508058235,129.38600831560072,533.403
260,6,20,-60.68446175656826,129.38600831560072,535.783
261,6,21,-69.65788915605015,129.38600831560072,537.459
262,6,22,-78.63247768769092,129.3859946552224,538.234
263,6,23,-87.60897184211014,129.38595367408738,537.977
264,6,24,-83.41190938959652,-50.61396595750434,536.646
265,6,25,-74.4295139517344,-50.613979617882684,534.287
266,6,26,-65.44321847585623,-50.613983032977266,531.035
267,6,27,-56.45264047136844,-50.613986448071856,527.105
268,6,28,-47.457397447677536,-50.613986448071856,522.769
269,6,29,-38.45735280100011,-50.613986448071856,518.336
270,6,30,-29.4525236068091,-50.613986448071856,514.124
271,6,31,-20.44307378964457,-50.613986448071856,510.428
272,6,32,-11.429332906133979,-50.61398986316644,507.501
273,6,33,-2.411769251122298,-50.61398986316644,505.525
274,6,34,6.609011849875283,-50.61398986316644,504.6
275,6,35,15.632399094928045,-50.61398986316644,504.734
276,6,36,24.65764372454823,-50.61398986316644,505.847
277,6,37,33.684006797645004,-50.61398986316644,507.775
278,6,38,42.710754068882586,-50.61398986316644,510.293
279,6,39,51.73718373632377,-50.61399327826103,513.135
280,7,0,65.27484748262624,-41.61399644290779,517.393
281,7,1,74.29783473472574,-41.61399985800238,519.854
282,7,2,83.31858851496663,-41.614013518380716,521.774
283,7,3,87.66326501582257,138.3860666226565,523.026
284,7,4,78.64800953786353,138.38602564152146,523.564
285,7,5,69.63588911673352,138.38601198114313,523.424
286,7,6,60.62704718640513,138.38601198114313,522.723
287,7,7,51.6216305959455,138.38601198114313,521.638
288,7,8,42.6196905717734,138.38601198114313,520.39
289,7,9,33.6212578497401,138.38601198114313,519.219
290,7,10,24.62634609022394,138.38601198114313,518.355
291,7,11,15.634888698880516,138.38601198114313,517.995
292,7,12,6.646804567213432,138.38601198114313,518.279
293,7,13,-2.3380674545530407,138.38601198114313,519.28
294,7,14,-11.319955964312689,138.38601198114313,520.986
295,7,15,-20.299153166095937,138.38601198114313,523.306
296,7,16,-29.276041763939723,138.38601198114313,526.076
297,7,17,-38.25107425787656,138.38601198114313,529.071
298,7,18,-47.224836336627774,138.38601198114313,532.027
299,7,19,-56.197942717218666,138.3859983207648,534.666
300,7,20,-65.17107641856623,138.3859983207648,536.723
301,7,21,-74.14499559166836,138.3859983207648,537.969
302,7,22,-83.1204378969554,138.38598466038644,538.239
303,7,23,-87.90184352353111,-41.61392472592151,537.445
304,7,24,-78.92116929333986,-41.613979367434865,535.588
305,7,25,-69.93687506288848,-41.61398619762404,532.761
306,7,26,-60.94850320950261,-41.61398619762404,529.139
307,7,27,-51.95560977088619,-41.61398961271862,524.969
308,7,28,-42.95797959608037,-41.61398961271862,520.545
309,7,29,-33.955530722815105,-41.61398961271862,516.183
310,7,30,-24.948358773738775,-41.61398961271862,512.194
311,7,31,-15.936713050756087,-41.61398961271862,508.855
312,7,32,-6.920995254367601,-41.61399302781321,506.385
313,7,33,2.098269758077648,-41.61399302781321,504.928
314,7,34,11.120427355636398,-41.61399302781321,504.538
315,7,35,20.144835287083254,-41.61399302781321,505.177
316,7,36,29.17073049222188,-41.61399302781321,506.722
317,7,37,38.19737531062192,-41.61399302781321,508.977
318,7,38,47.22405086487322,-41.61399302781321,511.691
319,7,39,56.25008096624796,-41.61399644290779,514.589
320,8,0,60.762646931997395,-32.61399277736539,516.019
321,8,1,69.78659724076986,-32.61399619245998,518.68
322,8,2,78.80851898335884,-32.61399960755456,520.891
323,8,3,87.82800917860328,-32.61405424906792,522.489
324,8,4,83.15525820134413,147.38602930706386,523.384
325,8,5,74.1415463461375,147.38601564668554,523.573
326,8,6,65.13105151002996,147.38601564668554,523.134
327,8,7,56.123910296804894,147.38601564668554,522.215
328,8,8,47.120218329110685,147.38601564668554,521.02
329,8,9,38.12003366355528,147.38601564668554,519.78
330,8,10,29.123363130327846,147.38601564668554,518.735
331,8,11,20.130189653955455,147.38601564668554,518.101
332,8,12,11.140430418394427,147.38601564668554,518.05
333,8,13,2.1539688835420443,147.38601564668554,518.689
334,8,14,-6.8293686935387035,147.38601564668554,520.048
335,8,15,-15.80986960767978,147.38601564668554,522.078
336,8,16,-24.787857865979937,147.38601564668554,524.648
337,8,17,-33.7637492562049,147.38601564668554,527.561
338,8,18,-42.738078240657224,147.38601564668554,530.571
339,8,19,-51.711430508058235,147.38600198630718,533.403
340,8,20,-60.68446175656826,147.38600198630718,535.783
341,8,21,-69.65788915605015,147.38600198630718,537.459
342,8,22,-78.63247768769092,147.38600198630718,538.234
343,8,23,-87.60897184211014,147.38594734479383,537.977
344,8,24,-83.41190938959652,-32.61396545660871,536.646
345,8,25,-74.4295139517344,-32.61397911698705,534.287
346,8,26,-65.44321847585623,-32.613982532081636,531.035
347,8,27,-56.45264047136844,-32.61398594717622,527.105
348,8,28,-47.457397447677536,-32.61398594717622,522.769
349,8,29,-38.45735280100011,-32.61398594717622,518.336
350,8,30,-29.4525236068091,-32.61398594717622,514.124
351,8,31,-20.44307378964457,-32.61398594717622,510.428
352,8,32,-11.429332906133979,-32.61398936227081,507.501
353,8,33,-2.411769251122298,-32.61398936227081,505.525
354,8,34,6.609011849875283,-32.61398936227081,504.6
355,8,35,15.632399094928045,-32.61398936227081,504.734
356,8,36,24.65764372454823,-32.61398936227081,505.847
357,8,37,33.684006797645004,-32.61398936227081,507.775
358,8,38,42.710754068882586,-32.61398936227081,510.293
359,8,39,51.73718373632377,-32.61399277736539,513.135
360,9,0,65.27484748262624,-23.61399594201216,517.393
361,9,1,74.29783473472574,-23.614001064654037,519.854
362,9,2,83.31858851496663,-23.614013017485085,521.774
363,9,3,87.66326501582257,156.3860739537413,523.026
364,9,4,78.64800953786353,156.38601931222794,523.564
365,9,5,69.63588911673352,156.38601931222794,523.424
366,9,6,60.62704718640513,156.38601931222794,522.723
367,9,7,51.6216305959455,156.3860056518496,521.638
368,9,8,42.6196905717734,156.3860056518496,520.39
369,9,9,33.6212578497401,156.3860056518496,519.219
370,9,10,24.62634609022394,156.3860056518496,518.355
371,9,11,15.634888698880516,156.3860056518496,517.995
372,9,12,6.646804567213432,156.3860056518496,518.279
373,9,13,-2.3380674545530407,156.3860056518496,519.28
374,9,14,-11.319955964312689,156.3860056518496,520.986
375,9,15,-20.299153166095937,156.3860056518496,523.306
376,9,16,-29.276041763939723,156.3860056518496,526.076
377,9,17,-38.25107425787656,156.3860056518496,529.071
378,9,18,-47.224836336627774,156.3860056518496,532.027
379,9,19,-56.197942717218666,156.3860056518496,534.666
380,9,20,-65.17107641856623,156.3860056518496,536.723
381,9,21,-74.14499559166836,156.3860056518496,537.969
382,9,22,-83.1204378969554,156.38599199147126,538.239
383,9,23,-87.90184352353111,-23.61392251747858,537.445
384,9,24,-78.92116929333986,-23.613978866539235,535.588
385,9,25,-69.93687506288848,-23.61398398918111,532.761
386,9,26,-60.94850320950261,-23.613987404275697,529.139
387,9,27,-51.95560977088619,-23.613987404275697,524.969
388,9,28,-42.95797959608037,-23.61398911182299,520.545
389,9,29,-33.955530722815105,-23.61398911182299,516.183
390,9,30,-24.948358773738775,-23.613990819370283,512.194
391,9,31,-15.936713050756087,-23.613990819370283,508.855
392,9,32,-6.920995254367601,-23.613990819370283,506.385
393,9,33,2.098269758077648,-23.613990819370283,504.928
394,9,34,11.120427355636398,-23.613992526917574,504.538
395,9,35,20.144835287083254,-23.613992526917574,505.177
396,9,36,29.17073049222188,-23.613992526917574,506.722
397,9,37,38.19737531062192,-23.613992526917574,508.977
398,9,38,47.22405086487322,-23.613994234464865,511.691
399,9,39,56.25008096624796,-23.61399594201216,514.589
400,10,0,60.762646931997395,-14.613992276469757,516.019
401,10,1,69.78659724076986,-14.61399398401705,518.68
402,10,2,78.80851898335884,-14.61400081420622,520.891
403,10,3,87.82800917860328,-14.614053748172287,522.489
404,10,4,83.15525820134413,165.38603663814868,523.384
405,10,5,74.1415463461375,165.38602297777032,523.573
406,10,6,65.13105151002996,165.38602297777032,523.134
407,10,7,56.123910296804894,165.386009317392,522.215
408,10,8,47.120218329110685,165.386009317392,521.02
409,10,9,38.12003366355528,165.386009317392,519.78
410,10,10,29.123363130327846,165.386009317392,518.735
411,10,11,20.130189653955455,165.386009317392,518.101
412,10,12,11.140430418394427,165.386009317392,518.05
413,10,13,2.1539688835420443,165.386009317392,518.689
414,10,14,-6.8293686935387035,165.386009317392,520.048
415,10,15,-15.80986960767978,165.386009317392,522.078
416,10,16,-24.787857865979937,165.386009317392,524.648
417,10,17,-33.7637492562049,165.386009317392,527.561
418,10,18,-42.738078240657224,165.386009317392,530.571
419,10,19,-51.711430508058235,165.386009317392,533.403
420,10,20,-60.68446175656826,165.386009317392,535.783
421,10,21,-69.65788915605015,165.386009317392,537.459
422,10,22,-78.63247768769092,165.38599565701364,538.234
423,10,23,-87.60897184211014,165.38595467587862,537.977
424,10,24,-83.41190938959652,-14.613966663260369,536.646
425,10,25,-74.4295139517344,-14.613978616091417,534.287
426,10,26,-65.44321847585623,-14.613982031186001,531.035
427,10,27,-56.45264047136844,-14.613983738733294,527.105
428,10,28,-47.457397447677536,-14.613985446280587,522.769
429,10,29,-38.45735280100011,-14.613985446280587,518.336
430,10,30,-29.4525236068091,-14.613985446280587,514.124
431,10,31,-20.44307378964457,-14.61398715382788,510.428
432,10,32,-11.429332906133979,-14.61398715382788,507.501
433,10,33,-2.411769251122298,-14.61398715382788,505.525
434,10,34,6.609011849875283,-14.61398715382788,504.6
435,10,35,15.632399094928045,-14.613988861375173,504.734
436,10,36,24.65764372454823,-14.613988861375173,505.847
437,10,37,33.684006797645004,-14.613988861375173,507.775
438,10,38,42.710754068882586,-14.613990568922464,510.293
439,10,39,51.73718373632377,-14.613990568922464,513.135
440,11,0,65.27484748262624,-5.613996294890172,517.393
441,11,1,74.29783473472574,-5.613999709984757,519.854
442,11,2,83.31858851496663,-5.614012089702627,521.774
443,11,3,87.66326501582257,174.38606762444775,523.026
444,11,4,78.64800953786353,174.38602664331273,523.564
445,11,5,69.63588911673352,174.3860129829344,523.424
446,11,6,60.62704718640513,174.3860129829344,522.723
447,11,7,51.6216305959455,174.3860129829344,521.638
448,11,8,42.6196905717734,174.3860129829344,520.39
449,11,9,33.6212578497401,174.3860129829344,519.219
450,11,10,24.62634609022394,174.3860129829344,518.355
451,11,11,15.634888698880516,174.3860129829344,517.995
452,11,12,6.646804567213432,174.3860129829344,518.279
453,11,13,-2.3380674545530407,174.3860129829344,519.28
454,11,14,-11.319955964312689,174.3860129829344,520.986
455,11,15,-20.299153166095937,174.3860129829344,523.306
456,11,16,-29.276041763939723,174.3860129829344,526.076
457,11,17,-38.25107425787656,174.3860129829344,529.071
458,11,18,-47.224836336627774,174.3860129829344,532.027
459,11,19,-56.197942717218666,174.38599932255605,534.666
460,11,20,-65.17107641856623,174.38599932255605,536.723
461,11,21,-74.14499559166836,174.38599932255605,537.969
462,11,22,-83.1204378969554,174.38598566217772,538.239
463,11,23,-87.90184352353111,-5.613922443469771,537.445
464,11,24,-78.92116929333986,-5.613977938756777,535.588
465,11,25,-69.93687506288848,-5.613983915172301,532.761
466,11,26,-60.94850320950261,-5.61398647649324,529.139
467,11,27,-51.95560977088619,-5.613987757153709,524.969
468,11,28,-42.95797959608037,-5.613988610927356,520.545
469,11,29,-33.955530722815105,-5.613989037814179,516.183
470,11,30,-24.948358773738775,-5.613989464701001,512.194
471,11,31,-15.936713050756087,-5.613990318474648,508.855
472,11,32,-6.920995254367601,-5.6139907453614715,506.385
473,11,33,2.098269758077648,-5.6139907453614715,504.928
474,11,34,11.120427355636398,-5.613991172248294,504.538
475,11,35,20.144835287083254,-5.613991599135117,505.177
476,11,36,29.17073049222188,-5.613992026021941,506.722
477,11,37,38.19737531062192,-5.613992879795587,508.977
478,11,38,47.22405086487322,-5.613993733569233,511.691
479,11,39,56.25008096624796,-5.613994587342879,514.589
480,12,0,60.762646931997395,3.386008437869288,516.019
481,12,1,69.78659724076986,3.3860060899917603,518.68
482,12,2,78.80851898335884,3.386000113576237,520.891
483,12,3,87.82800917860328,3.385946752723346,522.489
484,12,4,83.15525820134413,-176.6139660486792,523.384
485,12,5,74.1415463461375,-176.61397970905753,523.573
486,12,6,65.13105151002996,-176.61397970905753,523.134
487,12,7,56.123910296804894,-176.61397970905753,522.215
488,12,8,47.120218329110685,-176.61397970905753,521.02
489,12,9,38.12003366355528,-176.61397970905753,519.78
490,12,10,29.123363130327846,-176.61397970905753,518.735
491,12,11,20.130189653955455,-176.61397970905753,518.101
492,12,12,11.140430418394427,-176.61399336943586,518.05
493,12,13,2.1539688835420443,-176.61399336943586,518.689
494,12,14,-6.8293686935387035,-176.61399336943586,520.048
495,12,15,-15.80986960767978,-176.61399336943586,522.078
496,12,16,-24.787857865979937,-176.61399336943586,524.648
497,12,17,-33.7637492562049,-176.61399336943586,527.561
498,12,18,-42.738078240657224,-176.61399336943586,530.571
499,12,19,-51.711430508058235,-176.61399336943586,533.403
500,12,20,-60.68446175656826,-176.61399336943586,535.783
501,12,21,-69.65788915605015,-176.61399336943586,537.459
502,12,22,-78.63247768769092,-176.61399336943586,538.234
503,12,23,-87.60897184211014,-176.61404801094923,537.977
504,12,24,-83.41190938959652,3.3860344779654983,536.646
505,12,25,-74.4295139517344,3.386021884804216,534.287
506,12,26,-65.44321847585623,3.3860182562662198,531.035
507,12,27,-56.45264047136844,3.3860165487189273,527.105
508,12,28,-47.457397447677536,3.3860154815018695,522.769
509,12,29,-38.45735280100011,3.3860148411716344,518.336
510,12,30,-29.4525236068091,3.3860142008414,514.124
511,12,31,-20.44307378964457,3.386013773954577,510.428
512,12,32,-11.429332906133979,3.386013347067754,507.501
513,12,33,-2.411769251122298,3.3860129201809306,505.525
514,12,34,6.609011849875283,3.3860124932941074,504.6
515,12,35,15.632399094928045,3.386012066407284,504.734
516,12,36,24.65764372454823,3.3860116395204614,505.847
517,12,37,33.684006797645004,3.386011212633638,507.775
518,12,38,42.710754068882586,3.3860105723034035,510.293
519,12,39,51.73718373632377,3.386009718529757,513.135
520,13,0,65.27484748262624,12.386011036194631,517.393
521,13,1,74.29783473472574,12.386007621100047,519.854
522,13,2,83.31858851496663,12.385994814495353,521.774
523,13,3,87.66326501582257,-167.61392140200178,523.026
524,13,4,78.64800953786353,-167.61397604351512,523.564
525,13,5,69.63588911673352,-167.61397604351512,523.424
526,13,6,60.62704718640513,-167.61397604351512,522.723
527,13,7,51.6216305959455,-167.61397604351512,521.638
528,13,8,42.6196905717734,-167.61397604351512,520.39
529,13,9,33.6212578497401,-167.61397604351512,519.219
530,13,10,24.62634609022394,-167.61397604351512,518.355
531,13,11,15.634888698880516,-167.61397604351512,517.995
532,13,12,6.646804567213432,-167.61398970389348,518.279
533,13,13,-2.3380674545530407,-167.61398970389348,519.28
534,13,14,-11.319955964312689,-167.61398970389348,520.986
535,13,15,-20.299153166095937,-167.61398970389348,523.306
536,13,16,-29.276041763939723,-167.61398970389348,526.076
537,13,17,-38.25107425787656,-167.61398970389348,529.071
538,13,18,-47.224836336627774,-167.61398970389348,532.027
539,13,19,-56.197942717218666,-167.61398970389348,534.666
540,13,20,-65.17107641856623,-167.61398970389348,536.723
541,13,21,-74.14499559166836,-167.61398970389348,537.969
542,13,22,-83.1204378969554,-167.6140033642718,538.239
543,13,23,-87.90184352353111,12.386085314501855,537.445
544,13,24,-78.92116929333986,12.386028965441202,535.588
545,13,25,-69.93687506288848,12.38602298902568,532.761
546,13,26,-60.94850320950261,12.386021281478387,529.139
547,13,27,-51.95560977088619,12.386019573931094,524.969
548,13,28,-42.95797959608037,12.386018720157448,520.545
549,13,29,-33.955530722815105,12.386017866383801,516.183
550,13,30,-24.948358773738775,12.386017866383801,512.194
551,13,31,-15.936713050756087,12.386017012610155,508.855
552,13,32,-6.920995254367601,12.386017012610155,506.385
553,13,33,2.098269758077648,12.38601615883651,504.928
554,13,34,11.120427355636398,12.38601615883651,504.538
555,13,35,20.144835287083254,12.386015305062863,505.177
556,13,36,29.17073049222188,12.386015305062863,506.722
557,13,37,38.19737531062192,12.386014451289217,508.977
558,13,38,47.22405086487322,12.38601359751557,511.691
559,13,39,56.25008096624796,12.386012743741924,514.589
560,14,0,60.762646931997395,21.38600189513234,516.019
561,14,1,69.78659724076986,21.386000187585047,518.68
562,14,2,78.80851898335884,21.385993357395876,520.891
563,14,3,87.82800917860328,21.38594042342981,522.489
564,14,4,83.15525820134413,-158.61397237797274,523.384
565,14,5,74.1415463461375,-158.61398603835107,523.573
566,14,6,65.13105151002996,-158.61398603835107,523.134
567,14,7,56.123910296804894,-158.61398603835107,522.215
568,14,8,47.120218329110685,-158.61398603835107,521.02
569,14,9,38.12003366355528,-158.61398603835107,519.78
570,14,10,29.123363130327846,-158.61398603835107,518.735
571,14,11,20.130189653955455,-158.61398603835107,518.101
572,14,12,11.140430418394427,-158.6139996987294,518.05
573,14,13,2.1539688835420443,-158.6139996987294,518.689
574,14,14,-6.8293686935387035,-158.6139996987294,520.048
575,14,15,-15.80986960767978,-158.6139996987294,522.078
576,14,16,-24.787857865979937,-158.6139996987294,524.648
577,14,17,-33.7637492562049,-158.6139996987294,527.561
578,14,18,-42.738078240657224,-158.6139996987294,530.571
579,14,19,-51.711430508058235,-158.6139996987294,533.403
580,14,20,-60.68446175656826,-158.6139996987294,535.783
581,14,21,-69.65788915605015,-158.6139996987294,537.459
582,14,22,-78.63247768769092,-158.6139996987294,538.234
583,14,23,-87.60897184211014,-158.61405434024277,537.977
584,14,24,-83.41190938959652,21.386027508341726,536.646
585,14,25,-74.4295139517344,21.386015555510678,534.287
586,14,26,-65.44321847585623,21.386012140416096,531.035
587,14,27,-56.45264047136844,21.3860104328688,527.105
588,14,28,-47.457397447677536,21.38600872532151,522.769
589,14,29,-38.45735280100011,21.38600872532151,518.336
590,14,30,-29.4525236068091,21.38600872532151,514.124
591,14,31,-20.44307378964457,21.38600701777422,510.428
592,14,32,-11.429332906133979,21.38600701777422,507.501
593,14,33,-2.411769251122298,21.38600701777422,505.525
594,14,34,6.609011849875283,21.38600701777422,504.6
595,14,35,15.632399094928045,21.386005310226924,504.734
596,14,36,24.65764372454823,21.386005310226924,505.847
597,14,37,33.684006797645004,21.386005310226924,507.775
598,14,38,42.710754068882586,21.386003602679633,510.293
599,14,39,51.73718373632377,21.386003602679633,513.135
600,15,0,65.27484748262624,30.386005560674743,517.393
601,15,1,74.29783473472574,30.386002145580157,519.854
602,15,2,83.31858851496663,30.385988485201818,521.774
603,15,3,87.66326501582257,-149.61392773129532,523.026
604,15,4,78.64800953786353,-149.61398237280866,523.564
605,15,5,69.63588911673352,-149.61398237280866,523.424
606,15,6,60.62704718640513,-149.61398237280866,522.723
607,15,7,51.6216305959455,-149.61398237280866,521.638
608,15,8,42.6196905717734,-149.61398237280866,520.39
609,15,9,33.6212578497401,-149.61398237280866,519.219
610,15,10,24.62634609022394,-149.61398237280866,518.355
611,15,11,15.634888698880516,-149.61398237280866,517.995
612,15,12,6.646804567213432,-149.61399603318702,518.279
613,15,13,-2.3380674545530407,-149.61399603318702,519.28
614,15,14,-11.319955964312689,-149.61399603318702,520.986
615,15,15,-20.299153166095937,-149.61399603318702,523.306
616,15,16,-29.276041763939723,-149.61399603318702,526.076
617,15,17,-38.25107425787656,-149.61399603318702,529.071
618,15,18,-47.224836336627774,-149.61399603318702,532.027
619,15,19,-56.197942717218666,-149.61399603318702,534.666
620,15,20,-65.17107641856623,-149.61399603318702,536.723
621,15,21,-74.14499559166836,-149.61399603318702,537.969
622,15,22,-83.1204378969554,-149.61400969356535,538.239
623,15,23,-87.90184352353111,30.386077277661027,537.445
624,15,24,-78.92116929333986,30.386022636147665,535.588
625,15,25,-69.93687506288848,30.386015805958497,532.761
626,15,26,-60.94850320950261,30.386015805958497,529.139
627,15,27,-51.95560977088619,30.38601239086391,524.969
628,15,28,-42.95797959608037,30.38601239086391,520.545
629,15,29,-33.955530722815105,30.38601239086391,516.183
630,15,30,-24.948358773738775,30.38601239086391,512.194
631,15,31,-15.936713050756087,30.38601239086391,508.855
632,15,32,-6.920995254367601,30.386008975769325,506.385
633,15,33,2.098269758077648,30.386008975769325,504.928
634,15,34,11.120427355636398,30.386008975769325,504.538
635,15,35,20.144835287083254,30.386008975769325,505.177
636,15,36,29.17073049222188,30.386008975769325,506.722
637,15,37,38.19737531062192,30.386008975769325,508.977
638,15,38,47.22405086487322,30.386008975769325,511.691
639,15,39,56.25008096624796,30.386005560674743,514.589
640,16,0,60.762646931997395,39.38600922621714,516.019
641,16,1,69.78659724076986,39.38600581112256,518.68
642,16,2,78.80851898335884,39.386002396027976,520.891
643,16,3,87.82800917860328,39.38594775451461,522.489
644,16,4,83.15525820134413,-140.61396504688793,523.384
645,16,5,74.1415463461375,-140.61397870726626,523.573
646,16,6,65.13105151002996,-140.61397870726626,523.134
647,16,7,56.123910296804894,-140.61397870726626,522.215
648,16,8,47.120218329110685,-140.61397870726626,521.02
649,16,9,38.12003366355528,-140.61397870726626,519.78
650,16,10,29.123363130327846,-140.61397870726626,518.735
651,16,11,20.130189653955455,-140.61397870726626,518.101
652,16,12,11.140430418394427,-140.6139923676446,518.05
653,16,13,2.1539688835420443,-140.6139923676446,518.689
654,16,14,-6.8293686935387035,-140.6139923676446,520.048
655,16,15,-15.80986960767978,-140.6139923676446,522.078
656,16,16,-24.787857865979937,-140.6139923676446,524.648
657,16,17,-33.7637492562049,-140.6139923676446,527.561
658,16,18,-42.738078240657224,-140.6139923676446,530.571
659,16,19,-51.711430508058235,-140.6139923676446,533.403
660,16,20,-60.68446175656826,-140.6139923676446,535.783
661,16,21,-69.65788915605015,-140.6139923676446,537.459
662,16,22,-78.63247768769092,-140.6139923676446,538.234
663,16,23,-87.60897184211014,-140.61404700915796,537.977
664,16,24,-83.41190938959652,39.38603654697382,536.646
665,16,25,-74.4295139517344,39.386022886595484,534.287
666,16,26,-65.44321847585623,39.386019471500894,531.035
667,16,27,-56.45264047136844,39.38601605640631,527.105
668,16,28,-47.457397447677536,39.38601605640631,522.769
669,16,29,-38.45735280100011,39.38601605640631,518.336
670,16,30,-29.4525236068091,39.38601605640631,514.124
671,16,31,-20.44307378964457,39.38601605640631,510.428
672,16,32,-11.429332906133979,39.38601264131173,507.501
673,16,33,-2.411769251122298,39.38601264131173,505.525
674,16,34,6.609011849875283,39.38601264131173,504.6
675,16,35,15.632399094928045,39.38601264131173,504.734
676,16,36,24.65764372454823,39.38601264131173,505.847
677,16,37,33.684006797645004,39.38601264131173,507.775
678,16,38,42.710754068882586,39.38601264131173,510.293
679,16,39,51.73718373632377,39.38600922621714,513.135
680,17,0,65.27484748262624,48.385999231381206,517.393
681,17,1,74.29783473472574,48.385995816286616,519.854
682,17,2,83.31858851496663,48.38598215590828,521.774
683,17,3,87.66326501582257,-131.61393406058883,523.026
684,17,4,78.64800953786353,-131.6139887021022,523.564
685,17,5,69.63588911673352,-131.6139887021022,523.424
686,17,6,60.62704718640513,-131.6139887021022,522.723
687,17,7,51.6216305959455,-131.6139887021022,521.638
688,17,8,42.6196905717734,-131.6139887021022,520.39
689,17,9,33.6212578497401,-131.6139887021022,519.219
690,17,10,24.62634609022394,-131.6139887021022,518.355
691,17,11,15.634888698880516,-131.6139887021022,517.995
692,17,12,6.646804567213432,-131.61400236248053,518.279
693,17,13,-2.3380674545530407,-131.61400236248053,519.28
694,17,14,-11.319955964312689,-131.61400236248053,520.986
695,17,15,-20.299153166095937,-131.61400236248053,523.306
696,17,16,-29.276041763939723,-131.61400236248053,526.076
697,17,17,-38.25107425787656,-131.61400236248053,529.071
698,17,18,-47.224836336627774,-131.61400236248053,532.027
699,17,19,-56.197942717218666,-131.61400236248053,534.666
700,17,20,-65.17107641856623,-131.61400236248053,536.723
701,17,21,-74.14499559166836,-131.61400236248053,537.969
702,17,22,-83.1204378969554,-131.6140160228589,538.239
703,17,23,-87.90184352353111,48.38607094836749,537.445
704,17,24,-78.92116929333986,48.38601630685413,535.588
705,17,25,-69.93687506288848,48.38600947666496,532.761
706,17,26,-60.94850320950261,48.38600947666496,529.139
707,17,27,-51.95560977088619,48.38600606157038,524.969
708,17,28,-42.95797959608037,48.38600606157038,520.545
709,17,29,-33.955530722815105,48.38600606157038,516.183
710,17,30,-24.948358773738775,48.38600606157038,512.194
711,17,31,-15.936713050756087,48.38600606157038,508.855
712,17,32,-6.920995254367601,48.38600264647579,506.385
713,17,33,2.098269758077648,48.38600264647579,504.928
714,17,34,11.120427355636398,48.38600264647579,504.538
715,17,35,20.144835287083254,48.38600264647579,505.177
716,17,36,29.17073049222188,48.38600264647579,506.722
717,17,37,38.19737531062192,48.38600264647579,508.977
718,17,38,47.22405086487322,48.38600264647579,511.691
719,17,39,56.25008096624796,48.385999231381206,514.589
720,18,0,60.762646931997395,57.38600631201819,516.019
721,18,1,69.78659724076986,57.385999481829025,518.68
722,18,2,78.80851898335884,57.38599265163985,520.891
723,18,3,87.82800917860328,57.385938010126495,522.489
724,18,4,83.15525820134413,-122.61397137618147,523.384
725,18,5,74.1415463461375,-122.6139850365598,523.573
726,18,6,65.13105151002996,-122.6139850365598,523.134
727,18,7,56.123910296804894,-122.6139850365598,522.215
728,18,8,47.120218329110685,-122.6139850365598,521.02
729,18,9,38.12003366355528,-122.6139850365598,519.78
730,18,10,29.123363130327846,-122.6139850365598,518.735
731,18,11,20.130189653955455,-122.6139850365598,518.101
732,18,12,11.140430418394427,-122.61399869693814,518.05
733,18,13,2.1539688835420443,-122.61399869693814,518.689
734,18,14,-6.8293686935387035,-122.61399869693814,520.048
735,18,15,-15.80986960767978,-122.61399869693814,522.078
736,18,16,-24.787857865979937,-122.61399869693814,524.648
737,18,17,-33.7637492562049,-122.61399869693814,527.561
738,18,18,-42.738078240657224,-122.61399869693814,530.571
739,18,19,-51.711430508058235,-122.61399869693814,533.403
740,18,20,-60.68446175656826,-122.61399869693814,535.783
741,18,21,-69.65788915605015,-122.61399869693814,537.459
742,18,22,-78.63247768769092,-122.61399869693814,538.234
743,18,23,-87.60897184211014,-122.6140533384515,537.977
744,18,24,-83.41190938959652,57.386026802585704,536.646
745,18,25,-74.4295139517344,57.38601314220736,534.287
746,18,26,-65.44321847585623,57.38601314220736,531.035
747,18,27,-56.45264047136844,57.38601314220736,527.105
748,18,28,-47.457397447677536,57.38601314220736,522.769
749,18,29,-38.45735280100011,57.38600631201819,518.336
750,18,30,-29.4525236068091,57.38600631201819,514.124
751,18,31,-20.44307378964457,57.38600631201819,510.428
752,18,32,-11.429332906133979,57.38600631201819,507.501
753,18,33,-2.411769251122298,57.38600631201819,505.525
754,18,34,6.609011849875283,57.38600631201819,504.6
755,18,35,15.632399094928045,57.38600631201819,504.734
756,18,36,24.65764372454823,57.38600631201819,505.847
757,18,37,33.684006797645004,57.38600631201819,507.775
758,18,38,42.710754068882586,57.38600631201819,510.293
759,18,39,51.73718373632377,57.38600631201819,513.135
760,19,0,65.27484748262624,66.38600314737143,517.393
761,19,1,74.29783473472574,66.38600314737143,519.854
762,19,2,83.31858851496663,66.38598948699308,521.774
763,19,3,87.66326501582257,-113.61392672950404,523.026
764,19,4,78.64800953786353,-113.61397454082822,523.564
765,19,5,69.63588911673352,-113.6139813710174,523.424
766,19,6,60.62704718640513,-113.6139813710174,522.723
767,19,7,51.6216305959455,-113.61398820120657,521.638
768,19,8,42.6196905717734,-113.61398820120657,520.39
769,19,9,33.6212578497401,-113.61398820120657,519.219
770,19,10,24.62634609022394,-113.61398820120657,518.355
771,19,11,15.634888698880516,-113.61398820120657,517.995
772,19,12,6.646804567213432,-113.61398820120657,518.279
773,19,13,-2.3380674545530407,-113.61398820120657,519.28
774,19,14,-11.319955964312689,-113.61398820120657,520.986
775,19,15,-20.299153166095937,-113.61398820120657,523.306
776,19,16,-29.276041763939723,-113.61398820120657,526.076
777,19,17,-38.25107425787656,-113.61398820120657,529.071
778,19,18,-47.224836336627774,-113.61398820120657,532.027
779,19,19,-56.197942717218666,-113.61399503139575,534.666
780,19,20,-65.17107641856623,-113.61399503139575,536.723
781,19,21,-74.14499559166836,-113.61399503139575,537.969
782,19,22,-83.1204378969554,-113.61400869177407,538.239
783,19,23,-87.90184352353111,66.38607827945229,537.445
784,19,24,-78.92116929333986,66.38602363793893,535.588
785,19,25,-69.93687506288848,66.38601680774977,532.761
786,19,26,-60.94850320950261,66.38601680774977,529.139
787,19,27,-51.95560977088619,66.38601680774977,524.969
788,19,28,-42.95797959608037,66.38601680774977,520.545
789,19,29,-33.955530722815105,66.38600997756059,516.183
790,19,30,-24.948358773738775,66.38600997756059,512.194
791,19,31,-15.936713050756087,66.38600997756059,508.855
792,19,32,-6.920995254367601,66.38600997756059,506.385
793,19,33,2.098269758077648,66.38600997756059,504.928
794,19,34,11.120427355636398,66.38600997756059,504.538
795,19,35,20.144835287083254,66.38600997756059,505.177
796,19,36,29.17073049222188,66.38600997756059,506.722
797,19,37,38.19737531062192,66.38600997756059,508.977
798,19,38,47.22405086487322,66.38600997756059,511.691
799,19,39,56.25008096624796,66.38600997756059,514.589
800,20,0,60.762646931997395,75.386013643103,516.019
801,20,1,69.78659724076986,75.38600681291382,518.68
802,20,2,78.80851898335884,75.38599998272466,520.891
803,20,3,87.82800917860328,75.3859453412113,522.489
804,20,4,83.15525820134413,-104.61396404509667,523.384
805,20,5,74.1415463461375,-104.613977705475,523.573
806,20,6,65.13105151002996,-104.613977705475,523.134
807,20,7,56.123910296804894,-104.61398453566417,522.215
808,20,8,47.120218329110685,-104.61398453566417,521.02
809,20,9,38.12003366355528,-104.61398453566417,519.78
810,20,10,29.123363130327846,-104.61398453566417,518.735
811,20,11,20.130189653955455,-104.61398453566417,518.101
812,20,12,11.140430418394427,-104.61398453566417,518.05
813,20,13,2.1539688835420443,-104.61398453566417,518.689
814,20,14,-6.8293686935387035,-104.61398453566417,520.048
815,20,15,-15.80986960767978,-104.61398453566417,522.078
816,20,16,-24.787857865979937,-104.61398453566417,524.648
817,20,17,-33.7637492562049,-104.61398453566417,527.561
818,20,18,-42.738078240657224,-104.61398453566417,530.571
819,20,19,-51.711430508058235,-104.61399136585334,533.403
820,20,20,-60.68446175656826,-104.61399136585334,535.783
821,20,21,-69.65788915605015,-104.61399136585334,537.459
822,20,22,-78.63247768769092,-104.61399819604252,538.234
823,20,23,-87.60897184211014,-104.6140460073667,537.977
824,20,24,-83.41190938959652,75.3860341336705,536.646
825,20,25,-74.4295139517344,75.38602047329216,534.287
826,20,26,-65.44321847585623,75.38602047329216,531.035
827,20,27,-56.45264047136844,75.38602047329216,527.105
828,20,28,-47.457397447677536,75.38602047329216,522.769
829,20,29,-38.45735280100011,75.386013643103,518.336
830,20,30,-29.4525236068091,75.386013643103,514.124
831,20,31,-20.44307378964457,75.386013643103,510.428
832,20,32,-11.429332906133979,75.386013643103,507.501
833,20,33,-2.411769251122298,75.386013643103,505.525
834,20,34,6.609011849875283,75.386013643103,504.6
835,20,35,15.632399094928045,75.386013643103,504.734
836,20,36,24.65764372454823,75.386013643103,505.847
837,20,37,33.684006797645004,75.386013643103,507.775
838,20,38,42.710754068882586,75.386013643103,510.293
839,20,39,51.73718373632377,75.386013643103,513.135
840,21,0,65.27484748262624,84.38599681807788,517.393
841,21,1,74.29783473472574,84.38599681807788,519.854
842,21,2,83.31858851496663,84.38598315769954,521.774
843,21,3,87.66326501582257,-95.61393305879757,523.026
844,21,4,78.64800953786353,-95.61398087012176,523.564
845,21,5,69.63588911673352,-95.61398770031094,523.424
846,21,6,60.62704718640513,-95.61398770031094,522.723
847,21,7,51.6216305959455,-95.61399453050011,521.638
848,21,8,42.6196905717734,-95.61399453050011,520.39
849,21,9,33.6212578497401,-95.61399453050011,519.219
850,21,10,24.62634609022394,-95.61399453050011,518.355
851,21,11,15.634888698880516,-95.61399453050011,517.995
852,21,12,6.646804567213432,-95.61399453050011,518.279
853,21,13,-2.3380674545530407,-95.61399453050011,519.28
854,21,14,-11.319955964312689,-95.61399453050011,520.986
855,21,15,-20.299153166095937,-95.61399453050011,523.306
856,21,16,-29.276041763939723,-95.61399453050011,526.076
857,21,17,-38.25107425787656,-95.61399453050011,529.071
858,21,18,-47.224836336627774,-95.61399453050011,532.027
859,21,19,-56.197942717218666,-95.61400136068927,534.666
860,21,20,-65.17107641856623,-95.61400136068927,536.723
861,21,21,-74.14499559166836,-95.61400136068927,537.969
862,21,22,-83.1204378969554,-95.61401502106762,538.239
863,21,23,-87.90184352353111,84.38607195015875,537.445
864,21,24,-78.92116929333986,84.38601730864539,535.588
865,21,25,-69.93687506288848,84.38601047845623,532.761
866,21,26,-60.94850320950261,84.38601047845623,529.139
867,21,27,-51.95560977088619,84.38601047845623,524.969
868,21,28,-42.95797959608037,84.38601047845623,520.545
869,21,29,-33.955530722815105,84.38600364826705,516.183
870,21,30,-24.948358773738775,84.38600364826705,512.194
871,21,31,-15.936713050756087,84.38600364826705,508.855
872,21,32,-6.920995254367601,84.38600364826705,506.385
873,21,33,2.098269758077648,84.38600364826705,504.928
874,21,34,11.120427355636398,84.38600364826705,504.538
875,21,35,20.144835287083254,84.38600364826705,505.177
876,21,36,29.17073049222188,84.38600364826705,506.722
877,21,37,38.19737531062192,84.38600364826705,508.977
878,21,38,47.22405086487322,84.38600364826705,511.691
879,21,39,56.25008096624796,84.38600364826705,514.589
880,22,0,60.762646931997395,93.38600731380946,516.019
881,22,1,69.78659724076986,93.3860004836203,518.68
882,22,2,78.80851898335884,93.38599365343111,520.891
883,22,3,87.82800917860328,93.38593901191776,522.489
884,22,4,83.15525820134413,-86.61397037439019,523.384
885,22,5,74.1415463461375,-86.61398403476854,523.573
886,22,6,65.13105151002996,-86.61398403476854,523.134
887,22,7,56.123910296804894,-86.6139908649577,522.215
888,22,8,47.120218329110685,-86.6139908649577,521.02
889,22,9,38.12003366355528,-86.6139908649577,519.78
890,22,10,29.123363130327846,-86.6139908649577,518.735
891,22,11,20.130189653955455,-86.6139908649577,518.101
892,22,12,11.140430418394427,-86.6139908649577,518.05
893,22,13,2.1539688835420443,-86.6139908649577,518.689
894,22,14,-6.8293686935387035,-86.6139908649577,520.048
895,22,15,-15.80986960767978,-86.6139908649577,522.078
896,22,16,-24.787857865979937,-86.6139908649577,524.648
897,22,17,-33.7637492562049,-86.6139908649577,527.561
898,22,18,-42.738078240657224,-86.6139908649577,530.571
899,22,19,-51.711430508058235,-86.61399769514688,533.403
900,22,20,-60.68446175656826,-86.61399769514688,535.783
901,22,21,-69.65788915605015,-86.61399769514688,537.459
902,22,22,-78.63247768769092,-86.61400452533604,538.234
903,22,23,-87.60897184211014,-86.61405233666024,537.977
904,22,24,-83.41190938959652,93.38602780437697,536.646
905,22,25,-74.4295139517344,93.38601414399862,534.287
906,22,26,-65.44321847585623,93.38601414399862,531.035
907,22,27,-56.45264047136844,93.38601414399862,527.105
908,22,28,-47.457397447677536,93.38601414399862,522.769
909,22,29,-38.45735280100011,93.38600731380946,518.336
910,22,30,-29.4525236068091,93.38600731380946,514.124
911,22,31,-20.44307378964457,93.38600731380946,510.428
912,22,32,-11.429332906133979,93.38600731380946,507.501
913,22,33,-2.411769251122298,93.38600731380946,505.525
914,22,34,6.609011849875283,93.38600731380946,504.6
915,22,35,15.632399094928045,93.38600731380946,504.734
916,22,36,24.65764372454823,93.38600731380946,505.847
917,22,37,33.684006797645004,93.38600731380946,507.775
918,22,38,42.710754068882586,93.38600731380946,510.293
919,22,39,51.73718373632377,93.38600731380946,513.135
920,23,0,65.27484748262624,102.38600414916269,517.393
921,23,1,74.29783473472574,102.38600414916269,519.854
922,23,2,83.31858851496663,102.38599048878434,521.774
923,23,3,87.66326501582257,-77.61392572771277,523.026
924,23,4,78.64800953786353,-77.61397353903696,523.564
925,23,5,69.63588911673352,-77.61398036922614,523.424
926,23,6,60.62704718640513,-77.61398036922614,522.723
927,23,7,51.6216305959455,-77.6139871994153,521.638
928,23,8,42.6196905717734,-77.6139871994153,520.39
929,23,9,33.6212578497401,-77.6139871994153,519.219
930,23,10,24.62634609022394,-77.6139871994153,518.355
931,23,11,15.634888698880516,-77.6139871994153,517.995
932,23,12,6.646804567213432,-77.6139871994153,518.279
933,23,13,-2.3380674545530407,-77.6139871994153,519.28
934,23,14,-11.319955964312689,-77.6139871994153,520.986
935,23,15,-20.299153166095937,-77.6139871994153,523.306
936,23,16,-29.276041763939723,-77.6139871994153,526.076
937,23,17,-38.25107425787656,-77.6139871994153,529.071
938,23,18,-47.224836336627774,-77.6139871994153,532.027
939,23,19,-56.197942717218666,-77.61399402960447,534.666
940,23,20,-65.17107641856623,-77.61399402960447,536.723
941,23,21,-74.14499559166836,-77.61399402960447,537.969
942,23,22,-83.1204378969554,-77.61400768998281,538.239
943,23,23,-87.90184352353111,102.38607928124355,537.445
944,23,24,-78.92116929333986,102.3860246397302,535.588
945,23,25,-69.93687506288848,102.38601780954103,532.761
946,23,26,-60.94850320950261,102.38601780954103,529.139
947,23,27,-51.95560977088619,102.38601780954103,524.969
948,23,28,-42.95797959608037,102.38601780954103,520.545
949,23,29,-33.955530722815105,102.38601097935187,516.183
950,23,30,-24.948358773738775,102.38601097935187,512.194
951,23,31,-15.936713050756087,102.38601097935187,508.855
952,23,32,-6.920995254367601,102.38601097935187,506.385
953,23,33,2.098269758077648,102.38601097935187,504.928
954,23,34,11.120427355636398,102.38601097935187,504.538
955,23,35,20.144835287083254,102.38601097935187,505.177
956,23,36,29.17073049222188,102.38601097935187,506.722
957,23,37,38.19737531062192,102.38601097935187,508.977
958,23,38,47.22405086487322,102.38601097935187,511.691
959,23,39,56.25008096624796,102.38601097935187,514.589
960,24,0,60.762646931997395,111.38601464489426,516.019
961,24,1,69.78659724076986,111.3860078147051,518.68
962,24,2,78.80851898335884,111.38600098451592,520.891
963,24,3,87.82800917860328,111.38594634300256,522.489
964,24,4,83.15525820134413,-68.61396304330539,523.384
965,24,5,74.1415463461375,-68.61397670368373,523.573
966,24,6,65.13105151002996,-68.61397670368373,523.134
967,24,7,56.123910296804894,-68.6139835338729,522.215
968,24,8,47.120218329110685,-68.6139835338729,521.02
969,24,9,38.12003366355528,-68.6139835338729,519.78
970,24,10,29.123363130327846,-68.6139835338729,518.735
971,24,11,20.130189653955455,-68.6139835338729,518.101
972,24,12,11.140430418394427,-68.6139835338729,518.05
973,24,13,2.1539688835420443,-68.6139835338729,518.689
974,24,14,-6.8293686935387035,-68.6139835338729,520.048
975,24,15,-15.80986960767978,-68.6139835338729,522.078
976,24,16,-24.787857865979937,-68.6139835338729,524.648
977,24,17,-33.7637492562049,-68.6139835338729,527.561
978,24,18,-42.738078240657224,-68.6139835338729,530.571
979,24,19,-51.711430508058235,-68.61399036406208,533.403
980,24,20,-60.68446175656826,-68.61399036406208,535.783
981,24,21,-69.65788915605015,-68.61399036406208,537.459
982,24,22,-78.63247768769092,-68.61399719425124,538.234
983,24,23,-87.60897184211014,-68.61404500557543,537.977
984,24,24,-83.41190938959652,111.38603513546177,536.646
985,24,25,-74.4295139517344,111.38602147508342,534.287
986,24,26,-65.44321847585623,111.38602147508342,531.035
987,24,27,-56.45264047136844,111.38602147508342,527.105
988,24,28,-47.457397447677536,111.38602147508342,522.769
989,24,29,-38.45735280100011,111.38601464489426,518.336
990,24,30,-29.4525236068091,111.38601464489426,514.124
991,24,31,-20.44307378964457,111.38601464489426,510.428
992,24,32,-11.429332906133979,111.38601464489426,507.501
993,24,33,-2.411769251122298,111.38601464489426,505.525
994,24,34,6.609011849875283,111.38601464489426,504.6
995,24,35,15.632399094928045,111.38601464489426,504.734
996,24,36,24.65764372454823,111.38601464489426,505.847
997,24,37,33.684006797645004,111.38601464489426,507.775
998,24,38,42.710754068882586,111.38601464489426,510.293
999,24,39,51.73718373632377,111.38601464489426,513.135
1000,25,0,65.27484748262624,120.38600465005833,517.393
1001,25,1,74.29783473472574,120.38599098967998,519.854
1002,25,2,83.31858851496663,120.38599098967998,521.774
1003,25,3,87.66326501582257,-59.61393205700631,523.026
1004,25,4,78.64800953786353,-59.6139798683305,523.564
1005,25,5,69.63588911673352,-59.61398669851967,523.424
1006,25,6,60.62704718640513,-59.61398669851967,522.723
1007,25,7,51.6216305959455,-59.61399352870884,521.638
1008,25,8,42.6196905717734,-59.61399352870884,520.39
1009,25,9,33.6212578497401,-59.61399352870884,519.219
1010,25,10,24.62634609022394,-59.61399352870884,518.355
1011,25,11,15.634888698880516,-59.61399352870884,517.995
1012,25,12,6.646804567213432,-59.61399352870884,518.279
1013,25,13,-2.3380674545530407,-59.61399352870884,519.28
1014,25,14,-11.319955964312689,-59.61399352870884,520.986
1015,25,15,-20.299153166095937,-59.61399352870884,523.306
1016,25,16,-29.276041763939723,-59.61399352870884,526.076
1017,25,17,-38.25107425787656,-59.61399352870884,529.071
1018,25,18,-47.224836336627774,-59.61399352870884,532.027
1019,25,19,-56.197942717218666,-59.61400035889801,534.666
1020,25,20,-65.17107641856623,-59.61400035889801,536.723
1021,25,21,-74.14499559166836,-59.61400035889801,537.969
1022,25,22,-83.1204378969554,-59.614014019276354,538.239
1023,25,23,-87.90184352353111,120.38607295195003,537.445
1024,25,24,-78.92116929333986,120.38601831043667,535.588
1025,25,25,-69.93687506288848,120.38601831043667,532.761
1026,25,26,-60.94850320950261,120.38600465005833,529.139
1027,25,27,-51.95560977088619,120.38600465005833,524.969
1028,25,28,-42.95797959608037,120.38600465005833,520.545
1029,25,29,-33.955530722815105,120.38600465005833,516.183
1030,25,30,-24.948358773738775,120.38600465005833,512.194
1031,25,31,-15.936713050756087,120.38600465005833,508.855
1032,25,32,-6.920995254367601,120.38600465005833,506.385
1033,25,33,2.098269758077648,120.38600465005833,504.928
1034,25,34,11.120427355636398,120.38600465005833,504.538
1035,25,35,20.144835287083254,120.38600465005833,505.177
1036,25,36,29.17073049222188,120.38600465005833,506.722
1037,25,37,38.19737531062192,120.38600465005833,508.977
1038,25,38,47.22405086487322,120.38600465005833,511.691
1039,25,39,56.25008096624796,120.38600465005833,514.589
1040,26,0,60.762646931997395,129.38602197597908,516.019
1041,26,1,69.78659724076986,129.38602197597908,518.68
1042,26,2,78.80851898335884,129.38600831560072,520.891
1043,26,3,87.82800917860328,129.38595367408738,522.489
1044,26,4,83.15525820134413,-50.61395571222059,523.384
1045,26,5,74.1415463461375,-50.61396937259893,523.573
1046,26,6,65.13105151002996,-50.61397278769351,523.134
1047,26,7,56.123910296804894,-50.61397278769351,522.215
1048,26,8,47.120218329110685,-50.61397278769351,521.02
1049,26,9,38.12003366355528,-50.6139762027881,519.78
1050,26,10,29.123363130327846,-50.6139762027881,518.735
1051,26,11,20.130189653955455,-50.6139762027881,518.101
1052,26,12,11.140430418394427,-50.6139762027881,518.05
1053,26,13,2.1539688835420443,-50.6139762027881,518.689
1054,26,14,-6.8293686935387035,-50.6139762027881,520.048
1055,26,15,-15.80986960767978,-50.6139762027881,522.078
1056,26,16,-24.787857865979937,-50.613979617882684,524.648
1057,26,17,-33.7637492562049,-50.613979617882684,527.561
1058,26,18,-42.738078240657224,-50.613979617882684,530.571
1059,26,19,-51.711430508058235,-50.613979617882684,533.403
1060,26,20,-60.68446175656826,-50.613979617882684,535.783
1061,26,21,-69.65788915605015,-50.613983032977266,537.459
1062,26,22,-78.63247768769092,-50.61398986316644,538.234
1063,26,23,-87.60897184211014,-50.61403767449063,537.977
1064,26,24,-83.41190938959652,129.38604929673573,536.646
1065,26,25,-74.4295139517344,129.3860356363574,534.287
1066,26,26,-65.44321847585623,129.38602197597908,531.035
1067,26,27,-56.45264047136844,129.38602197597908,527.105
1068,26,28,-47.457397447677536,129.38602197597908,522.769
1069,26,29,-38.45735280100011,129.38602197597908,518.336
1070,26,30,-29.4525236068091,129.38602197597908,514.124
1071,26,31,-20.44307378964457,129.38602197597908,510.428
1072,26,32,-11.429332906133979,129.38602197597908,507.501
1073,26,33,-2.411769251122298,129.38602197597908,505.525
1074,26,34,6.609011849875283,129.38602197597908,504.6
1075,26,35,15.632399094928045,129.38602197597908,504.734
1076,26,36,24.65764372454823,129.38602197597908,505.847
1077,26,37,33.684006797645004,129.38602197597908,507.775
1078,26,38,42.710754068882586,129.38602197597908,510.293
1079,26,39,51.73718373632377,129.38602197597908,513.135
1080,27,0,65.27484748262624,138.3859983207648,517.393
1081,27,1,74.29783473472574,138.38598466038644,519.854
1082,27,2,83.31858851496663,138.38598466038644,521.774
1083,27,3,87.66326501582257,-41.61393838629985,523.026
1084,27,4,78.64800953786353,-41.61398961271862,523.564
1085,27,5,69.63588911673352,-41.61399302781321,523.424
1086,27,6,60.62704718640513,-41.61399644290779,522.723
1087,27,7,51.6216305959455,-41.61399644290779,521.638
1088,27,8,42.6196905717734,-41.61399985800238,520.39
1089,27,9,33.6212578497401,-41.61399985800238,519.219
1090,27,10,24.62634609022394,-41.61399985800238,518.355
1091,27,11,15.634888698880516,-41.61399985800238,517.995
1092,27,12,6.646804567213432,-41.61399985800238,518.279
1093,27,13,-2.3380674545530407,-41.61399985800238,519.28
1094,27,14,-11.319955964312689,-41.61399985800238,520.986
1095,27,15,-20.299153166095937,-41.61399985800238,523.306
1096,27,16,-29.276041763939723,-41.61400327309696,526.076
1097,27,17,-38.25107425787656,-41.61400327309696,529.071
1098,27,18,-47.224836336627774,-41.61400327309696,532.027
1099,27,19,-56.197942717218666,-41.61400327309696,534.666
1100,27,20,-65.17107641856623,-41.614006688191544,536.723
1101,27,21,-74.14499559166836,-41.614010103286134,537.969
1102,27,22,-83.1204378969554,-41.61402034856989,538.239
1103,27,23,-87.90184352353111,138.3860666226565,537.445
1104,27,24,-78.92116929333986,138.38601198114313,535.588
1105,27,25,-69.93687506288848,138.38601198114313,532.761
1106,27,26,-60.94850320950261,138.3859983207648,529.139
1107,27,27,-51.95560977088619,138.3859983207648,524.969
1108,27,28,-42.95797959608037,138.3859983207648,520.545
1109,27,29,-33.955530722815105,138.3859983207648,516.183
1110,27,30,-24.948358773738775,138.3859983207648,512.194
1111,27,31,-15.936713050756087,138.3859983207648,508.855
1112,27,32,-6.920995254367601,138.3859983207648,506.385
1113,27,33,2.098269758077648,138.3859983207648,504.928
1114,27,34,11.120427355636398,138.3859983207648,504.538
1115,27,35,20.144835287083254,138.3859983207648,505.177
1116,27,36,29.17073049222188,138.3859983207648,506.722
1117,27,37,38.19737531062192,138.3859983207648,508.977
1118,27,38,47.22405086487322,138.3859983207648,511.691
1119,27,39,56.25008096624796,138.3859983207648,514.589
1120,28,0,60.762646931997395,147.38600198630718,516.019
1121,28,1,69.78659724076986,147.38600198630718,518.68
1122,28,2,78.80851898335884,147.38598832592885,520.891
1123,28,3,87.82800917860328,147.38593368441548,522.489
1124,28,4,83.15525820134413,-32.613975701892464,523.384
1125,28,5,74.1415463461375,-32.61398936227081,523.573
1126,28,6,65.13105151002996,-32.61399277736539,523.134
1127,28,7,56.123910296804894,-32.61399277736539,522.215
1128,28,8,47.120218329110685,-32.61399277736539,521.02
1129,28,9,38.12003366355528,-32.61399619245998,519.78
1130,28,10,29.123363130327846,-32.61399619245998,518.735
1131,28,11,20.130189653955455,-32.61399619245998,518.101
1132,28,12,11.140430418394427,-32.61399619245998,518.05
1133,28,13,2.1539688835420443,-32.61399619245998,518.689
1134,28,14,-6.8293686935387035,-32.61399619245998,520.048
1135,28,15,-15.80986960767978,-32.61399619245998,522.078
1136,28,16,-24.787857865979937,-32.61399960755456,524.648
1137,28,17,-33.7637492562049,-32.61399960755456,527.561
1138,28,18,-42.738078240657224,-32.61399960755456,530.571
1139,28,19,-51.711430508058235,-32.61399960755456,533.403
1140,28,20,-60.68446175656826,-32.61399960755456,535.783
1141,28,21,-69.65788915605015,-32.61400302264914,537.459
1142,28,22,-78.63247768769092,-32.614009852838315,538.234
1143,28,23,-87.60897184211014,-32.61405766416251,537.977
1144,28,24,-83.41190938959652,147.38602930706386,536.646
1145,28,25,-74.4295139517344,147.38601564668554,534.287
1146,28,26,-65.44321847585623,147.38600198630718,531.035
1147,28,27,-56.45264047136844,147.38600198630718,527.105
1148,28,28,-47.457397447677536,147.38600198630718,522.769
1149,28,29,-38.45735280100011,147.38600198630718,518.336
1150,28,30,-29.4525236068091,147.38600198630718,514.124
1151,28,31,-20.44307378964457,147.38600198630718,510.428
1152,28,32,-11.429332906133979,147.38600198630718,507.501
1153,28,33,-2.411769251122298,147.38600198630718,505.525
1154,28,34,6.609011849875283,147.38600198630718,504.6
1155,28,35,15.632399094928045,147.38600198630718,504.734
1156,28,36,24.65764372454823,147.38600198630718,505.847
1157,28,37,33.684006797645004,147.38600198630718,507.775
1158,28,38,42.710754068882586,147.38600198630718,510.293
1159,28,39,51.73718373632377,147.38600198630718,513.135
1160,29,0,65.27484748262624,156.3860056518496,517.393
1161,29,1,74.29783473472574,156.38599199147126,519.854
1162,29,2,83.31858851496663,156.38599199147126,521.774
1163,29,3,87.66326501582257,-23.613931055215044,523.026
1164,29,4,78.64800953786353,-23.613980574086526,523.564
1165,29,5,69.63588911673352,-23.613985696728403,523.424
1166,29,6,60.62704718640513,-23.61398911182299,522.723
1167,29,7,51.6216305959455,-23.613990819370283,521.638
1168,29,8,42.6196905717734,-23.613990819370283,520.39
1169,29,9,33.6212578497401,-23.613990819370283,519.219
1170,29,10,24.62634609022394,-23.613992526917574,518.355
1171,29,11,15.634888698880516,-23.613992526917574,517.995
1172,29,12,6.646804567213432,-23.613992526917574,518.279
1173,29,13,-2.3380674545530407,-23.613992526917574,519.28
1174,29,14,-11.319955964312689,-23.613994234464865,520.986
1175,29,15,-20.299153166095937,-23.613994234464865,523.306
1176,29,16,-29.276041763939723,-23.613994234464865,526.076
1177,29,17,-38.25107425787656,-23.61399594201216,529.071
1178,29,18,-47.224836336627774,-23.61399594201216,532.027
1179,29,19,-56.197942717218666,-23.61399764955945,534.666
1180,29,20,-65.17107641856623,-23.613999357106742,536.723
1181,29,21,-74.14499559166836,-23.614002772201328,537.969
1182,29,22,-83.1204378969554,-23.614014725032376,538.239
1183,29,23,-87.90184352353111,156.3860739537413,537.445
1184,29,24,-78.92116929333986,156.38601931222794,535.588
1185,29,25,-69.93687506288848,156.38601931222794,532.761
1186,29,26,-60.94850320950261,156.3860056518496,529.139
1187,29,27,-51.95560977088619,156.3860056518496,524.969
1188,29,28,-42.95797959608037,156.3860056518496,520.545
1189,29,29,-33.955530722815105,156.3860056518496,516.183
1190,29,30,-24.948358773738775,156.3860056518496,512.194
1191,29,31,-15.936713050756087,156.3860056518496,508.855
1192,29,32,-6.920995254367601,156.3860056518496,506.385
1193,29,33,2.098269758077648,156.3860056518496,504.928
1194,29,34,11.120427355636398,156.3860056518496,504.538
1195,29,35,20.144835287083254,156.3860056518496,505.177
1196,29,36,29.17073049222188,156.3860056518496,506.722
1197,29,37,38.19737531062192,156.3860056518496,508.977
1198,29,38,47.22405086487322,156.3860056518496,511.691
1199,29,39,56.25008096624796,156.3860056518496,514.589
1200,30,0,60.762646931997395,165.386009317392,516.019
1201,30,1,69.78659724076986,165.386009317392,518.68
1202,30,2,78.80851898335884,165.38599565701364,520.891
1203,30,3,87.82800917860328,165.3859410155003,522.489
1204,30,4,83.15525820134413,-14.613968370807662,523.384
1205,30,5,74.1415463461375,-14.61398032363871,523.573
1206,30,6,65.13105151002996,-14.613983738733294,523.134
1207,30,7,56.123910296804894,-14.613985446280587,522.215
1208,30,8,47.120218329110685,-14.61398715382788,521.02
1209,30,9,38.12003366355528,-14.61398715382788,519.78
1210,30,10,29.123363130327846,-14.613988861375173,518.735
1211,30,11,20.130189653955455,-14.613988861375173,518.101
1212,30,12,11.140430418394427,-14.613988861375173,518.05
1213,30,13,2.1539688835420443,-14.613988861375173,518.689
1214,30,14,-6.8293686935387035,-14.613990568922464,520.048
1215,30,15,-15.80986960767978,-14.613990568922464,522.078
1216,30,16,-24.787857865979937,-14.613990568922464,524.648
1217,30,17,-33.7637492562049,-14.613990568922464,527.561
1218,30,18,-42.738078240657224,-14.613992276469757,530.571
1219,30,19,-51.711430508058235,-14.613992276469757,533.403
1220,30,20,-60.68446175656826,-14.61399398401705,535.783
1221,30,21,-69.65788915605015,-14.613995691564343,537.459
1222,30,22,-78.63247768769092,-14.614002521753513,538.234
1223,30,23,-87.60897184211014,-14.614050333077703,537.977
1224,30,24,-83.41190938959652,165.38603663814868,536.646
1225,30,25,-74.4295139517344,165.38602297777032,534.287
1226,30,26,-65.44321847585623,165.386009317392,531.035
1227,30,27,-56.45264047136844,165.386009317392,527.105
1228,30,28,-47.457397447677536,165.386009317392,522.769
1229,30,29,-38.45735280100011,165.386009317392,518.336
1230,30,30,-29.4525236068091,165.386009317392,514.124
1231,30,31,-20.44307378964457,165.386009317392,510.428
1232,30,32,-11.429332906133979,165.386009317392,507.501
1233,30,33,-2.411769251122298,165.386009317392,505.525
1234,30,34,6.609011849875283,165.386009317392,504.6
1235,30,35,15.632399094928045,165.386009317392,504.734
1236,30,36,24.65764372454823,165.386009317392,505.847
1237,30,37,33.684006797645004,165.386009317392,507.775
1238,30,38,42.710754068882586,165.386009317392,510.293
1239,30,39,51.73718373632377,165.386009317392,513.135
1240,31,0,65.27484748262624,174.3860129829344,517.393
1241,31,1,74.29783473472574,174.38599932255605,519.854
1242,31,2,83.31858851496663,174.38599932255605,521.774
1243,31,3,87.66326501582257,-5.613924577903886,523.026
1244,31,4,78.64800953786353,-5.613973243001723,523.564
1245,31,5,69.63588911673352,-5.613979219417247,523.424
1246,31,6,60.62704718640513,-5.613981353851362,522.723
1247,31,7,51.6216305959455,-5.6139826345118315,521.638
1248,31,8,42.6196905717734,-5.613983488285478,520.39
1249,31,9,33.6212578497401,-5.613984342059124,519.219
1250,31,10,24.62634609022394,-5.613984768945947,518.355
1251,31,11,15.634888698880516,-5.613985195832771,517.995
1252,31,12,6.646804567213432,-5.613985622719594,518.279
1253,31,13,-2.3380674545530407,-5.6139860496064165,519.28
1254,31,14,-11.319955964312689,-5.61398647649324,520.986
1255,31,15,-20.299153166095937,-5.613986903380063,523.306
1256,31,16,-29.276041763939723,-5.613987330266886,526.076
1257,31,17,-38.25107425787656,-5.613987757153709,529.071
1258,31,18,-47.224836336627774,-5.613988610927356,532.027
1259,31,19,-56.197942717218666,-5.613989464701001,534.666
1260,31,20,-65.17107641856623,-5.613991172248294,536.723
1261,31,21,-74.14499559166836,-5.613994587342879,537.969
1262,31,22,-83.1204378969554,-5.614006540173927,538.239
1263,31,23,-87.90184352353111,174.3860812848261,537.445
1264,31,24,-78.92116929333986,174.38602664331273,535.588
1265,31,25,-69.93687506288848,174.38602664331273,532.761
1266,31,26,-60.94850320950261,174.3860129829344,529.139
1267,31,27,-51.95560977088619,174.3860129829344,524.969
1268,31,28,-42.95797959608037,174.3860129829344,520.545
1269,31,29,-33.955530722815105,174.3860129829344,516.183
1270,31,30,-24.948358773738775,174.3860129829344,512.194
1271,31,31,-15.936713050756087,174.3860129829344,508.855
1272,31,32,-6.920995254367601,174.3860129829344,506.385
1273,31,33,2.098269758077648,174.3860129829344,504.928
1274,31,34,11.120427355636398,174.3860129829344,504.538
1275,31,35,20.144835287083254,174.3860129829344,505.177
1276,31,36,29.17073049222188,174.3860129829344,506.722
1277,31,37,38.19737531062192,174.3860129829344,508.977
1278,31,38,47.22405086487322,174.3860129829344,511.691
1279,31,39,56.25008096624796,174.3860129829344,514.589
1280,32,0,60.762646931997395,-176.61399336943586,516.019
1281,32,1,69.78659724076986,-176.61399336943586,518.68
1282,32,2,78.80851898335884,-176.61399336943586,520.891
1283,32,3,87.82800917860328,-176.61404801094923,522.489
1284,32,4,83.15525820134413,3.3860387468337296,523.384
1285,32,5,74.1415463461375,3.3860265805592706,523.573
1286,32,6,65.13105151002996,3.3860231654646857,523.134
1287,32,7,56.123910296804894,3.3860216713608047,522.215
1288,32,8,47.120218329110685,3.386020604143747,521.02
1289,32,9,38.12003366355528,3.3860197503701004,519.78
1290,32,10,29.123363130327846,3.3860193234832776,518.735
1291,32,11,20.130189653955455,3.3860186831530426,518.101
1292,32,12,11.140430418394427,3.3860182562662198,518.05
1293,32,13,2.1539688835420443,3.3860178293793965,518.689
1294,32,14,-6.8293686935387035,3.386017615935985,520.048
1295,32,15,-15.80986960767978,3.386017189049162,522.078
1296,32,16,-24.787857865979937,3.3860167621623387,524.648
1297,32,17,-33.7637492562049,3.386016121832104,527.561
1298,32,18,-42.738078240657224,3.3860154815018695,530.571
1299,32,19,-51.711430508058235,3.386014627728223,533.403
1300,32,20,-60.68446175656826,3.386013347067754,535.783
1301,32,21,-69.65788915605015,3.3860109991902263,537.459
1302,32,22,-78.63247768769092,3.3860054496615257,538.234
1303,32,23,-87.60897184211014,3.385957851780747,537.977
1304,32,24,-83.41190938959652,-176.6139660486792,536.646
1305,32,25,-74.4295139517344,-176.61397970905753,534.287
1306,32,26,-65.44321847585623,-176.61397970905753,531.035
1307,32,27,-56.45264047136844,-176.61397970905753,527.105
1308,32,28,-47.457397447677536,-176.61397970905753,522.769
1309,32,29,-38.45735280100011,-176.61397970905753,518.336
1310,32,30,-29.4525236068091,-176.61397970905753,514.124
1311,32,31,-20.44307378964457,-176.61397970905753,510.428
1312,32,32,-11.429332906133979,-176.61397970905753,507.501
1313,32,33,-2.411769251122298,-176.61397970905753,505.525
1314,32,34,6.609011849875283,-176.61397970905753,504.6
1315,32,35,15.632399094928045,-176.61397970905753,504.734
1316,32,36,24.65764372454823,-176.61397970905753,505.847
1317,32,37,33.684006797645004,-176.61397970905753,507.775
1318,32,38,42.710754068882586,-176.61397970905753,510.293
1319,32,39,51.73718373632377,-176.61397970905753,513.135
1320,33,0,65.27484748262624,-167.61398970389348,517.393
1321,33,1,74.29783473472574,-167.61398970389348,519.854
1322,33,2,83.31858851496663,-167.6140033642718,521.774
1323,33,3,87.66326501582257,12.386082753180917,523.026
1324,33,4,78.64800953786353,12.38603408808308,523.564
1325,33,5,69.63588911673352,12.386028111667557,523.424
1326,33,6,60.62704718640513,12.386025550346618,522.723
1327,33,7,51.6216305959455,12.38602469657297,521.638
1328,33,8,42.6196905717734,12.386023842799325,520.39
1329,33,9,33.6212578497401,12.38602298902568,519.219
1330,33,10,24.62634609022394,12.38602298902568,518.355
1331,33,11,15.634888698880516,12.386022135252032,517.995
1332,33,12,6.646804567213432,12.386022135252032,518.279
1333,33,13,-2.3380674545530407,12.386021281478387,519.28
1334,33,14,-11.319955964312689,12.386021281478387,520.986
1335,33,15,-20.299153166095937,12.386020427704741,523.306
1336,33,16,-29.276041763939723,12.386020427704741,526.076
1337,33,17,-38.25107425787656,12.386019573931094,529.071
1338,33,18,-47.224836336627774,12.386018720157448,532.027
1339,33,19,-56.197942717218666,12.386017866383801,534.666
1340,33,20,-65.17107641856623,12.38601615883651,536.723
1341,33,21,-74.14499559166836,12.386012743741924,537.969
1342,33,22,-83.1204378969554,12.386000790910877,538.239
1343,33,23,-87.90184352353111,-167.61390774162342,537.445
1344,33,24,-78.92116929333986,-167.6139623831368,535.588
1345,33,25,-69.93687506288848,-167.61397604351512,532.761
1346,33,26,-60.94850320950261,-167.61397604351512,529.139
1347,33,27,-51.95560977088619,-167.61397604351512,524.969
1348,33,28,-42.95797959608037,-167.61397604351512,520.545
1349,33,29,-33.955530722815105,-167.61397604351512,516.183
1350,33,30,-24.948358773738775,-167.61397604351512,512.194
1351,33,31,-15.936713050756087,-167.61397604351512,508.855
1352,33,32,-6.920995254367601,-167.61397604351512,506.385
1353,33,33,2.098269758077648,-167.61397604351512,504.928
1354,33,34,11.120427355636398,-167.61397604351512,504.538
1355,33,35,20.144835287083254,-167.61397604351512,505.177
1356,33,36,29.17073049222188,-167.61397604351512,506.722
1357,33,37,38.19737531062192,-167.61397604351512,508.977
1358,33,38,47.22405086487322,-167.61397604351512,511.691
1359,33,39,56.25008096624796,-167.61397604351512,514.589
1360,34,0,60.762646931997395,-158.61401335910776,516.019
1361,34,1,69.78659724076986,-158.61401335910776,518.68
1362,34,2,78.80851898335884,-158.61401335910776,520.891
1363,34,3,87.82800917860328,-158.6140680006211,522.489
1364,34,4,83.15525820134413,21.386018970605264,523.384
1365,34,5,74.1415463461375,21.38600701777422,523.573
1366,34,6,65.13105151002996,21.386003602679633,523.134
1367,34,7,56.123910296804894,21.38600189513234,522.215
1368,34,8,47.120218329110685,21.386000187585047,521.02
1369,34,9,38.12003366355528,21.386000187585047,519.78
1370,34,10,29.123363130327846,21.385998480037756,518.735
1371,34,11,20.130189653955455,21.385998480037756,518.101
1372,34,12,11.140430418394427,21.385998480037756,518.05
1373,34,13,2.1539688835420443,21.385998480037756,518.689
1374,34,14,-6.8293686935387035,21.38599677249046,520.048
1375,34,15,-15.80986960767978,21.38599677249046,522.078
1376,34,16,-24.787857865979937,21.38599677249046,524.648
1377,34,17,-33.7637492562049,21.38599677249046,527.561
1378,34,18,-42.738078240657224,21.38599506494317,530.571
1379,34,19,-51.711430508058235,21.38599506494317,533.403
1380,34,20,-60.68446175656826,21.385993357395876,535.783
1381,34,21,-69.65788915605015,21.385991649848584,537.459
1382,34,22,-78.63247768769092,21.385984819659413,538.234
1383,34,23,-87.60897184211014,21.385937008335226,537.977
1384,34,24,-83.41190938959652,-158.61398603835107,536.646
1385,34,25,-74.4295139517344,-158.6139996987294,534.287
1386,34,26,-65.44321847585623,-158.6139996987294,531.035
1387,34,27,-56.45264047136844,-158.6139996987294,527.105
1388,34,28,-47.457397447677536,-158.6139996987294,522.769
1389,34,29,-38.45735280100011,-158.6139996987294,518.336
1390,34,30,-29.4525236068091,-158.6139996987294,514.124
1391,34,31,-20.44307378964457,-158.6139996987294,510.428
1392,34,32,-11.429332906133979,-158.6139996987294,507.501
1393,34,33,-2.411769251122298,-158.6139996987294,505.525
1394,34,34,6.609011849875283,-158.6139996987294,504.6
1395,34,35,15.632399094928045,-158.6139996987294,504.734
1396,34,36,24.65764372454823,-158.6139996987294,505.847
1397,34,37,33.684006797645004,-158.6139996987294,507.775
1398,34,38,42.710754068882586,-158.6139996987294,510.293
1399,34,39,51.73718373632377,-158.6139996987294,513.135
1400,35,0,65.27484748262624,-149.61400969356535,517.393
1401,35,1,74.29783473472574,-149.61400969356535,519.854
1402,35,2,83.31858851496663,-149.61402335394368,521.774
1403,35,3,87.66326501582257,30.386063617282687,523.026
1404,35,4,78.64800953786353,30.38601239086391,523.564
1405,35,5,69.63588911673352,30.386008975769325,523.424
1406,35,6,60.62704718640513,30.386005560674743,522.723
1407,35,7,51.6216305959455,30.386005560674743,521.638
1408,35,8,42.6196905717734,30.386002145580157,520.39
1409,35,9,33.6212578497401,30.386002145580157,519.219
1410,35,10,24.62634609022394,30.386002145580157,518.355
1411,35,11,15.634888698880516,30.386002145580157,517.995
1412,35,12,6.646804567213432,30.386002145580157,518.279
1413,35,13,-2.3380674545530407,30.386002145580157,519.28
1414,35,14,-11.319955964312689,30.386002145580157,520.986
1415,35,15,-20.299153166095937,30.386002145580157,523.306
1416,35,16,-29.276041763939723,30.38599873048557,526.076
1417,35,17,-38.25107425787656,30.38599873048557,529.071
1418,35,18,-47.224836336627774,30.38599873048557,532.027
1419,35,19,-56.197942717218666,30.38599873048557,534.666
1420,35,20,-65.17107641856623,30.385995315390986,536.723
1421,35,21,-74.14499559166836,30.3859919002964,537.969
1422,35,22,-83.1204378969554,30.385981655012646,538.239
1423,35,23,-87.90184352353111,-149.61392773129532,537.445
1424,35,24,-78.92116929333986,-149.61398237280866,535.588
1425,35,25,-69.93687506288848,-149.61399603318702,532.761
1426,35,26,-60.94850320950261,-149.61399603318702,529.139
1427,35,27,-51.95560977088619,-149.61399603318702,524.969
1428,35,28,-42.95797959608037,-149.61399603318702,520.545
1429,35,29,-33.955530722815105,-149.61399603318702,516.183
1430,35,30,-24.948358773738775,-149.61399603318702,512.194
1431,35,31,-15.936713050756087,-149.61399603318702,508.855
1432,35,32,-6.920995254367601,-149.61399603318702,506.385
1433,35,33,2.098269758077648,-149.61399603318702,504.928
1434,35,34,11.120427355636398,-149.61399603318702,504.538
1435,35,35,20.144835287083254,-149.61399603318702,505.177
1436,35,36,29.17073049222188,-149.61399603318702,506.722
1437,35,37,38.19737531062192,-149.61399603318702,508.977
1438,35,38,47.22405086487322,-149.61399603318702,511.691
1439,35,39,56.25008096624796,-149.61399603318702,514.589
1440,36,0,60.762646931997395,-140.61400602802294,516.019
1441,36,1,69.78659724076986,-140.61400602802294,518.68
1442,36,2,78.80851898335884,-140.61400602802294,520.891
1443,36,3,87.82800917860328,-140.61406066953631,522.489
1444,36,4,83.15525820134413,39.386026301690066,523.384
1445,36,5,74.1415463461375,39.38601264131173,523.573
1446,36,6,65.13105151002996,39.38600922621714,523.134
1447,36,7,56.123910296804894,39.38600922621714,522.215
1448,36,8,47.120218329110685,39.38600922621714,521.02
1449,36,9,38.12003366355528,39.38600581112256,519.78
1450,36,10,29.123363130327846,39.38600581112256,518.735
1451,36,11,20.130189653955455,39.38600581112256,518.101
1452,36,12,11.140430418394427,39.38600581112256,518.05
1453,36,13,2.1539688835420443,39.38600581112256,518.689
1454,36,14,-6.8293686935387035,39.38600581112256,520.048
1455,36,15,-15.80986960767978,39.38600581112256,522.078
1456,36,16,-24.787857865979937,39.386002396027976,524.648
1457,36,17,-33.7637492562049,39.386002396027976,527.561
1458,36,18,-42.738078240657224,39.386002396027976,530.571
1459,36,19,-51.711430508058235,39.386002396027976,533.403
1460,36,20,-60.68446175656826,39.386002396027976,535.783
1461,36,21,-69.65788915605015,39.38599898093339,537.459
1462,36,22,-78.63247768769092,39.385992150744215,538.234
1463,36,23,-87.60897184211014,39.38594433942003,537.977
1464,36,24,-83.41190938959652,-140.61397870726626,536.646
1465,36,25,-74.4295139517344,-140.6139923676446,534.287
1466,36,26,-65.44321847585623,-140.6139923676446,531.035
1467,36,27,-56.45264047136844,-140.6139923676446,527.105
1468,36,28,-47.457397447677536,-140.6139923676446,522.769
1469,36,29,-38.45735280100011,-140.6139923676446,518.336
1470,36,30,-29.4525236068091,-140.6139923676446,514.124
1471,36,31,-20.44307378964457,-140.6139923676446,510.428
1472,36,32,-11.429332906133979,-140.6139923676446,507.501
1473,36,33,-2.411769251122298,-140.6139923676446,505.525
1474,36,34,6.609011849875283,-140.6139923676446,504.6
1475,36,35,15.632399094928045,-140.6139923676446,504.734
1476,36,36,24.65764372454823,-140.6139923676446,505.847
1477,36,37,33.684006797645004,-140.6139923676446,507.775
1478,36,38,42.710754068882586,-140.6139923676446,510.293
1479,36,39,51.73718373632377,-140.6139923676446,513.135
1480,37,0,65.27484748262624,-131.61400236248053,517.393
1481,37,1,74.29783473472574,-131.61400236248053,519.854
1482,37,2,83.31858851496663,-131.6140160228589,521.774
1483,37,3,87.66326501582257,48.38607094836749,523.026
1484,37,4,78.64800953786353,48.38601972194871,523.564
1485,37,5,69.63588911673352,48.38601630685413,523.424
1486,37,6,60.62704718640513,48.38601289175954,522.723
1487,37,7,51.6216305959455,48.38601289175954,521.638
1488,37,8,42.6196905717734,48.38600947666496,520.39
1489,37,9,33.6212578497401,48.38600947666496,519.219
1490,37,10,24.62634609022394,48.38600947666496,518.355
1491,37,11,15.634888698880516,48.38600947666496,517.995
1492,37,12,6.646804567213432,48.38600947666496,518.279
1493,37,13,-2.3380674545530407,48.38600947666496,519.28
1494,37,14,-11.319955964312689,48.38600947666496,520.986
1495,37,15,-20.299153166095937,48.38600947666496,523.306
1496,37,16,-29.276041763939723,48.38600606157038,526.076
1497,37,17,-38.25107425787656,48.38600606157038,529.071
1498,37,18,-47.224836336627774,48.38600606157038,532.027
1499,37,19,-56.197942717218666,48.38600606157038,534.666
1500,37,20,-65.17107641856623,48.38600264647579,536.723
1501,37,21,-74.14499559166836,48.385999231381206,537.969
1502,37,22,-83.1204378969554,48.38598898609745,538.239
1503,37,23,-87.90184352353111,-131.6139204002105,537.445
1504,37,24,-78.92116929333986,-131.61397504172388,535.588
1505,37,25,-69.93687506288848,-131.6139887021022,532.761
1506,37,26,-60.94850320950261,-131.6139887021022,529.139
1507,37,27,-51.95560977088619,-131.6139887021022,524.969
1508,37,28,-42.95797959608037,-131.6139887021022,520.545
1509,37,29,-33.955530722815105,-131.6139887021022,516.183
1510,37,30,-24.948358773738775,-131.6139887021022,512.194
1511,37,31,-15.936713050756087,-131.6139887021022,508.855
1512,37,32,-6.920995254367601,-131.6139887021022,506.385
1513,37,33,2.098269758077648,-131.6139887021022,504.928
1514,37,34,11.120427355636398,-131.6139887021022,504.538
1515,37,35,20.144835287083254,-131.6139887021022,505.177
1516,37,36,29.17073049222188,-131.6139887021022,506.722
1517,37,37,38.19737531062192,-131.6139887021022,508.977
1518,37,38,47.22405086487322,-131.6139887021022,511.691
1519,37,39,56.25008096624796,-131.6139887021022,514.589
1520,38,0,60.762646931997395,-122.61399869693814,516.019
1521,38,1,69.78659724076986,-122.61399869693814,518.68
1522,38,2,78.80851898335884,-122.61399869693814,520.891
1523,38,3,87.82800917860328,-122.6140533384515,522.489
1524,38,4,83.15525820134413,57.38603363277487,523.384
1525,38,5,74.1415463461375,57.38601997239653,523.573
1526,38,6,65.13105151002996,57.38601997239653,523.134
1527,38,7,56.123910296804894,57.38601314220736,522.215
1528,38,8,47.120218329110685,57.38601314220736,521.02
1529,38,9,38.12003366355528,57.38601314220736,519.78
1530,38,10,29.123363130327846,57.38601314220736,518.735
1531,38,11,20.130189653955455,57.38601314220736,518.101
1532,38,12,11.140430418394427,57.38601314220736,518.05
1533,38,13,2.1539688835420443,57.38601314220736,518.689
1534,38,14,-6.8293686935387035,57.38601314220736,520.048
1535,38,15,-15.80986960767978,57.38601314220736,522.078
1536,38,16,-24.787857865979937,57.38601314220736,524.648
1537,38,17,-33.7637492562049,57.38601314220736,527.561
1538,38,18,-42.738078240657224,57.38601314220736,530.571
1539,38,19,-51.711430508058235,57.38600631201819,533.403
1540,38,20,-60.68446175656826,57.38600631201819,535.783
1541,38,21,-69.65788915605015,57.38600631201819,537.459
1542,38,22,-78.63247768769092,57.385999481829025,538.234
1543,38,23,-87.60897184211014,57.38595167050483,537.977
1544,38,24,-83.41190938959652,-122.61397137618147,536.646
1545,38,25,-74.4295139517344,-122.6139850365598,534.287
1546,38,26,-65.44321847585623,-122.6139850365598,531.035
1547,38,27,-56.45264047136844,-122.6139850365598,527.105
1548,38,28,-47.457397447677536,-122.6139850365598,522.769
1549,38,29,-38.45735280100011,-122.6139850365598,518.336
1550,38,30,-29.4525236068091,-122.6139850365598,514.124
1551,38,31,-20.44307378964457,-122.6139850365598,510.428
1552,38,32,-11.429332906133979,-122.6139850365598,507.501
1553,38,33,-2.411769251122298,-122.6139850365598,505.525
1554,38,34,6.609011849875283,-122.6139850365598,504.6
1555,38,35,15.632399094928045,-122.6139850365598,504.734
1556,38,36,24.65764372454823,-122.6139850365598,505.847
1557,38,37,33.684006797645004,-122.6139850365598,507.775
1558,38,38,42.710754068882586,-122.6139850365598,510.293
1559,38,39,51.73718373632377,-122.6139850365598,513.135
1560,39,0,65.27484748262624,-113.61398820120657,517.393
1561,39,1,74.29783473472574,-113.61399503139575,519.854
1562,39,2,83.31858851496663,-113.61400186158491,521.774
1563,39,3,87.66326501582257,66.38607827945229,523.026
1564,39,4,78.64800953786353,66.3860304681281,523.564
1565,39,5,69.63588911673352,66.38602363793893,523.424
1566,39,6,60.62704718640513,66.38602363793893,522.723
1567,39,7,51.6216305959455,66.38601680774977,521.638
1568,39,8,42.6196905717734,66.38601680774977,520.39
1569,39,9,33.6212578497401,66.38601680774977,519.219
1570,39,10,24.62634609022394,66.38601680774977,518.355
1571,39,11,15.634888698880516,66.38601680774977,517.995
1572,39,12,6.646804567213432,66.38601680774977,518.279
1573,39,13,-2.3380674545530407,66.38601680774977,519.28
1574,39,14,-11.319955964312689,66.38601680774977,520.986
1575,39,15,-20.299153166095937,66.38601680774977,523.306
1576,39,16,-29.276041763939723,66.38601680774977,526.076
1577,39,17,-38.25107425787656,66.38601680774977,529.071
1578,39,18,-47.224836336627774,66.38601680774977,532.027
1579,39,19,-56.197942717218666,66.38600997756059,534.666
1580,39,20,-65.17107641856623,66.38600997756059,536.723
1581,39,21,-74.14499559166836,66.38600997756059,537.969
1582,39,22,-83.1204378969554,66.38599631718225,538.239
1583,39,23,-87.90184352353111,-113.6139130691257,537.445
1584,39,24,-78.92116929333986,-113.61396771063906,535.588
1585,39,25,-69.93687506288848,-113.61397454082822,532.761
1586,39,26,-60.94850320950261,-113.6139813710174,529.139
1587,39,27,-51.95560977088619,-113.6139813710174,524.969
1588,39,28,-42.95797959608037,-113.6139813710174,520.545
1589,39,29,-33.955530722815105,-113.6139813710174,516.183
1590,39,30,-24.948358773738775,-113.6139813710174,512.194
1591,39,31,-15.936713050756087,-113.6139813710174,508.855
1592,39,32,-6.920995254367601,-113.6139813710174,506.385
1593,39,33,2.098269758077648,-113.6139813710174,504.928
1594,39,34,11.120427355636398,-113.6139813710174,504.538
1595,39,35,20.144835287083254,-113.6139813710174,505.177
1596,39,36,29.17073049222188,-113.61398820120657,506.722
1597,39,37,38.19737531062192,-113.61398820120657,508.977
1598,39,38,47.22405086487322,-113.61398820120657,511.691
1599,39,39,56.25008096624796,-113.61398820120657,514.589
