0,0,0,37.92740866858258,-103.10988808796814,508.9
1,0,1,46.95409105302305,-103.10988808796814,511.605
2,0,2,55.980148475154465,-103.10988808796814,514.501
3,0,3,65.0049730481407,-103.10988808796814,517.311
4,0,4,74.02802860213188,-103.10989491815732,519.785
5,0,5,83.04886434464284,-103.10990174834649,521.724
6,0,6,87.93290039368716,76.89018522287988,522.997
7,0,7,78.91756295345809,76.89013058136652,523.556
8,0,8,69.90533324930136,76.89012375117736,523.435
9,0,9,60.89639569632458,76.89012375117736,522.749
10,0,10,51.890862992649055,76.89011692098818,521.672
11,0,11,42.88881368545024,76.89011692098818,520.426
12,0,12,33.8902750954848,76.89011692098818,519.25
13,0,13,24.895247222752754,76.89011692098818,518.374
14,0,14,15.90369933140283,76.89011692098818,517.996
15,0,15,6.915508904916789,76.89011692098818,518.26
16,0,16,-2.0694632218097078,76.89011692098818,519.239
17,0,17,-11.051422808225405,76.89011692098818,520.926
18,0,18,-20.03069428831588,76.89011692098818,523.23
19,0,19,-29.007642650314903,76.89011692098818,525.99
20,0,20,-37.982736615954266,76.89011692098818,528.982
21,0,21,-46.956508939989234,76.89011692098818,531.943
22,0,22,-55.9296221507693,76.89011009079901,534.596
23,0,23,-64.90275243702229,76.89011009079901,536.674
24,0,24,-73.87663062898939,76.89011009079901,537.947
25,0,25,-82.85200463238472,76.89009643042067,538.248
26,0,26,-88.17035192018267,-103.10980612569811,537.486
27,0,27,-79.18979380320728,-103.10986759740064,535.66
28,0,28,-70.20562934635015,-103.10987442758982,532.86
29,0,29,-61.21737360618016,-103.10988125777898,529.258
30,0,30,-52.22462018644173,-103.10988125777898,525.101
31,0,31,-43.22713344560848,-103.10988125777898,520.679
32,0,32,-34.224831421410364,-103.10988125777898,516.311
33,0,33,-25.217801198759314,-103.10988125777898,512.306
34,0,34,-16.20631427767483,-103.10988125777898,508.944
35,0,35,-7.190711313841765,-103.10988125777898,506.445
36,0,36,1.8284561549643996,-103.10988125777898,504.956
37,0,37,10.850564020208255,-103.10988125777898,504.534
38,0,38,19.874916456368105,-103.10988125777898,505.143
39,0,39,28.900780925655468,-103.10988808796814,506.664
40,1,0,42.44078742684325,-94.10988442242575,510.211
41,1,1,51.467237584851944,-94.10988442242575,513.046
42,1,2,60.49275200694434,-94.10988442242575,515.933
43,1,3,69.51675012704099,-94.10989125261491,518.604
44,1,4,78.53874700171085,-94.1098980828041,520.832
45,1,5,87.55831915922533,-94.10993906393911,522.449
46,1,6,83.4248525980737,85.8901410770981,523.366
47,1,7,74.41104512021869,85.89012741671975,523.575
48,1,8,65.40044783127361,85.89012058653059,523.153
49,1,9,56.39319733502182,85.89012058653059,522.246
50,1,10,47.389402914490056,85.89012058653059,521.056
51,1,11,38.38910555081335,85.89012058653059,519.814
52,1,12,29.392329149653776,85.89012058653059,518.761
53,1,13,20.399051512896545,85.89012058653059,518.112
54,1,14,11.409190678271612,85.89012058653059,518.042
55,1,15,2.4226326669972034,85.89011375634142,518.659
56,1,16,-6.560808216694741,85.89011375634142,519.998
57,1,17,-15.541374871406578,85.89011375634142,522.009
58,1,18,-24.519431431598438,85.89011375634142,524.566
59,1,19,-33.49538770862051,85.89011375634142,527.473
60,1,20,-42.46974059873494,85.89011375634142,530.484
61,1,21,-51.443106526514285,85.89011375634142,533.326
62,1,22,-60.41613777502431,85.89011375634142,535.722
63,1,23,-69.38955151412785,85.89010692615224,537.423
64,1,24,-78.36407174387693,85.89010692615224,538.227
65,1,25,-87.34050442659363,85.89006594501723,538.002
66,1,26,-83.68049291832892,-94.10985710166906,536.703
67,1,27,-74.6981931031152,-94.10987076204741,534.373
68,1,28,-65.71204106120959,-94.10987759223659,531.145
69,1,29,-56.72157575484311,-94.10987759223659,527.232
70,1,30,-47.72647616512477,-94.10987759223659,522.903
71,1,31,-38.726581782609095,-94.10988442242575,518.468
72,1,32,-29.721896022390645,-94.10988442242575,514.244
73,1,33,-20.71258280900952,-94.10988442242575,510.529
74,1,34,-11.698993897207961,-94.10988442242575,507.575
75,1,35,-2.681536537015237,-94.10988442242575,505.569
76,1,36,6.339184372940283,-94.10988442242575,504.612
77,1,37,15.362505877422285,-94.10988442242575,504.715
78,1,38,24.387707818360155,-94.10988442242575,505.8
79,1,39,33.41405040088942,-94.10988442242575,507.707
80,2,0,37.92740866858258,-85.10988758707252,508.9
81,2,1,46.95409105302305,-85.10988758707252,511.605
82,2,2,55.980148475154465,-85.10988758707252,514.501
83,2,3,65.0049730481407,-85.10988758707252,517.311
84,2,4,74.02802860213188,-85.10989441726169,519.785
85,2,5,83.04886434464284,-85.10990124745086,521.724
86,2,6,87.93290039368716,94.89018572377552,522.997
87,2,7,78.91756295345809,94.89013108226216,523.556
88,2,8,69.90533324930136,94.89012425207298,523.435
89,2,9,60.89639569632458,94.89012425207298,522.749
90,2,10,51.890862992649055,94.89011742188382,521.672
91,2,11,42.88881368545024,94.89011742188382,520.426
92,2,12,33.8902750954848,94.89011742188382,519.25
93,2,13,24.895247222752754,94.89011742188382,518.374
94,2,14,15.90369933140283,94.89011742188382,517.996
95,2,15,6.915508904916789,94.89011742188382,518.26
96,2,16,-2.0694632218097078,94.89011742188382,519.239
97,2,17,-11.051422808225405,94.89011742188382,520.926
98,2,18,-20.03069428831588,94.89011742188382,523.23
99,2,19,-29.007642650314903,94.89011742188382,525.99
100,2,20,-37.982736615954266,94.89011742188382,528.982
101,2,21,-46.956508939989234,94.89011742188382,531.943
102,2,22,-55.9296221507693,94.89011059169465,534.596
103,2,23,-64.90275243702229,94.89011059169465,536.674
104,2,24,-73.87663062898939,94.89011059169465,537.947
105,2,25,-82.85200463238472,94.89009693131631,538.248
106,2,26,-88.17035192018267,-85.10980562480248,537.486
107,2,27,-79.18979380320728,-85.10986709650501,535.66
108,2,28,-70.20562934635015,-85.10987392669418,532.86
109,2,29,-61.21737360618016,-85.10988075688334,529.258
110,2,30,-52.22462018644173,-85.10988075688334,525.101
111,2,31,-43.22713344560848,-85.10988075688334,520.679
112,2,32,-34.224831421410364,-85.10988075688334,516.311
113,2,33,-25.217801198759314,-85.10988075688334,512.306
114,2,34,-16.20631427767483,-85.10988075688334,508.944
115,2,35,-7.190711313841765,-85.10988075688334,506.445
116,2,36,1.8284561549643996,-85.10988075688334,504.956
117,2,37,10.850564020208255,-85.10988075688334,504.534
118,2,38,19.874916456368105,-85.10988075688334,505.143
119,2,39,28.900780925655468,-85.10988758707252,506.664
120,3,0,42.44078742684325,-76.10988392153011,510.211
121,3,1,51.467237584851944,-76.10988392153011,513.046
122,3,2,60.49275200694434,-76.10988392153011,515.933
123,3,3,69.51675012704099,-76.10989075171929,518.604
124,3,4,78.53874700171085,-76.10989758190846,520.832
125,3,5,87.55831915922533,-76.10993856304347,522.449
126,3,6,83.4248525980737,103.89014157799373,523.366
127,3,7,74.41104512021869,103.89012791761539,523.575
128,3,8,65.40044783127361,103.89012108742622,523.153
129,3,9,56.39319733502182,103.89012108742622,522.246
130,3,10,47.389402914490056,103.89012108742622,521.056
131,3,11,38.38910555081335,103.89012108742622,519.814
132,3,12,29.392329149653776,103.89012108742622,518.761
133,3,13,20.399051512896545,103.89012108742622,518.112
134,3,14,11.409190678271612,103.89012108742622,518.042
135,3,15,2.4226326669972034,103.89011425723704,518.659
136,3,16,-6.560808216694741,103.89011425723704,519.998
137,3,17,-15.541374871406578,103.89011425723704,522.009
138,3,18,-24.519431431598438,103.89011425723704,524.566
139,3,19,-33.49538770862051,103.89011425723704,527.473
140,3,20,-42.46974059873494,103.89011425723704,530.484
141,3,21,-51.443106526514285,103.89011425723704,533.326
142,3,22,-60.41613777502431,103.89011425723704,535.722
143,3,23,-69.38955151412785,103.89010742704788,537.423
144,3,24,-78.36407174387693,103.89010742704788,538.227
145,3,25,-87.34050442659363,103.89006644591285,538.002
146,3,26,-83.68049291832892,-76.10985660077344,536.703
147,3,27,-74.6981931031152,-76.10987026115177,534.373
148,3,28,-65.71204106120959,-76.10987709134095,531.145
149,3,29,-56.72157575484311,-76.10987709134095,527.232
150,3,30,-47.72647616512477,-76.10987709134095,522.903
151,3,31,-38.726581782609095,-76.10988392153011,518.468
152,3,32,-29.721896022390645,-76.10988392153011,514.244
153,3,33,-20.71258280900952,-76.10988392153011,510.529
154,3,34,-11.698993897207961,-76.10988392153011,507.575
155,3,35,-2.681536537015237,-76.10988392153011,505.569
156,3,36,6.339184372940283,-76.10988392153011,504.612
157,3,37,15.362505877422285,-76.10988392153011,504.715
158,3,38,24.387707818360155,-76.10988392153011,505.8
159,3,39,33.41405040088942,-76.10988392153011,507.707
160,4,0,37.92740866858258,-67.10988708617688,508.9
161,4,1,46.95409105302305,-67.10988708617688,511.605
162,4,2,55.980148475154465,-67.10988708617688,514.501
163,4,3,65.0049730481407,-67.10988708617688,517.311
164,4,4,74.02802860213188,-67.10989391636605,519.785
165,4,5,83.04886434464284,-67.10990074655523,521.724
166,4,6,87.93290039368716,112.89018622467115,522.997
167,4,7,78.91756295345809,112.8901315831578,523.556
168,4,8,69.90533324930136,112.89012475296862,523.435
169,4,9,60.89639569632458,112.89012475296862,522.749
170,4,10,51.890862992649055,112.89011792277945,521.672
171,4,11,42.88881368545024,112.89011792277945,520.426
172,4,12,33.8902750954848,112.89011792277945,519.25
173,4,13,24.895247222752754,112.89011792277945,518.374
174,4,14,15.90369933140283,112.89011792277945,517.996
175,4,15,6.915508904916789,112.89011792277945,518.26
176,4,16,-2.0694632218097078,112.89011792277945,519.239
177,4,17,-11.051422808225405,112.89011792277945,520.926
178,4,18,-20.03069428831588,112.89011792277945,523.23
179,4,19,-29.007642650314903,112.89011792277945,525.99
180,4,20,-37.982736615954266,112.89011792277945,528.982
181,4,21,-46.956508939989234,112.89011792277945,531.943
182,4,22,-55.9296221507693,112.89011109259027,534.596
183,4,23,-64.90275243702229,112.89011109259027,536.674
184,4,24,-73.87663062898939,112.89011109259027,537.947
185,4,25,-82.85200463238472,112.89009743221195,538.248
186,4,26,-88.17035192018267,-67.10980512390684,537.486
187,4,27,-79.18979380320728,-67.10986659560938,535.66
188,4,28,-70.20562934635015,-67.10987342579854,532.86
189,4,29,-61.21737360618016,-67.10988025598772,529.258
190,4,30,-52.22462018644173,-67.10988025598772,525.101
191,4,31,-43.22713344560848,-67.10988025598772,520.679
192,4,32,-34.224831421410364,-67.10988025598772,516.311
193,4,33,-25.217801198759314,-67.10988025598772,512.306
194,4,34,-16.20631427767483,-67.10988025598772,508.944
195,4,35,-7.190711313841765,-67.10988025598772,506.445
196,4,36,1.8284561549643996,-67.10988025598772,504.956
197,4,37,10.850564020208255,-67.10988025598772,504.534
198,4,38,19.874916456368105,-67.10988025598772,505.143
199,4,39,28.900780925655468,-67.10988708617688,506.664
200,5,0,42.44078742684325,-58.10988342063448,510.211
201,5,1,51.467237584851944,-58.10988342063448,513.046
202,5,2,60.49275200694434,-58.10988342063448,515.933
203,5,3,69.51675012704099,-58.10989025082365,518.604
204,5,4,78.53874700171085,-58.109897081012825,520.832
205,5,5,87.55831915922533,-58.10993806214784,522.449
206,5,6,83.4248525980737,121.89013524870019,523.366
207,5,7,74.41104512021869,121.89012158832185,523.575
208,5,8,65.40044783127361,121.89012158832185,523.153
209,5,9,56.39319733502182,121.89012158832185,522.246
210,5,10,47.389402914490056,121.89012158832185,521.056
211,5,11,38.38910555081335,121.89012158832185,519.814
212,5,12,29.392329149653776,121.89012158832185,518.761
213,5,13,20.399051512896545,121.89012158832185,518.112
214,5,14,11.409190678271612,121.89012158832185,518.042
215,5,15,2.4226326669972034,121.89012158832185,518.659
216,5,16,-6.560808216694741,121.89012158832185,519.998
217,5,17,-15.541374871406578,121.89012158832185,522.009
218,5,18,-24.519431431598438,121.89012158832185,524.566
219,5,19,-33.49538770862051,121.89012158832185,527.473
220,5,20,-42.46974059873494,121.89012158832185,530.484
221,5,21,-51.443106526514285,121.89012158832185,533.326
222,5,22,-60.41613777502431,121.89010792794352,535.722
223,5,23,-69.38955151412785,121.89010792794352,537.423
224,5,24,-78.36407174387693,121.89010792794352,538.227
225,5,25,-87.34050442659363,121.89006694680849,538.002
226,5,26,-83.68049291832892,-58.1098560998778,536.703
227,5,27,-74.6981931031152,-58.109869760256146,534.373
228,5,28,-65.71204106120959,-58.10987659044531,531.145
229,5,29,-56.72157575484311,-58.10987659044531,527.232
230,5,30,-47.72647616512477,-58.10987659044531,522.903
231,5,31,-38.726581782609095,-58.10988342063448,518.468
232,5,32,-29.721896022390645,-58.10988342063448,514.244
233,5,33,-20.71258280900952,-58.10988342063448,510.529
234,5,34,-11.698993897207961,-58.10988342063448,507.575
235,5,35,-2.681536537015237,-58.10988342063448,505.569
236,5,36,6.339184372940283,-58.10988342063448,504.612
237,5,37,15.362505877422285,-58.10988342063448,504.715
238,5,38,24.387707818360155,-58.10988342063448,505.8
239,5,39,33.41405040088942,-58.10988342063448,507.707
240,6,0,37.92740866858258,-49.10988317018666,508.9
241,6,1,46.95409105302305,-49.10988317018666,511.605
242,6,2,55.980148475154465,-49.10988658528125,514.501
243,6,3,65.0049730481407,-49.10988658528125,517.311
244,6,4,74.02802860213188,-49.109890000375835,519.785
245,6,5,83.04886434464284,-49.10990366075418,521.724
246,6,6,87.93290039368716,130.89019355575596,522.997
247,6,7,78.91756295345809,130.89012525386426,523.556
248,6,8,69.90533324930136,130.89012525386426,523.435
249,6,9,60.89639569632458,130.89012525386426,522.749
250,6,10,51.890862992649055,130.89012525386426,521.672
251,6,11,42.88881368545024,130.89012525386426,520.426
252,6,12,33.8902750954848,130.89012525386426,519.25
253,6,13,24.895247222752754,130.89012525386426,518.374
254,6,14,15.90369933140283,130.89012525386426,517.996
255,6,15,6.915508904916789,130.89012525386426,518.26
256,6,16,-2.0694632218097078,130.89011159348593,519.239
257,6,17,-11.051422808225405,130.89011159348593,520.926
258,6,18,-20.03069428831588,130.89011159348593,523.23
259,6,19,-29.007642650314903,130.89011159348593,525.99
260,6,20,-37.982736615954266,130.89011159348593,528.982
261,6,21,-46.956508939989234,130.89011159348593,531.943
262,6,22,-55.9296221507693,130.89011159348593,534.596
263,6,23,-64.90275243702229,130.89011159348593,536.674
264,6,24,-73.87663062898939,130.89011159348593,537.947
265,6,25,-82.85200463238472,130.89009793310757,538.248
266,6,26,-88.17035192018267,-49.10980462301121,537.486
267,6,27,-79.18979380320728,-49.10986950980833,535.66
268,6,28,-70.20562934635015,-49.1098763399975,532.86
269,6,29,-61.21737360618016,-49.1098763399975,529.258
270,6,30,-52.22462018644173,-49.10987975509208,525.101
271,6,31,-43.22713344560848,-49.10987975509208,520.679
272,6,32,-34.224831421410364,-49.10987975509208,516.311
273,6,33,-25.217801198759314,-49.10987975509208,512.306
274,6,34,-16.20631427767483,-49.10987975509208,508.944
275,6,35,-7.190711313841765,-49.10988317018666,506.445
276,6,36,1.8284561549643996,-49.10988317018666,504.956
277,6,37,10.850564020208255,-49.10988317018666,504.534
278,6,38,19.874916456368105,-49.10988317018666,505.143
279,6,39,28.900780925655468,-49.10988317018666,506.664
280,7,0,42.44078742684325,-40.10988633483343,510.211
281,7,1,51.467237584851944,-40.10988974992802,513.046
282,7,2,60.49275200694434,-40.10988974992802,515.933
283,7,3,69.51675012704099,-40.109893165022605,518.604
284,7,4,78.53874700171085,-40.10989658011719,520.832
285,7,5,87.55831915922533,-40.10994439144138,522.449
286,7,6,83.4248525980737,139.890142579785,523.366
287,7,7,74.41104512021869,139.89012891940666,523.575
288,7,8,65.40044783127361,139.8901152590283,523.153
289,7,9,56.39319733502182,139.8901152590283,522.246
290,7,10,47.389402914490056,139.8901152590283,521.056
291,7,11,38.38910555081335,139.8901152590283,519.814
292,7,12,29.392329149653776,139.8901152590283,518.761
293,7,13,20.399051512896545,139.8901152590283,518.112
294,7,14,11.409190678271612,139.8901152590283,518.042
295,7,15,2.4226326669972034,139.8901152590283,518.659
296,7,16,-6.560808216694741,139.8901152590283,519.998
297,7,17,-15.541374871406578,139.8901152590283,522.009
298,7,18,-24.519431431598438,139.8901152590283,524.566
299,7,19,-33.49538770862051,139.8901152590283,527.473
300,7,20,-42.46974059873494,139.8901152590283,530.484
301,7,21,-51.443106526514285,139.8901152590283,533.326
302,7,22,-60.41613777502431,139.8901152590283,535.722
303,7,23,-69.38955151412785,139.89010159864998,537.423
304,7,24,-78.36407174387693,139.89010159864998,538.227
305,7,25,-87.34050442659363,139.89006061751496,538.002
306,7,26,-83.68049291832892,-40.109862429171336,536.703
307,7,27,-74.6981931031152,-40.10987608954968,534.373
308,7,28,-65.71204106120959,-40.10987950464426,531.145
309,7,29,-56.72157575484311,-40.10987950464426,527.232
310,7,30,-47.72647616512477,-40.10988291973885,522.903
311,7,31,-38.726581782609095,-40.10988291973885,518.468
312,7,32,-29.721896022390645,-40.10988291973885,514.244
313,7,33,-20.71258280900952,-40.10988291973885,510.529
314,7,34,-11.698993897207961,-40.10988291973885,507.575
315,7,35,-2.681536537015237,-40.10988633483343,505.569
316,7,36,6.339184372940283,-40.10988633483343,504.612
317,7,37,15.362505877422285,-40.10988633483343,504.715
318,7,38,24.387707818360155,-40.10988633483343,505.8
319,7,39,33.41405040088942,-40.10988633483343,507.707
320,8,0,37.92740866858258,-31.109882669291032,508.9
321,8,1,46.95409105302305,-31.109882669291032,511.605
322,8,2,55.980148475154465,-31.109886084385618,514.501
323,8,3,65.0049730481407,-31.109886084385618,517.311
324,8,4,74.02802860213188,-31.109889499480204,519.785
325,8,5,83.04886434464284,-31.109903159858543,521.724
326,8,6,87.93290039368716,148.89018722646242,522.997
327,8,7,78.91756295345809,148.89013258494904,523.556
328,8,8,69.90533324930136,148.89011892457071,523.435
329,8,9,60.89639569632458,148.89011892457071,522.749
330,8,10,51.890862992649055,148.89011892457071,521.672
331,8,11,42.88881368545024,148.89011892457071,520.426
332,8,12,33.8902750954848,148.89011892457071,519.25
333,8,13,24.895247222752754,148.89011892457071,518.374
334,8,14,15.90369933140283,148.89011892457071,517.996
335,8,15,6.915508904916789,148.89011892457071,518.26
336,8,16,-2.0694632218097078,148.89011892457071,519.239
337,8,17,-11.051422808225405,148.89011892457071,520.926
338,8,18,-20.03069428831588,148.89011892457071,523.23
339,8,19,-29.007642650314903,148.89011892457071,525.99
340,8,20,-37.982736615954266,148.89011892457071,528.982
341,8,21,-46.956508939989234,148.89011892457071,531.943
342,8,22,-55.9296221507693,148.89011892457071,534.596
343,8,23,-64.90275243702229,148.89011892457071,536.674
344,8,24,-73.87663062898939,148.89010526419239,537.947
345,8,25,-82.85200463238472,148.89010526419239,538.248
346,8,26,-88.17035192018267,-31.109804122115577,537.486
347,8,27,-79.18979380320728,-31.109869008912693,535.66
348,8,28,-70.20562934635015,-31.109875839101864,532.86
349,8,29,-61.21737360618016,-31.109875839101864,529.258
350,8,30,-52.22462018644173,-31.109879254196446,525.101
351,8,31,-43.22713344560848,-31.109879254196446,520.679
352,8,32,-34.224831421410364,-31.109879254196446,516.311
353,8,33,-25.217801198759314,-31.109879254196446,512.306
354,8,34,-16.20631427767483,-31.109879254196446,508.944
355,8,35,-7.190711313841765,-31.109882669291032,506.445
356,8,36,1.8284561549643996,-31.109882669291032,504.956
357,8,37,10.850564020208255,-31.109882669291032,504.534
358,8,38,19.874916456368105,-31.109882669291032,505.143
359,8,39,28.900780925655468,-31.109882669291032,506.664
360,9,0,42.44078742684325,-22.109887541485094,510.211
361,9,1,51.467237584851944,-22.109887541485094,513.046
362,9,2,60.49275200694434,-22.109889249032385,515.933
363,9,3,69.51675012704099,-22.10989095657968,518.604
364,9,4,78.53874700171085,-22.109896079221556,520.832
365,9,5,87.55831915922533,-22.109943890545747,522.449
366,9,6,83.4248525980737,157.89013625049145,523.366
367,9,7,74.41104512021869,157.89012259011312,523.575
368,9,8,65.40044783127361,157.89012259011312,523.153
369,9,9,56.39319733502182,157.89012259011312,522.246
370,9,10,47.389402914490056,157.89012259011312,521.056
371,9,11,38.38910555081335,157.89012259011312,519.814
372,9,12,29.392329149653776,157.89012259011312,518.761
373,9,13,20.399051512896545,157.89012259011312,518.112
374,9,14,11.409190678271612,157.89012259011312,518.042
375,9,15,2.4226326669972034,157.89010892973477,518.659
376,9,16,-6.560808216694741,157.89010892973477,519.998
377,9,17,-15.541374871406578,157.89010892973477,522.009
378,9,18,-24.519431431598438,157.89010892973477,524.566
379,9,19,-33.49538770862051,157.89010892973477,527.473
380,9,20,-42.46974059873494,157.89010892973477,530.484
381,9,21,-51.443106526514285,157.89010892973477,533.326
382,9,22,-60.41613777502431,157.89010892973477,535.722
383,9,23,-69.38955151412785,157.89010892973477,537.423
384,9,24,-78.36407174387693,157.89010892973477,538.227
385,9,25,-87.34050442659363,157.89006794859975,538.002
386,9,26,-83.68049291832892,-22.109861928275706,536.703
387,9,27,-74.6981931031152,-22.109875588654045,534.373
388,9,28,-65.71204106120959,-22.10987900374863,531.145
389,9,29,-56.72157575484311,-22.109880711295922,527.232
390,9,30,-47.72647616512477,-22.109882418843217,522.903
391,9,31,-38.726581782609095,-22.109882418843217,518.468
392,9,32,-29.721896022390645,-22.109882418843217,514.244
393,9,33,-20.71258280900952,-22.109884126390508,510.529
394,9,34,-11.698993897207961,-22.109884126390508,507.575
395,9,35,-2.681536537015237,-22.109884126390508,505.569
396,9,36,6.339184372940283,-22.109884126390508,504.612
397,9,37,15.362505877422285,-22.109885833937803,504.715
398,9,38,24.387707818360155,-22.109885833937803,505.8
399,9,39,33.41405040088942,-22.109885833937803,507.707
400,10,0,37.92740866858258,-13.109883022169045,508.9
401,10,1,46.95409105302305,-13.109883875942693,511.605
402,10,2,55.980148475154465,-13.109884729716338,514.501
403,10,3,65.0049730481407,-13.109886437263631,517.311
404,10,4,74.02802860213188,-13.109889852358215,519.785
405,10,5,83.04886434464284,-13.109900951415616,521.724
406,10,6,87.93290039368716,166.89019455754723,522.997
407,10,7,78.91756295345809,166.89012625565553,523.556
408,10,8,69.90533324930136,166.89012625565553,523.435
409,10,9,60.89639569632458,166.89012625565553,522.749
410,10,10,51.890862992649055,166.89012625565553,521.672
411,10,11,42.88881368545024,166.89012625565553,520.426
412,10,12,33.8902750954848,166.89012625565553,519.25
413,10,13,24.895247222752754,166.89012625565553,518.374
414,10,14,15.90369933140283,166.89012625565553,517.996
415,10,15,6.915508904916789,166.89012625565553,518.26
416,10,16,-2.0694632218097078,166.89011259527717,519.239
417,10,17,-11.051422808225405,166.89011259527717,520.926
418,10,18,-20.03069428831588,166.89011259527717,523.23
419,10,19,-29.007642650314903,166.89011259527717,525.99
420,10,20,-37.982736615954266,166.89011259527717,528.982
421,10,21,-46.956508939989234,166.89011259527717,531.943
422,10,22,-55.9296221507693,166.89011259527717,534.596
423,10,23,-64.90275243702229,166.89011259527717,536.674
424,10,24,-73.87663062898939,166.89011259527717,537.947
425,10,25,-82.85200463238472,166.89009893489884,538.248
426,10,26,-88.17035192018267,-13.109802767446299,537.486
427,10,27,-79.18979380320728,-13.109867654243413,535.66
428,10,28,-70.20562934635015,-13.109873630658937,532.86
429,10,29,-61.21737360618016,-13.109876191979875,529.258
430,10,30,-52.22462018644173,-13.109877899527168,525.101
431,10,31,-43.22713344560848,-13.109878753300814,520.679
432,10,32,-34.224831421410364,-13.109878753300814,516.311
433,10,33,-25.217801198759314,-13.109879607074461,512.306
434,10,34,-16.20631427767483,-13.109880460848107,508.944
435,10,35,-7.190711313841765,-13.109880460848107,506.445
436,10,36,1.8284561549643996,-13.109881314621752,504.956
437,10,37,10.850564020208255,-13.109881314621752,504.534
438,10,38,19.874916456368105,-13.109881314621752,505.143
439,10,39,28.900780925655468,-13.1098821683954,506.664
440,11,0,42.44078742684325,-4.109886186815814,510.211
441,11,1,51.467237584851944,-4.10988704058946,513.046
442,11,2,60.49275200694434,-4.1098883212499295,515.933
443,11,3,69.51675012704099,-4.109890882570868,518.604
444,11,4,78.53874700171085,-4.109896432099569,520.832
445,11,5,87.55831915922533,-4.10994296276329,522.449
446,11,6,83.4248525980737,175.89014358157627,523.366
447,11,7,74.41104512021869,175.8901299211979,523.575
448,11,8,65.40044783127361,175.89011626081958,523.153
449,11,9,56.39319733502182,175.89011626081958,522.246
450,11,10,47.389402914490056,175.89011626081958,521.056
451,11,11,38.38910555081335,175.89011626081958,519.814
452,11,12,29.392329149653776,175.89011626081958,518.761
453,11,13,20.399051512896545,175.89011626081958,518.112
454,11,14,11.409190678271612,175.89011626081958,518.042
455,11,15,2.4226326669972034,175.89011626081958,518.659
456,11,16,-6.560808216694741,175.89011626081958,519.998
457,11,17,-15.541374871406578,175.89011626081958,522.009
458,11,18,-24.519431431598438,175.89011626081958,524.566
459,11,19,-33.49538770862051,175.89011626081958,527.473
460,11,20,-42.46974059873494,175.89011626081958,530.484
461,11,21,-51.443106526514285,175.89011626081958,533.326
462,11,22,-60.41613777502431,175.89011626081958,535.722
463,11,23,-69.38955151412785,175.89010260044125,537.423
464,11,24,-78.36407174387693,175.89010260044125,538.227
465,11,25,-87.34050442659363,175.8900616193062,538.002
466,11,26,-83.68049291832892,-4.109861427380072,536.703
467,11,27,-74.6981931031152,-4.109874660871589,534.373
468,11,28,-65.71204106120959,-4.109878502852998,531.145
469,11,29,-56.72157575484311,-4.10988021040029,527.232
470,11,30,-47.72647616512477,-4.109881064173936,522.903
471,11,31,-38.726581782609095,-4.1098819179475825,518.468
472,11,32,-29.721896022390645,-4.109882344834405,514.244
473,11,33,-20.71258280900952,-4.109883198608052,510.529
474,11,34,-11.698993897207961,-4.109883625494875,507.575
475,11,35,-2.681536537015237,-4.109884052381698,505.569
476,11,36,6.339184372940283,-4.109884052381698,504.612
477,11,37,15.362505877422285,-4.109884479268521,504.715
478,11,38,24.387707818360155,-4.109884906155345,505.8
479,11,39,33.41405040088942,-4.109885759928991,507.707
480,12,0,37.92740866858258,4.890117905613411,508.9
481,12,1,46.95409105302305,4.8901170518397645,511.605
482,12,2,55.980148475154465,4.890115771179295,514.501
483,12,3,65.0049730481407,4.890114490518826,517.311
484,12,4,74.02802860213188,4.890111075424241,519.785
485,12,5,83.04886434464284,4.890099122593194,521.724
486,12,6,87.93290039368716,-175.10980812928065,522.997
487,12,7,78.91756295345809,-175.109862770794,523.556
488,12,8,69.90533324930136,-175.10987643117235,523.435
489,12,9,60.89639569632458,-175.10987643117235,522.749
490,12,10,51.890862992649055,-175.10987643117235,521.672
491,12,11,42.88881368545024,-175.10987643117235,520.426
492,12,12,33.8902750954848,-175.10987643117235,519.25
493,12,13,24.895247222752754,-175.10987643117235,518.374
494,12,14,15.90369933140283,-175.10987643117235,517.996
495,12,15,6.915508904916789,-175.10987643117235,518.26
496,12,16,-2.0694632218097078,-175.10987643117235,519.239
497,12,17,-11.051422808225405,-175.10987643117235,520.926
498,12,18,-20.03069428831588,-175.10987643117235,523.23
499,12,19,-29.007642650314903,-175.10987643117235,525.99
500,12,20,-37.982736615954266,-175.10987643117235,528.982
501,12,21,-46.956508939989234,-175.10987643117235,531.943
502,12,22,-55.9296221507693,-175.10989009155068,534.596
503,12,23,-64.90275243702229,-175.10989009155068,536.674
504,12,24,-73.87663062898939,-175.10989009155068,537.947
505,12,25,-82.85200463238472,-175.109903751929,538.248
506,12,26,-88.17035192018267,4.890198160336158,537.486
507,12,27,-79.18979380320728,4.890132846652221,535.66
508,12,28,-70.20562934635015,4.890126443349874,532.86
509,12,29,-61.21737360618016,4.890124308915758,529.258
510,12,30,-52.22462018644173,4.890123028255289,525.101
511,12,31,-43.22713344560848,4.890122174481642,520.679
512,12,32,-34.224831421410364,4.890121320707996,516.311
513,12,33,-25.217801198759314,4.890120893821173,512.306
514,12,34,-16.20631427767483,4.890120466934349,508.944
515,12,35,-7.190711313841765,4.890120040047527,506.445
516,12,36,1.8284561549643996,4.890119613160704,504.956
517,12,37,10.850564020208255,4.89011918627388,504.534
518,12,38,19.874916456368105,4.890118759387057,505.143
519,12,39,28.900780925655468,4.890118332500234,506.664
520,13,0,42.44078742684325,13.89012114426899,510.211
521,13,1,51.467237584851944,13.890120290495343,513.046
522,13,2,60.49275200694434,13.89011858294805,515.933
523,13,3,69.51675012704099,13.890116875400759,518.604
524,13,4,78.53874700171085,13.890110898985235,520.832
525,13,5,87.55831915922533,13.890064795208337,522.449
526,13,6,83.4248525980737,-166.10985910525162,523.366
527,13,7,74.41104512021869,-166.10987276562994,523.575
528,13,8,65.40044783127361,-166.10987276562994,523.153
529,13,9,56.39319733502182,-166.10987276562994,522.246
530,13,10,47.389402914490056,-166.10987276562994,521.056
531,13,11,38.38910555081335,-166.10987276562994,519.814
532,13,12,29.392329149653776,-166.10987276562994,518.761
533,13,13,20.399051512896545,-166.10987276562994,518.112
534,13,14,11.409190678271612,-166.10987276562994,518.042
535,13,15,2.4226326669972034,-166.10987276562994,518.659
536,13,16,-6.560808216694741,-166.10987276562994,519.998
537,13,17,-15.541374871406578,-166.10987276562994,522.009
538,13,18,-24.519431431598438,-166.10987276562994,524.566
539,13,19,-33.49538770862051,-166.10987276562994,527.473
540,13,20,-42.46974059873494,-166.10987276562994,530.484
541,13,21,-51.443106526514285,-166.10988642600827,533.326
542,13,22,-60.41613777502431,-166.10988642600827,535.722
543,13,23,-69.38955151412785,-166.10988642600827,537.423
544,13,24,-78.36407174387693,-166.10988642600827,538.227
545,13,25,-87.34050442659363,-166.10992740714332,538.002
546,13,26,-83.68049291832892,13.890145903704731,536.703
547,13,27,-74.6981931031152,13.890132243326391,534.373
548,13,28,-65.71204106120959,13.890128828231806,531.145
549,13,29,-56.72157575484311,13.890127120684513,527.232
550,13,30,-47.72647616512477,13.890126266910867,522.903
551,13,31,-38.726581782609095,13.890125413137222,518.468
552,13,32,-29.721896022390645,13.890124559363574,514.244
553,13,33,-20.71258280900952,13.890124559363574,510.529
554,13,34,-11.698993897207961,13.890123705589929,507.575
555,13,35,-2.681536537015237,13.890123705589929,505.569
556,13,36,6.339184372940283,13.890122851816281,504.612
557,13,37,15.362505877422285,13.890122851816281,504.715
558,13,38,24.387707818360155,13.890121998042636,505.8
559,13,39,33.41405040088942,13.890121998042636,507.707
560,14,0,37.92740866858258,22.8901120032067,508.9
561,14,1,46.95409105302305,22.890110295659404,511.605
562,14,2,55.980148475154465,22.890110295659404,514.501
563,14,3,65.0049730481407,22.890108588112113,517.311
564,14,4,74.02802860213188,22.890105173017528,519.785
565,14,5,83.04886434464284,22.89009322018648,521.724
566,14,6,87.93290039368716,-157.1098144585742,522.997
567,14,7,78.91756295345809,-157.10986910008754,523.556
568,14,8,69.90533324930136,-157.1098827604659,523.435
569,14,9,60.89639569632458,-157.1098827604659,522.749
570,14,10,51.890862992649055,-157.1098827604659,521.672
571,14,11,42.88881368545024,-157.1098827604659,520.426
572,14,12,33.8902750954848,-157.1098827604659,519.25
573,14,13,24.895247222752754,-157.1098827604659,518.374
574,14,14,15.90369933140283,-157.1098827604659,517.996
575,14,15,6.915508904916789,-157.1098827604659,518.26
576,14,16,-2.0694632218097078,-157.1098827604659,519.239
577,14,17,-11.051422808225405,-157.1098827604659,520.926
578,14,18,-20.03069428831588,-157.1098827604659,523.23
579,14,19,-29.007642650314903,-157.1098827604659,525.99
580,14,20,-37.982736615954266,-157.1098827604659,528.982
581,14,21,-46.956508939989234,-157.1098827604659,531.943
582,14,22,-55.9296221507693,-157.10989642084422,534.596
583,14,23,-64.90275243702229,-157.10989642084422,536.674
584,14,24,-73.87663062898939,-157.10989642084422,537.947
585,14,25,-82.85200463238472,-157.10991008122255,538.248
586,14,26,-88.17035192018267,22.890192257929446,537.486
587,14,27,-79.18979380320728,22.89012566358504,535.66
588,14,28,-70.20562934635015,22.89012054094316,532.86
589,14,29,-61.21737360618016,22.890117125848576,529.258
590,14,30,-52.22462018644173,22.890117125848576,525.101
591,14,31,-43.22713344560848,22.89011541830128,520.679
592,14,32,-34.224831421410364,22.89011541830128,516.311
593,14,33,-25.217801198759314,22.89011371075399,512.306
594,14,34,-16.20631427767483,22.89011371075399,508.944
595,14,35,-7.190711313841765,22.89011371075399,506.445
596,14,36,1.8284561549643996,22.89011371075399,504.956
597,14,37,10.850564020208255,22.89011371075399,504.534
598,14,38,19.874916456368105,22.8901120032067,505.143
599,14,39,28.900780925655468,22.8901120032067,506.664
600,15,0,42.44078742684325,31.8901156687491,510.211
601,15,1,51.467237584851944,31.890112253654515,513.046
602,15,2,60.49275200694434,31.890112253654515,515.933
603,15,3,69.51675012704099,31.89010883855993,518.604
604,15,4,78.53874700171085,31.890105423465343,520.832
605,15,5,87.55831915922533,31.890057612141153,522.449
606,15,6,83.4248525980737,-148.10986543454513,523.366
607,15,7,74.41104512021869,-148.10987909492349,523.575
608,15,8,65.40044783127361,-148.10987909492349,523.153
609,15,9,56.39319733502182,-148.10987909492349,522.246
610,15,10,47.389402914490056,-148.10987909492349,521.056
611,15,11,38.38910555081335,-148.10987909492349,519.814
612,15,12,29.392329149653776,-148.10987909492349,518.761
613,15,13,20.399051512896545,-148.10987909492349,518.112
614,15,14,11.409190678271612,-148.10987909492349,518.042
615,15,15,2.4226326669972034,-148.10987909492349,518.659
616,15,16,-6.560808216694741,-148.10987909492349,519.998
617,15,17,-15.541374871406578,-148.10987909492349,522.009
618,15,18,-24.519431431598438,-148.10987909492349,524.566
619,15,19,-33.49538770862051,-148.10987909492349,527.473
620,15,20,-42.46974059873494,-148.10987909492349,530.484
621,15,21,-51.443106526514285,-148.10989275530181,533.326
622,15,22,-60.41613777502431,-148.10989275530181,535.722
623,15,23,-69.38955151412785,-148.10989275530181,537.423
624,15,24,-78.36407174387693,-148.10989275530181,538.227
625,15,25,-87.34050442659363,-148.10993373643683,538.002
626,15,26,-83.68049291832892,31.890139574411194,536.703
627,15,27,-74.6981931031152,31.890125914032854,534.373
628,15,28,-65.71204106120959,31.89012249893827,531.145
629,15,29,-56.72157575484311,31.89012249893827,527.232
630,15,30,-47.72647616512477,31.890119083843683,522.903
631,15,31,-38.726581782609095,31.890119083843683,518.468
632,15,32,-29.721896022390645,31.890119083843683,514.244
633,15,33,-20.71258280900952,31.890119083843683,510.529
634,15,34,-11.698993897207961,31.890119083843683,507.575
635,15,35,-2.681536537015237,31.8901156687491,505.569
636,15,36,6.339184372940283,31.8901156687491,504.612
637,15,37,15.362505877422285,31.8901156687491,504.715
638,15,38,24.387707818360155,31.8901156687491,505.8
639,15,39,33.41405040088942,31.8901156687491,507.707
640,16,0,37.92740866858258,40.8901193342915,508.9
641,16,1,46.95409105302305,40.8901193342915,511.605
642,16,2,55.980148475154465,40.890115919196916,514.501
643,16,3,65.0049730481407,40.890115919196916,517.311
644,16,4,74.02802860213188,40.89011250410233,519.785
645,16,5,83.04886434464284,40.89009884372399,521.724
646,16,6,87.93290039368716,-139.10980712748938,522.997
647,16,7,78.91756295345809,-139.10986176900275,523.556
648,16,8,69.90533324930136,-139.10987542938108,523.435
649,16,9,60.89639569632458,-139.10987542938108,522.749
650,16,10,51.890862992649055,-139.10987542938108,521.672
651,16,11,42.88881368545024,-139.10987542938108,520.426
652,16,12,33.8902750954848,-139.10987542938108,519.25
653,16,13,24.895247222752754,-139.10987542938108,518.374
654,16,14,15.90369933140283,-139.10987542938108,517.996
655,16,15,6.915508904916789,-139.10987542938108,518.26
656,16,16,-2.0694632218097078,-139.10987542938108,519.239
657,16,17,-11.051422808225405,-139.10987542938108,520.926
658,16,18,-20.03069428831588,-139.10987542938108,523.23
659,16,19,-29.007642650314903,-139.10987542938108,525.99
660,16,20,-37.982736615954266,-139.10987542938108,528.982
661,16,21,-46.956508939989234,-139.10987542938108,531.943
662,16,22,-55.9296221507693,-139.1098890897594,534.596
663,16,23,-64.90275243702229,-139.1098890897594,536.674
664,16,24,-73.87663062898939,-139.1098890897594,537.947
665,16,25,-82.85200463238472,-139.10990275013776,538.248
666,16,26,-88.17035192018267,40.89019788146695,537.486
667,16,27,-79.18979380320728,40.89013299466984,535.66
668,16,28,-70.20562934635015,40.89012616448067,532.86
669,16,29,-61.21737360618016,40.89012616448067,529.258
670,16,30,-52.22462018644173,40.89012274938609,525.101
671,16,31,-43.22713344560848,40.89012274938609,520.679
672,16,32,-34.224831421410364,40.89012274938609,516.311
673,16,33,-25.217801198759314,40.89012274938609,512.306
674,16,34,-16.20631427767483,40.89012274938609,508.944
675,16,35,-7.190711313841765,40.8901193342915,506.445
676,16,36,1.8284561549643996,40.8901193342915,504.956
677,16,37,10.850564020208255,40.8901193342915,504.534
678,16,38,19.874916456368105,40.8901193342915,505.143
679,16,39,28.900780925655468,40.8901193342915,506.664
680,17,0,42.44078742684325,49.89010933945556,510.211
681,17,1,51.467237584851944,49.89010592436098,513.046
682,17,2,60.49275200694434,49.89010592436098,515.933
683,17,3,69.51675012704099,49.89010250926639,518.604
684,17,4,78.53874700171085,49.89009909417181,520.832
685,17,5,87.55831915922533,49.890051282847615,522.449
686,17,6,83.4248525980737,-130.10987176383867,523.366
687,17,7,74.41104512021869,-130.10988542421703,523.575
688,17,8,65.40044783127361,-130.10988542421703,523.153
689,17,9,56.39319733502182,-130.10988542421703,522.246
690,17,10,47.389402914490056,-130.10988542421703,521.056
691,17,11,38.38910555081335,-130.10988542421703,519.814
692,17,12,29.392329149653776,-130.10988542421703,518.761
693,17,13,20.399051512896545,-130.10988542421703,518.112
694,17,14,11.409190678271612,-130.10988542421703,518.042
695,17,15,2.4226326669972034,-130.10988542421703,518.659
696,17,16,-6.560808216694741,-130.10988542421703,519.998
697,17,17,-15.541374871406578,-130.10988542421703,522.009
698,17,18,-24.519431431598438,-130.10988542421703,524.566
699,17,19,-33.49538770862051,-130.10988542421703,527.473
700,17,20,-42.46974059873494,-130.10988542421703,530.484
701,17,21,-51.443106526514285,-130.10989908459536,533.326
702,17,22,-60.41613777502431,-130.10989908459536,535.722
703,17,23,-69.38955151412785,-130.10989908459536,537.423
704,17,24,-78.36407174387693,-130.10989908459536,538.227
705,17,25,-87.34050442659363,-130.10994006573037,538.002
706,17,26,-83.68049291832892,49.89013324511766,536.703
707,17,27,-74.6981931031152,49.89011958473932,534.373
708,17,28,-65.71204106120959,49.890116169644735,531.145
709,17,29,-56.72157575484311,49.890116169644735,527.232
710,17,30,-47.72647616512477,49.890112754550145,522.903
711,17,31,-38.726581782609095,49.890112754550145,518.468
712,17,32,-29.721896022390645,49.890112754550145,514.244
713,17,33,-20.71258280900952,49.890112754550145,510.529
714,17,34,-11.698993897207961,49.890112754550145,507.575
715,17,35,-2.681536537015237,49.89010933945556,505.569
716,17,36,6.339184372940283,49.89010933945556,504.612
717,17,37,15.362505877422285,49.89010933945556,504.715
718,17,38,24.387707818360155,49.89010933945556,505.8
719,17,39,33.41405040088942,49.89010933945556,507.707
720,18,0,37.92740866858258,58.89010958990338,508.9
721,18,1,46.95409105302305,58.89010958990338,511.605
722,18,2,55.980148475154465,58.89010958990338,514.501
723,18,3,65.0049730481407,58.89010958990338,517.311
724,18,4,74.02802860213188,58.89010275971421,519.785
725,18,5,83.04886434464284,58.89009592952504,521.724
726,18,6,87.93290039368716,-121.10981345678292,522.997
727,18,7,78.91756295345809,-121.10986809829627,523.556
728,18,8,69.90533324930136,-121.10988175867462,523.435
729,18,9,60.89639569632458,-121.10988175867462,522.749
730,18,10,51.890862992649055,-121.10988175867462,521.672
731,18,11,42.88881368545024,-121.10988175867462,520.426
732,18,12,33.8902750954848,-121.10988175867462,519.25
733,18,13,24.895247222752754,-121.10988175867462,518.374
734,18,14,15.90369933140283,-121.10988175867462,517.996
735,18,15,6.915508904916789,-121.10988175867462,518.26
736,18,16,-2.0694632218097078,-121.10988175867462,519.239
737,18,17,-11.051422808225405,-121.10988175867462,520.926
738,18,18,-20.03069428831588,-121.10988175867462,523.23
739,18,19,-29.007642650314903,-121.10988175867462,525.99
740,18,20,-37.982736615954266,-121.10988175867462,528.982
741,18,21,-46.956508939989234,-121.10988175867462,531.943
742,18,22,-55.9296221507693,-121.10989541905296,534.596
743,18,23,-64.90275243702229,-121.10989541905296,536.674
744,18,24,-73.87663062898939,-121.10989541905296,537.947
745,18,25,-82.85200463238472,-121.10990907943129,538.248
746,18,26,-88.17035192018267,58.89019155217342,537.486
747,18,27,-79.18979380320728,58.89013008047089,535.66
748,18,28,-70.20562934635015,58.89012325028172,532.86
749,18,29,-61.21737360618016,58.890116420092546,529.258
750,18,30,-52.22462018644173,58.890116420092546,525.101
751,18,31,-43.22713344560848,58.890116420092546,520.679
752,18,32,-34.224831421410364,58.890116420092546,516.311
753,18,33,-25.217801198759314,58.890116420092546,512.306
754,18,34,-16.20631427767483,58.890116420092546,508.944
755,18,35,-7.190711313841765,58.890116420092546,506.445
756,18,36,1.8284561549643996,58.890116420092546,504.956
757,18,37,10.850564020208255,58.890116420092546,504.534
758,18,38,19.874916456368105,58.890116420092546,505.143
759,18,39,28.900780925655468,58.89010958990338,506.664
760,19,0,42.44078742684325,67.89011325544578,510.211
761,19,1,51.467237584851944,67.89011325544578,513.046
762,19,2,60.49275200694434,67.89011325544578,515.933
763,19,3,69.51675012704099,67.89011325544578,518.604
764,19,4,78.53874700171085,67.8901064252566,520.832
765,19,5,87.55831915922533,67.89005861393242,522.449
766,19,6,83.4248525980737,-112.1098576025647,523.366
767,19,7,74.41104512021869,-112.10987126294305,523.575
768,19,8,65.40044783127361,-112.10987809313221,523.153
769,19,9,56.39319733502182,-112.10987809313221,522.246
770,19,10,47.389402914490056,-112.10987809313221,521.056
771,19,11,38.38910555081335,-112.10987809313221,519.814
772,19,12,29.392329149653776,-112.10987809313221,518.761
773,19,13,20.399051512896545,-112.10987809313221,518.112
774,19,14,11.409190678271612,-112.10987809313221,518.042
775,19,15,2.4226326669972034,-112.10988492332139,518.659
776,19,16,-6.560808216694741,-112.10988492332139,519.998
777,19,17,-15.541374871406578,-112.10988492332139,522.009
778,19,18,-24.519431431598438,-112.10988492332139,524.566
779,19,19,-33.49538770862051,-112.10988492332139,527.473
780,19,20,-42.46974059873494,-112.10988492332139,530.484
781,19,21,-51.443106526514285,-112.10988492332139,533.326
782,19,22,-60.41613777502431,-112.10988492332139,535.722
783,19,23,-69.38955151412785,-112.10989175351055,537.423
784,19,24,-78.36407174387693,-112.10989175351055,538.227
785,19,25,-87.34050442659363,-112.10993273464557,538.002
786,19,26,-83.68049291832892,67.89014057620246,536.703
787,19,27,-74.6981931031152,67.89012691582413,534.373
788,19,28,-65.71204106120959,67.89012691582413,531.145
789,19,29,-56.72157575484311,67.89012008563495,527.232
790,19,30,-47.72647616512477,67.89012008563495,522.903
791,19,31,-38.726581782609095,67.89012008563495,518.468
792,19,32,-29.721896022390645,67.89012008563495,514.244
793,19,33,-20.71258280900952,67.89012008563495,510.529
794,19,34,-11.698993897207961,67.89012008563495,507.575
795,19,35,-2.681536537015237,67.89012008563495,505.569
796,19,36,6.339184372940283,67.89012008563495,504.612
797,19,37,15.362505877422285,67.89012008563495,504.715
798,19,38,24.387707818360155,67.89012008563495,505.8
799,19,39,33.41405040088942,67.89011325544578,507.707
800,20,0,37.92740866858258,76.89011692098818,508.9
801,20,1,46.95409105302305,76.89011692098818,511.605
802,20,2,55.980148475154465,76.89011692098818,514.501
803,20,3,65.0049730481407,76.89011692098818,517.311
804,20,4,74.02802860213188,76.89011009079901,519.785
805,20,5,83.04886434464284,76.89010326060985,521.724
806,20,6,87.93290039368716,-103.10980612569811,522.997
807,20,7,78.91756295345809,-103.10986759740064,523.556
808,20,8,69.90533324930136,-103.10987442758982,523.435
809,20,9,60.89639569632458,-103.10987442758982,522.749
810,20,10,51.890862992649055,-103.10987442758982,521.672
811,20,11,42.88881368545024,-103.10987442758982,520.426
812,20,12,33.8902750954848,-103.10987442758982,519.25
813,20,13,24.895247222752754,-103.10987442758982,518.374
814,20,14,15.90369933140283,-103.10987442758982,517.996
815,20,15,6.915508904916789,-103.10988125777898,518.26
816,20,16,-2.0694632218097078,-103.10988125777898,519.239
817,20,17,-11.051422808225405,-103.10988125777898,520.926
818,20,18,-20.03069428831588,-103.10988125777898,523.23
819,20,19,-29.007642650314903,-103.10988125777898,525.99
820,20,20,-37.982736615954266,-103.10988125777898,528.982
821,20,21,-46.956508939989234,-103.10988125777898,531.943
822,20,22,-55.9296221507693,-103.10988125777898,534.596
823,20,23,-64.90275243702229,-103.10988125777898,536.674
824,20,24,-73.87663062898939,-103.10988808796814,537.947
825,20,25,-82.85200463238472,-103.10989491815732,538.248
826,20,26,-88.17035192018267,76.89019888325822,537.486
827,20,27,-79.18979380320728,76.8901374115557,535.66
828,20,28,-70.20562934635015,76.89013058136652,532.86
829,20,29,-61.21737360618016,76.89012375117736,529.258
830,20,30,-52.22462018644173,76.89012375117736,525.101
831,20,31,-43.22713344560848,76.89012375117736,520.679
832,20,32,-34.224831421410364,76.89012375117736,516.311
833,20,33,-25.217801198759314,76.89012375117736,512.306
834,20,34,-16.20631427767483,76.89012375117736,508.944
835,20,35,-7.190711313841765,76.89012375117736,506.445
836,20,36,1.8284561549643996,76.89012375117736,504.956
837,20,37,10.850564020208255,76.89012375117736,504.534
838,20,38,19.874916456368105,76.89012375117736,505.143
839,20,39,28.900780925655468,76.89011692098818,506.664
840,21,0,42.44078742684325,85.89010692615224,510.211
841,21,1,51.467237584851944,85.89010692615224,513.046
842,21,2,60.49275200694434,85.89010692615224,515.933
843,21,3,69.51675012704099,85.89010692615224,518.604
844,21,4,78.53874700171085,85.89010009596308,520.832
845,21,5,87.55831915922533,85.89005228463888,522.449
846,21,6,83.4248525980737,-94.10986393185824,523.366
847,21,7,74.41104512021869,-94.10987759223659,523.575
848,21,8,65.40044783127361,-94.10988442242575,523.153
849,21,9,56.39319733502182,-94.10988442242575,522.246
850,21,10,47.389402914490056,-94.10988442242575,521.056
851,21,11,38.38910555081335,-94.10988442242575,519.814
852,21,12,29.392329149653776,-94.10988442242575,518.761
853,21,13,20.399051512896545,-94.10988442242575,518.112
854,21,14,11.409190678271612,-94.10988442242575,518.042
855,21,15,2.4226326669972034,-94.10989125261491,518.659
856,21,16,-6.560808216694741,-94.10989125261491,519.998
857,21,17,-15.541374871406578,-94.10989125261491,522.009
858,21,18,-24.519431431598438,-94.10989125261491,524.566
859,21,19,-33.49538770862051,-94.10989125261491,527.473
860,21,20,-42.46974059873494,-94.10989125261491,530.484
861,21,21,-51.443106526514285,-94.10989125261491,533.326
862,21,22,-60.41613777502431,-94.10989125261491,535.722
863,21,23,-69.38955151412785,-94.1098980828041,537.423
864,21,24,-78.36407174387693,-94.1098980828041,538.227
865,21,25,-87.34050442659363,-94.10993906393911,538.002
866,21,26,-83.68049291832892,85.89013424690893,536.703
867,21,27,-74.6981931031152,85.89012058653059,534.373
868,21,28,-65.71204106120959,85.89012058653059,531.145
869,21,29,-56.72157575484311,85.89011375634142,527.232
870,21,30,-47.72647616512477,85.89011375634142,522.903
871,21,31,-38.726581782609095,85.89011375634142,518.468
872,21,32,-29.721896022390645,85.89011375634142,514.244
873,21,33,-20.71258280900952,85.89011375634142,510.529
874,21,34,-11.698993897207961,85.89011375634142,507.575
875,21,35,-2.681536537015237,85.89011375634142,505.569
876,21,36,6.339184372940283,85.89011375634142,504.612
877,21,37,15.362505877422285,85.89011375634142,504.715
878,21,38,24.387707818360155,85.89011375634142,505.8
879,21,39,33.41405040088942,85.89010692615224,507.707
880,22,0,37.92740866858258,94.89011059169465,508.9
881,22,1,46.95409105302305,94.89011059169465,511.605
882,22,2,55.980148475154465,94.89011059169465,514.501
883,22,3,65.0049730481407,94.89011059169465,517.311
884,22,4,74.02802860213188,94.89010376150547,519.785
885,22,5,83.04886434464284,94.89009693131631,521.724
886,22,6,87.93290039368716,-85.10981245499164,522.997
887,22,7,78.91756295345809,-85.10987392669418,523.556
888,22,8,69.90533324930136,-85.10988075688334,523.435
889,22,9,60.89639569632458,-85.10988075688334,522.749
890,22,10,51.890862992649055,-85.10988075688334,521.672
891,22,11,42.88881368545024,-85.10988075688334,520.426
892,22,12,33.8902750954848,-85.10988075688334,519.25
893,22,13,24.895247222752754,-85.10988075688334,518.374
894,22,14,15.90369933140283,-85.10988075688334,517.996
895,22,15,6.915508904916789,-85.10988758707252,518.26
896,22,16,-2.0694632218097078,-85.10988758707252,519.239
897,22,17,-11.051422808225405,-85.10988758707252,520.926
898,22,18,-20.03069428831588,-85.10988758707252,523.23
899,22,19,-29.007642650314903,-85.10988758707252,525.99
900,22,20,-37.982736615954266,-85.10988758707252,528.982
901,22,21,-46.956508939989234,-85.10988758707252,531.943
902,22,22,-55.9296221507693,-85.10988758707252,534.596
903,22,23,-64.90275243702229,-85.10988758707252,536.674
904,22,24,-73.87663062898939,-85.10989441726169,537.947
905,22,25,-82.85200463238472,-85.10990124745086,538.248
906,22,26,-88.17035192018267,94.89019255396468,537.486
907,22,27,-79.18979380320728,94.89013108226216,535.66
908,22,28,-70.20562934635015,94.89012425207298,532.86
909,22,29,-61.21737360618016,94.89011742188382,529.258
910,22,30,-52.22462018644173,94.89011742188382,525.101
911,22,31,-43.22713344560848,94.89011742188382,520.679
912,22,32,-34.224831421410364,94.89011742188382,516.311
913,22,33,-25.217801198759314,94.89011742188382,512.306
914,22,34,-16.20631427767483,94.89011742188382,508.944
915,22,35,-7.190711313841765,94.89011742188382,506.445
916,22,36,1.8284561549643996,94.89011742188382,504.956
917,22,37,10.850564020208255,94.89011742188382,504.534
918,22,38,19.874916456368105,94.89011742188382,505.143
919,22,39,28.900780925655468,94.89011059169465,506.664
920,23,0,42.44078742684325,103.89011425723704,510.211
921,23,1,51.467237584851944,103.89011425723704,513.046
922,23,2,60.49275200694434,103.89011425723704,515.933
923,23,3,69.51675012704099,103.89011425723704,518.604
924,23,4,78.53874700171085,103.89010742704788,520.832
925,23,5,87.55831915922533,103.89005961572369,522.449
926,23,6,83.4248525980737,-76.10985660077344,523.366
927,23,7,74.41104512021869,-76.10987026115177,523.575
928,23,8,65.40044783127361,-76.10987709134095,523.153
929,23,9,56.39319733502182,-76.10987709134095,522.246
930,23,10,47.389402914490056,-76.10987709134095,521.056
931,23,11,38.38910555081335,-76.10987709134095,519.814
932,23,12,29.392329149653776,-76.10987709134095,518.761
933,23,13,20.399051512896545,-76.10987709134095,518.112
934,23,14,11.409190678271612,-76.10987709134095,518.042
935,23,15,2.4226326669972034,-76.10988392153011,518.659
936,23,16,-6.560808216694741,-76.10988392153011,519.998
937,23,17,-15.541374871406578,-76.10988392153011,522.009
938,23,18,-24.519431431598438,-76.10988392153011,524.566
939,23,19,-33.49538770862051,-76.10988392153011,527.473
940,23,20,-42.46974059873494,-76.10988392153011,530.484
941,23,21,-51.443106526514285,-76.10988392153011,533.326
942,23,22,-60.41613777502431,-76.10988392153011,535.722
943,23,23,-69.38955151412785,-76.10989075171929,537.423
944,23,24,-78.36407174387693,-76.10989075171929,538.227
945,23,25,-87.34050442659363,-76.1099317328543,538.002
946,23,26,-83.68049291832892,103.89014157799373,536.703
947,23,27,-74.6981931031152,103.89012791761539,534.373
948,23,28,-65.71204106120959,103.89012791761539,531.145
949,23,29,-56.72157575484311,103.89012108742622,527.232
950,23,30,-47.72647616512477,103.89012108742622,522.903
951,23,31,-38.726581782609095,103.89012108742622,518.468
952,23,32,-29.721896022390645,103.89012108742622,514.244
953,23,33,-20.71258280900952,103.89012108742622,510.529
954,23,34,-11.698993897207961,103.89012108742622,507.575
955,23,35,-2.681536537015237,103.89012108742622,505.569
956,23,36,6.339184372940283,103.89012108742622,504.612
957,23,37,15.362505877422285,103.89012108742622,504.715
958,23,38,24.387707818360155,103.89012108742622,505.8
959,23,39,33.41405040088942,103.89011425723704,507.707
960,24,0,37.92740866858258,112.89011792277945,508.9
961,24,1,46.95409105302305,112.89011792277945,511.605
962,24,2,55.980148475154465,112.89011792277945,514.501
963,24,3,65.0049730481407,112.89011792277945,517.311
964,24,4,74.02802860213188,112.89011109259027,519.785
965,24,5,83.04886434464284,112.89010426240111,521.724
966,24,6,87.93290039368716,-67.10980512390684,522.997
967,24,7,78.91756295345809,-67.10986659560938,523.556
968,24,8,69.90533324930136,-67.10987342579854,523.435
969,24,9,60.89639569632458,-67.10987342579854,522.749
970,24,10,51.890862992649055,-67.10987342579854,521.672
971,24,11,42.88881368545024,-67.10987342579854,520.426
972,24,12,33.8902750954848,-67.10987342579854,519.25
973,24,13,24.895247222752754,-67.10987342579854,518.374
974,24,14,15.90369933140283,-67.10987342579854,517.996
975,24,15,6.915508904916789,-67.10988025598772,518.26
976,24,16,-2.0694632218097078,-67.10988025598772,519.239
977,24,17,-11.051422808225405,-67.10988025598772,520.926
978,24,18,-20.03069428831588,-67.10988025598772,523.23
979,24,19,-29.007642650314903,-67.10988025598772,525.99
980,24,20,-37.982736615954266,-67.10988025598772,528.982
981,24,21,-46.956508939989234,-67.10988025598772,531.943
982,24,22,-55.9296221507693,-67.10988025598772,534.596
983,24,23,-64.90275243702229,-67.10988025598772,536.674
984,24,24,-73.87663062898939,-67.10988708617688,537.947
985,24,25,-82.85200463238472,-67.10989391636605,538.248
986,24,26,-88.17035192018267,112.89019988504948,537.486
987,24,27,-79.18979380320728,112.89013841334696,535.66
988,24,28,-70.20562934635015,112.8901315831578,532.86
989,24,29,-61.21737360618016,112.89012475296862,529.258
990,24,30,-52.22462018644173,112.89012475296862,525.101
991,24,31,-43.22713344560848,112.89012475296862,520.679
992,24,32,-34.224831421410364,112.89012475296862,516.311
993,24,33,-25.217801198759314,112.89012475296862,512.306
994,24,34,-16.20631427767483,112.89012475296862,508.944
995,24,35,-7.190711313841765,112.89012475296862,506.445
996,24,36,1.8284561549643996,112.89012475296862,504.956
997,24,37,10.850564020208255,112.89012475296862,504.534
998,24,38,19.874916456368105,112.89012475296862,505.143
999,24,39,28.900780925655468,112.89011792277945,506.664
1000,25,0,42.44078742684325,121.89010792794352,510.211
1001,25,1,51.467237584851944,121.89010792794352,513.046
1002,25,2,60.49275200694434,121.89010792794352,515.933
1003,25,3,69.51675012704099,121.89010792794352,518.604
1004,25,4,78.53874700171085,121.89009426756517,520.832
1005,25,5,87.55831915922533,121.89005328643015,522.449
1006,25,6,83.4248525980737,-58.109862930066974,523.366
1007,25,7,74.41104512021869,-58.10987659044531,523.575
1008,25,8,65.40044783127361,-58.10988342063448,523.153
1009,25,9,56.39319733502182,-58.10988342063448,522.246
1010,25,10,47.389402914490056,-58.10988342063448,521.056
1011,25,11,38.38910555081335,-58.10988342063448,519.814
1012,25,12,29.392329149653776,-58.10988342063448,518.761
1013,25,13,20.399051512896545,-58.10988342063448,518.112
1014,25,14,11.409190678271612,-58.10988342063448,518.042
1015,25,15,2.4226326669972034,-58.10989025082365,518.659
1016,25,16,-6.560808216694741,-58.10989025082365,519.998
1017,25,17,-15.541374871406578,-58.10989025082365,522.009
1018,25,18,-24.519431431598438,-58.10989025082365,524.566
1019,25,19,-33.49538770862051,-58.10989025082365,527.473
1020,25,20,-42.46974059873494,-58.10989025082365,530.484
1021,25,21,-51.443106526514285,-58.10989025082365,533.326
1022,25,22,-60.41613777502431,-58.10989025082365,535.722
1023,25,23,-69.38955151412785,-58.109897081012825,537.423
1024,25,24,-78.36407174387693,-58.109897081012825,538.227
1025,25,25,-87.34050442659363,-58.10993806214784,538.002
1026,25,26,-83.68049291832892,121.89013524870019,536.703
1027,25,27,-74.6981931031152,121.89012158832185,534.373
1028,25,28,-65.71204106120959,121.89012158832185,531.145
1029,25,29,-56.72157575484311,121.89012158832185,527.232
1030,25,30,-47.72647616512477,121.89012158832185,522.903
1031,25,31,-38.726581782609095,121.89010792794352,518.468
1032,25,32,-29.721896022390645,121.89010792794352,514.244
1033,25,33,-20.71258280900952,121.89010792794352,510.529
1034,25,34,-11.698993897207961,121.89010792794352,507.575
1035,25,35,-2.681536537015237,121.89010792794352,505.569
1036,25,36,6.339184372940283,121.89010792794352,504.612
1037,25,37,15.362505877422285,121.89010792794352,504.715
1038,25,38,24.387707818360155,121.89010792794352,505.8
1039,25,39,33.41405040088942,121.89010792794352,507.707
1040,26,0,37.92740866858258,130.89012525386426,508.9
1041,26,1,46.95409105302305,130.89012525386426,511.605
1042,26,2,55.980148475154465,130.89012525386426,514.501
1043,26,3,65.0049730481407,130.89012525386426,517.311
1044,26,4,74.02802860213188,130.89012525386426,519.785
1045,26,5,83.04886434464284,130.89011159348593,521.724
1046,26,6,87.93290039368716,-49.109801207916625,522.997
1047,26,7,78.91756295345809,-49.109855849429984,523.556
1048,26,8,69.90533324930136,-49.109862679619155,523.435
1049,26,9,60.89639569632458,-49.10986609471374,522.749
1050,26,10,51.890862992649055,-49.10986609471374,521.672
1051,26,11,42.88881368545024,-49.10986609471374,520.426
1052,26,12,33.8902750954848,-49.10986950980833,519.25
1053,26,13,24.895247222752754,-49.10986950980833,518.374
1054,26,14,15.90369933140283,-49.10986950980833,517.996
1055,26,15,6.915508904916789,-49.10986950980833,518.26
1056,26,16,-2.0694632218097078,-49.10986950980833,519.239
1057,26,17,-11.051422808225405,-49.10986950980833,520.926
1058,26,18,-20.03069428831588,-49.10986950980833,523.23
1059,26,19,-29.007642650314903,-49.10987292490291,525.99
1060,26,20,-37.982736615954266,-49.10987292490291,528.982
1061,26,21,-46.956508939989234,-49.10987292490291,531.943
1062,26,22,-55.9296221507693,-49.10987292490291,534.596
1063,26,23,-64.90275243702229,-49.1098763399975,536.674
1064,26,24,-73.87663062898939,-49.10987975509208,537.947
1065,26,25,-82.85200463238472,-49.109890000375835,538.248
1066,26,26,-88.17035192018267,130.89020721613429,537.486
1067,26,27,-79.18979380320728,130.89013891424258,535.66
1068,26,28,-70.20562934635015,130.89013891424258,532.86
1069,26,29,-61.21737360618016,130.89013891424258,529.258
1070,26,30,-52.22462018644173,130.89013891424258,525.101
1071,26,31,-43.22713344560848,130.89013891424258,520.679
1072,26,32,-34.224831421410364,130.89012525386426,516.311
1073,26,33,-25.217801198759314,130.89012525386426,512.306
1074,26,34,-16.20631427767483,130.89012525386426,508.944
1075,26,35,-7.190711313841765,130.89012525386426,506.445
1076,26,36,1.8284561549643996,130.89012525386426,504.956
1077,26,37,10.850564020208255,130.89012525386426,504.534
1078,26,38,19.874916456368105,130.89012525386426,505.143
1079,26,39,28.900780925655468,130.89012525386426,506.664
1080,27,0,42.44078742684325,139.89010159864998,510.211
1081,27,1,51.467237584851944,139.89010159864998,513.046
1082,27,2,60.49275200694434,139.89010159864998,515.933
1083,27,3,69.51675012704099,139.89010159864998,518.604
1084,27,4,78.53874700171085,139.89008793827165,520.832
1085,27,5,87.55831915922533,139.8900469571366,522.449
1086,27,6,83.4248525980737,-40.1098726744551,523.366
1087,27,7,74.41104512021869,-40.10988633483343,523.575
1088,27,8,65.40044783127361,-40.10988974992802,523.153
1089,27,9,56.39319733502182,-40.10988974992802,522.246
1090,27,10,47.389402914490056,-40.10988974992802,521.056
1091,27,11,38.38910555081335,-40.109893165022605,519.814
1092,27,12,29.392329149653776,-40.109893165022605,518.761
1093,27,13,20.399051512896545,-40.109893165022605,518.112
1094,27,14,11.409190678271612,-40.109893165022605,518.042
1095,27,15,2.4226326669972034,-40.109893165022605,518.659
1096,27,16,-6.560808216694741,-40.109893165022605,519.998
1097,27,17,-15.541374871406578,-40.109893165022605,522.009
1098,27,18,-24.519431431598438,-40.109893165022605,524.566
1099,27,19,-33.49538770862051,-40.10989658011719,527.473
1100,27,20,-42.46974059873494,-40.10989658011719,530.484
1101,27,21,-51.443106526514285,-40.10989658011719,533.326
1102,27,22,-60.41613777502431,-40.10989658011719,535.722
1103,27,23,-69.38955151412785,-40.10989999521178,537.423
1104,27,24,-78.36407174387693,-40.10990682540094,538.227
1105,27,25,-87.34050442659363,-40.10994780653596,538.002
1106,27,26,-83.68049291832892,139.89012891940666,536.703
1107,27,27,-74.6981931031152,139.8901152590283,534.373
1108,27,28,-65.71204106120959,139.8901152590283,531.145
1109,27,29,-56.72157575484311,139.8901152590283,527.232
1110,27,30,-47.72647616512477,139.8901152590283,522.903
1111,27,31,-38.726581782609095,139.89010159864998,518.468
1112,27,32,-29.721896022390645,139.89010159864998,514.244
1113,27,33,-20.71258280900952,139.89010159864998,510.529
1114,27,34,-11.698993897207961,139.89010159864998,507.575
1115,27,35,-2.681536537015237,139.89010159864998,505.569
1116,27,36,6.339184372940283,139.89010159864998,504.612
1117,27,37,15.362505877422285,139.89010159864998,504.715
1118,27,38,24.387707818360155,139.89010159864998,505.8
1119,27,39,33.41405040088942,139.89010159864998,507.707
1120,28,0,37.92740866858258,148.89010526419239,508.9
1121,28,1,46.95409105302305,148.89010526419239,511.605
1122,28,2,55.980148475154465,148.89010526419239,514.501
1123,28,3,65.0049730481407,148.89010526419239,517.311
1124,28,4,74.02802860213188,148.89010526419239,519.785
1125,28,5,83.04886434464284,148.89009160381403,521.724
1126,28,6,87.93290039368716,-31.109821197588502,522.997
1127,28,7,78.91756295345809,-31.109875839101864,523.556
1128,28,8,69.90533324930136,-31.109882669291032,523.435
1129,28,9,60.89639569632458,-31.109886084385618,522.749
1130,28,10,51.890862992649055,-31.109886084385618,521.672
1131,28,11,42.88881368545024,-31.109886084385618,520.426
1132,28,12,33.8902750954848,-31.109889499480204,519.25
1133,28,13,24.895247222752754,-31.109889499480204,518.374
1134,28,14,15.90369933140283,-31.109889499480204,517.996
1135,28,15,6.915508904916789,-31.109889499480204,518.26
1136,28,16,-2.0694632218097078,-31.109889499480204,519.239
1137,28,17,-11.051422808225405,-31.109889499480204,520.926
1138,28,18,-20.03069428831588,-31.109889499480204,523.23
1139,28,19,-29.007642650314903,-31.109892914574786,525.99
1140,28,20,-37.982736615954266,-31.109892914574786,528.982
1141,28,21,-46.956508939989234,-31.109892914574786,531.943
1142,28,22,-55.9296221507693,-31.109892914574786,534.596
1143,28,23,-64.90275243702229,-31.109896329669372,536.674
1144,28,24,-73.87663062898939,-31.109899744763958,537.947
1145,28,25,-82.85200463238472,-31.10990999004771,538.248
1146,28,26,-88.17035192018267,148.89018722646242,537.486
1147,28,27,-79.18979380320728,148.89011892457071,535.66
1148,28,28,-70.20562934635015,148.89011892457071,532.86
1149,28,29,-61.21737360618016,148.89011892457071,529.258
1150,28,30,-52.22462018644173,148.89011892457071,525.101
1151,28,31,-43.22713344560848,148.89011892457071,520.679
1152,28,32,-34.224831421410364,148.89010526419239,516.311
1153,28,33,-25.217801198759314,148.89010526419239,512.306
1154,28,34,-16.20631427767483,148.89010526419239,508.944
1155,28,35,-7.190711313841765,148.89010526419239,506.445
1156,28,36,1.8284561549643996,148.89010526419239,504.956
1157,28,37,10.850564020208255,148.89010526419239,504.534
1158,28,38,19.874916456368105,148.89010526419239,505.143
1159,28,39,28.900780925655468,148.89010526419239,506.664
1160,29,0,42.44078742684325,157.89010892973477,510.211
1161,29,1,51.467237584851944,157.89010892973477,513.046
1162,29,2,60.49275200694434,157.89010892973477,515.933
1163,29,3,69.51675012704099,157.89010892973477,518.604
1164,29,4,78.53874700171085,157.89009526935644,520.832
1165,29,5,87.55831915922533,157.89005428822142,522.449
1166,29,6,83.4248525980737,-22.10986534337029,523.366
1167,29,7,74.41104512021869,-22.10987729620134,523.575
1168,29,8,65.40044783127361,-22.109880711295922,523.153
1169,29,9,56.39319733502182,-22.109882418843217,522.246
1170,29,10,47.389402914490056,-22.109884126390508,521.056
1171,29,11,38.38910555081335,-22.109884126390508,519.814
1172,29,12,29.392329149653776,-22.109884126390508,518.761
1173,29,13,20.399051512896545,-22.109885833937803,518.112
1174,29,14,11.409190678271612,-22.109885833937803,518.042
1175,29,15,2.4226326669972034,-22.109885833937803,518.659
1176,29,16,-6.560808216694741,-22.109885833937803,519.998
1177,29,17,-15.541374871406578,-22.109887541485094,522.009
1178,29,18,-24.519431431598438,-22.109887541485094,524.566
1179,29,19,-33.49538770862051,-22.109887541485094,527.473
1180,29,20,-42.46974059873494,-22.109889249032385,530.484
1181,29,21,-51.443106526514285,-22.109889249032385,533.326
1182,29,22,-60.41613777502431,-22.10989095657968,535.722
1183,29,23,-69.38955151412785,-22.10989266412697,537.423
1184,29,24,-78.36407174387693,-22.109897786768848,538.227
1185,29,25,-87.34050442659363,-22.10994047545116,538.002
1186,29,26,-83.68049291832892,157.89013625049145,536.703
1187,29,27,-74.6981931031152,157.89012259011312,534.373
1188,29,28,-65.71204106120959,157.89012259011312,531.145
1189,29,29,-56.72157575484311,157.89012259011312,527.232
1190,29,30,-47.72647616512477,157.89012259011312,522.903
1191,29,31,-38.726581782609095,157.89010892973477,518.468
1192,29,32,-29.721896022390645,157.89010892973477,514.244
1193,29,33,-20.71258280900952,157.89010892973477,510.529
1194,29,34,-11.698993897207961,157.89010892973477,507.575
1195,29,35,-2.681536537015237,157.89010892973477,505.569
1196,29,36,6.339184372940283,157.89010892973477,504.612
1197,29,37,15.362505877422285,157.89010892973477,504.715
1198,29,38,24.387707818360155,157.89010892973477,505.8
1199,29,39,33.41405040088942,157.89010892973477,507.707
1200,30,0,37.92740866858258,166.89011259527717,508.9
1201,30,1,46.95409105302305,166.89011259527717,511.605
1202,30,2,55.980148475154465,166.89011259527717,514.501
1203,30,3,65.0049730481407,166.89011259527717,517.311
1204,30,4,74.02802860213188,166.89011259527717,519.785
1205,30,5,83.04886434464284,166.89009893489884,521.724
1206,30,6,87.93290039368716,-13.109813012730053,522.997
1207,30,7,78.91756295345809,-13.109870215564351,523.556
1208,30,8,69.90533324930136,-13.109876191979875,523.435
1209,30,9,60.89639569632458,-13.109877899527168,522.749
1210,30,10,51.890862992649055,-13.109879607074461,521.672
1211,30,11,42.88881368545024,-13.109880460848107,520.426
1212,30,12,33.8902750954848,-13.109881314621752,519.25
1213,30,13,24.895247222752754,-13.109881314621752,518.374
1214,30,14,15.90369933140283,-13.1098821683954,517.996
1215,30,15,6.915508904916789,-13.1098821683954,518.26
1216,30,16,-2.0694632218097078,-13.109883022169045,519.239
1217,30,17,-11.051422808225405,-13.109883022169045,520.926
1218,30,18,-20.03069428831588,-13.109883875942693,523.23
1219,30,19,-29.007642650314903,-13.109883875942693,525.99
1220,30,20,-37.982736615954266,-13.109884729716338,528.982
1221,30,21,-46.956508939989234,-13.109885583489984,531.943
1222,30,22,-55.9296221507693,-13.109886437263631,534.596
1223,30,23,-64.90275243702229,-13.109888144810922,536.674
1224,30,24,-73.87663062898939,-13.109891559905508,537.947
1225,30,25,-82.85200463238472,-13.109902658962909,538.248
1226,30,26,-88.17035192018267,166.89019455754723,537.486
1227,30,27,-79.18979380320728,166.89012625565553,535.66
1228,30,28,-70.20562934635015,166.89012625565553,532.86
1229,30,29,-61.21737360618016,166.89012625565553,529.258
1230,30,30,-52.22462018644173,166.89012625565553,525.101
1231,30,31,-43.22713344560848,166.89012625565553,520.679
1232,30,32,-34.224831421410364,166.89011259527717,516.311
1233,30,33,-25.217801198759314,166.89011259527717,512.306
1234,30,34,-16.20631427767483,166.89011259527717,508.944
1235,30,35,-7.190711313841765,166.89011259527717,506.445
1236,30,36,1.8284561549643996,166.89011259527717,504.956
1237,30,37,10.850564020208255,166.89011259527717,504.534
1238,30,38,19.874916456368105,166.89011259527717,505.143
1239,30,39,28.900780925655468,166.89011259527717,506.664
1240,31,0,42.44078742684325,175.89011626081958,510.211
1241,31,1,51.467237584851944,175.89011626081958,513.046
1242,31,2,60.49275200694434,175.89011626081958,515.933
1243,31,3,69.51675012704099,175.89011626081958,518.604
1244,31,4,78.53874700171085,175.89010260044125,520.832
1245,31,5,87.55831915922533,175.8900616193062,522.449
1246,31,6,83.4248525980737,-4.109857158511841,523.366
1247,31,7,74.41104512021869,-4.109869965116535,523.575
1248,31,8,65.40044783127361,-4.10987338021112,523.153
1249,31,9,56.39319733502182,-4.109875087758413,522.246
1250,31,10,47.389402914490056,-4.109876368418882,521.056
1251,31,11,38.38910555081335,-4.109876795305705,519.814
1252,31,12,29.392329149653776,-4.109877649079351,518.761
1253,31,13,20.399051512896545,-4.109878075966175,518.112
1254,31,14,11.409190678271612,-4.109878502852998,518.042
1255,31,15,2.4226326669972034,-4.10987892973982,518.659
1256,31,16,-6.560808216694741,-4.109879356626644,519.998
1257,31,17,-15.541374871406578,-4.109879783513467,522.009
1258,31,18,-24.519431431598438,-4.10988021040029,524.566
1259,31,19,-33.49538770862051,-4.109880637287113,527.473
1260,31,20,-42.46974059873494,-4.109881064173936,530.484
1261,31,21,-51.443106526514285,-4.1098819179475825,533.326
1262,31,22,-60.41613777502431,-4.109883198608052,535.722
1263,31,23,-69.38955151412785,-4.109885759928991,537.423
1264,31,24,-78.36407174387693,-4.109891309457692,538.227
1265,31,25,-87.34050442659363,-4.109932717479534,538.002
1266,31,26,-83.68049291832892,175.89014358157627,536.703
1267,31,27,-74.6981931031152,175.8901299211979,534.373
1268,31,28,-65.71204106120959,175.8901299211979,531.145
1269,31,29,-56.72157575484311,175.8901299211979,527.232
1270,31,30,-47.72647616512477,175.8901299211979,522.903
1271,31,31,-38.726581782609095,175.89011626081958,518.468
1272,31,32,-29.721896022390645,175.89011626081958,514.244
1273,31,33,-20.71258280900952,175.89011626081958,510.529
1274,31,34,-11.698993897207961,175.89011626081958,507.575
1275,31,35,-2.681536537015237,175.89011626081958,505.569
1276,31,36,6.339184372940283,175.89011626081958,504.612
1277,31,37,15.362505877422285,175.89011626081958,504.715
1278,31,38,24.387707818360155,175.89011626081958,505.8
1279,31,39,33.41405040088942,175.89011626081958,507.707
1280,32,0,37.92740866858258,-175.10987643117235,508.9
1281,32,1,46.95409105302305,-175.10987643117235,511.605
1282,32,2,55.980148475154465,-175.10987643117235,514.501
1283,32,3,65.0049730481407,-175.10987643117235,517.311
1284,32,4,74.02802860213188,-175.10989009155068,519.785
1285,32,5,83.04886434464284,-175.10989009155068,521.724
1286,32,6,87.93290039368716,4.890194318354751,522.997
1287,32,7,78.91756295345809,4.890137542407275,523.556
1288,32,8,69.90533324930136,4.8901315659917515,523.435
1289,32,9,60.89639569632458,4.890129004670812,522.749
1290,32,10,51.890862992649055,4.890127724010343,521.672
1291,32,11,42.88881368545024,4.8901268702366965,520.426
1292,32,12,33.8902750954848,4.890126443349874,519.25
1293,32,13,24.895247222752754,4.89012601646305,518.374
1294,32,14,15.90369933140283,4.890125589576227,517.996
1295,32,15,6.915508904916789,4.8901251626894044,518.26
1296,32,16,-2.0694632218097078,4.890124735802581,519.239
1297,32,17,-11.051422808225405,4.890124308915758,520.926
1298,32,18,-20.03069428831588,4.890123882028934,523.23
1299,32,19,-29.007642650314903,4.8901234551421116,525.99
1300,32,20,-37.982736615954266,4.890122601368465,528.982
1301,32,21,-46.956508939989234,4.890122174481642,531.943
1302,32,22,-55.9296221507693,4.890120893821173,534.596
1303,32,23,-64.90275243702229,4.89011918627388,536.674
1304,32,24,-73.87663062898939,4.890116198066118,537.947
1305,32,25,-82.85200463238472,4.890104672121894,538.248
1306,32,26,-88.17035192018267,-175.1097944689023,537.486
1307,32,27,-79.18979380320728,-175.109862770794,535.66
1308,32,28,-70.20562934635015,-175.109862770794,532.86
1309,32,29,-61.21737360618016,-175.10987643117235,529.258
1310,32,30,-52.22462018644173,-175.10987643117235,525.101
1311,32,31,-43.22713344560848,-175.10987643117235,520.679
1312,32,32,-34.224831421410364,-175.10987643117235,516.311
1313,32,33,-25.217801198759314,-175.10987643117235,512.306
1314,32,34,-16.20631427767483,-175.10987643117235,508.944
1315,32,35,-7.190711313841765,-175.10987643117235,506.445
1316,32,36,1.8284561549643996,-175.10987643117235,504.956
1317,32,37,10.850564020208255,-175.10987643117235,504.534
1318,32,38,19.874916456368105,-175.10987643117235,505.143
1319,32,39,28.900780925655468,-175.10987643117235,506.664
1320,33,0,42.44078742684325,-166.10987276562994,510.211
1321,33,1,51.467237584851944,-166.10987276562994,513.046
1322,33,2,60.49275200694434,-166.10987276562994,515.933
1323,33,3,69.51675012704099,-166.10987276562994,518.604
1324,33,4,78.53874700171085,-166.10988642600827,520.832
1325,33,5,87.55831915922533,-166.10992740714332,522.449
1326,33,6,83.4248525980737,13.890150172572962,523.366
1327,33,7,74.41104512021869,13.890137365968268,523.575
1328,33,8,65.40044783127361,13.890133950873683,523.153
1329,33,9,56.39319733502182,13.890132243326391,522.246
1330,33,10,47.389402914490056,13.890131389552744,521.056
1331,33,11,38.38910555081335,13.890130535779099,519.814
1332,33,12,29.392329149653776,13.890129682005453,518.761
1333,33,13,20.399051512896545,13.890129682005453,518.112
1334,33,14,11.409190678271612,13.890128828231806,518.042
1335,33,15,2.4226326669972034,13.890128828231806,518.659
1336,33,16,-6.560808216694741,13.89012797445816,519.998
1337,33,17,-15.541374871406578,13.89012797445816,522.009
1338,33,18,-24.519431431598438,13.890127120684513,524.566
1339,33,19,-33.49538770862051,13.890127120684513,527.473
1340,33,20,-42.46974059873494,13.890126266910867,530.484
1341,33,21,-51.443106526514285,13.890125413137222,533.326
1342,33,22,-60.41613777502431,13.890123705589929,535.722
1343,33,23,-69.38955151412785,13.890121998042636,537.423
1344,33,24,-78.36407174387693,13.890116021627112,538.227
1345,33,25,-87.34050442659363,13.890074186718445,538.002
1346,33,26,-83.68049291832892,-166.10984544487326,536.703
1347,33,27,-74.6981931031152,-166.10985910525162,534.373
1348,33,28,-65.71204106120959,-166.10987276562994,531.145
1349,33,29,-56.72157575484311,-166.10987276562994,527.232
1350,33,30,-47.72647616512477,-166.10987276562994,522.903
1351,33,31,-38.726581782609095,-166.10987276562994,518.468
1352,33,32,-29.721896022390645,-166.10987276562994,514.244
1353,33,33,-20.71258280900952,-166.10987276562994,510.529
1354,33,34,-11.698993897207961,-166.10987276562994,507.575
1355,33,35,-2.681536537015237,-166.10987276562994,505.569
1356,33,36,6.339184372940283,-166.10987276562994,504.612
1357,33,37,15.362505877422285,-166.10987276562994,504.715
1358,33,38,24.387707818360155,-166.10987276562994,505.8
1359,33,39,33.41405040088942,-166.10987276562994,507.707
1360,34,0,37.92740866858258,-157.10989642084422,508.9
1361,34,1,46.95409105302305,-157.10989642084422,511.605
1362,34,2,55.980148475154465,-157.10989642084422,514.501
1363,34,3,65.0049730481407,-157.10989642084422,517.311
1364,34,4,74.02802860213188,-157.10991008122255,519.785
1365,34,5,83.04886434464284,-157.10991008122255,521.724
1366,34,6,87.93290039368716,22.89017347490923,522.997
1367,34,7,78.91756295345809,22.890117125848576,523.556
1368,34,8,69.90533324930136,22.8901120032067,523.435
1369,34,9,60.89639569632458,22.890108588112113,522.749
1370,34,10,51.890862992649055,22.890108588112113,521.672
1371,34,11,42.88881368545024,22.89010688056482,520.426
1372,34,12,33.8902750954848,22.89010688056482,519.25
1373,34,13,24.895247222752754,22.890105173017528,518.374
1374,34,14,15.90369933140283,22.890105173017528,517.996
1375,34,15,6.915508904916789,22.890105173017528,518.26
1376,34,16,-2.0694632218097078,22.890105173017528,519.239
1377,34,17,-11.051422808225405,22.890103465470236,520.926
1378,34,18,-20.03069428831588,22.890103465470236,523.23
1379,34,19,-29.007642650314903,22.890103465470236,525.99
1380,34,20,-37.982736615954266,22.890103465470236,528.982
1381,34,21,-46.956508939989234,22.89010175792294,531.943
1382,34,22,-55.9296221507693,22.89010175792294,534.596
1383,34,23,-64.90275243702229,22.89010005037565,536.674
1384,34,24,-73.87663062898939,22.890096635281065,537.947
1385,34,25,-82.85200463238472,22.890084682450016,538.248
1386,34,26,-88.17035192018267,-157.1098144585742,537.486
1387,34,27,-79.18979380320728,-157.1098827604659,535.66
1388,34,28,-70.20562934635015,-157.1098827604659,532.86
1389,34,29,-61.21737360618016,-157.10989642084422,529.258
1390,34,30,-52.22462018644173,-157.10989642084422,525.101
1391,34,31,-43.22713344560848,-157.10989642084422,520.679
1392,34,32,-34.224831421410364,-157.10989642084422,516.311
1393,34,33,-25.217801198759314,-157.10989642084422,512.306
1394,34,34,-16.20631427767483,-157.10989642084422,508.944
1395,34,35,-7.190711313841765,-157.10989642084422,506.445
1396,34,36,1.8284561549643996,-157.10989642084422,504.956
1397,34,37,10.850564020208255,-157.10989642084422,504.534
1398,34,38,19.874916456368105,-157.10989642084422,505.143
1399,34,39,28.900780925655468,-157.10989642084422,506.664
1400,35,0,42.44078742684325,-148.10989275530181,510.211
1401,35,1,51.467237584851944,-148.10989275530181,513.046
1402,35,2,60.49275200694434,-148.10989275530181,515.933
1403,35,3,69.51675012704099,-148.10989275530181,518.604
1404,35,4,78.53874700171085,-148.10990641568017,520.832
1405,35,5,87.55831915922533,-148.1099473968152,522.449
1406,35,6,83.4248525980737,31.89012932912744,523.366
1407,35,7,74.41104512021869,31.8901156687491,523.575
1408,35,8,65.40044783127361,31.890112253654515,523.153
1409,35,9,56.39319733502182,31.890112253654515,522.246
1410,35,10,47.389402914490056,31.890112253654515,521.056
1411,35,11,38.38910555081335,31.89010883855993,519.814
1412,35,12,29.392329149653776,31.89010883855993,518.761
1413,35,13,20.399051512896545,31.89010883855993,518.112
1414,35,14,11.409190678271612,31.89010883855993,518.042
1415,35,15,2.4226326669972034,31.89010883855993,518.659
1416,35,16,-6.560808216694741,31.89010883855993,519.998
1417,35,17,-15.541374871406578,31.89010883855993,522.009
1418,35,18,-24.519431431598438,31.89010883855993,524.566
1419,35,19,-33.49538770862051,31.890105423465343,527.473
1420,35,20,-42.46974059873494,31.890105423465343,530.484
1421,35,21,-51.443106526514285,31.890105423465343,533.326
1422,35,22,-60.41613777502431,31.890105423465343,535.722
1423,35,23,-69.38955151412785,31.89010200837076,537.423
1424,35,24,-78.36407174387693,31.89009517818159,538.227
1425,35,25,-87.34050442659363,31.89005419704657,538.002
1426,35,26,-83.68049291832892,-148.10986543454513,536.703
1427,35,27,-74.6981931031152,-148.10987909492349,534.373
1428,35,28,-65.71204106120959,-148.10989275530181,531.145
1429,35,29,-56.72157575484311,-148.10989275530181,527.232
1430,35,30,-47.72647616512477,-148.10989275530181,522.903
1431,35,31,-38.726581782609095,-148.10989275530181,518.468
1432,35,32,-29.721896022390645,-148.10989275530181,514.244
1433,35,33,-20.71258280900952,-148.10989275530181,510.529
1434,35,34,-11.698993897207961,-148.10989275530181,507.575
1435,35,35,-2.681536537015237,-148.10989275530181,505.569
1436,35,36,6.339184372940283,-148.10989275530181,504.612
1437,35,37,15.362505877422285,-148.10989275530181,504.715
1438,35,38,24.387707818360155,-148.10989275530181,505.8
1439,35,39,33.41405040088942,-148.10989275530181,507.707
1440,36,0,37.92740866858258,-139.1098890897594,508.9
1441,36,1,46.95409105302305,-139.1098890897594,511.605
1442,36,2,55.980148475154465,-139.1098890897594,514.501
1443,36,3,65.0049730481407,-139.1098890897594,517.311
1444,36,4,74.02802860213188,-139.10990275013776,519.785
1445,36,5,83.04886434464284,-139.10990275013776,521.724
1446,36,6,87.93290039368716,40.89018080599403,522.997
1447,36,7,78.91756295345809,40.89012616448067,523.556
1448,36,8,69.90533324930136,40.8901193342915,523.435
1449,36,9,60.89639569632458,40.890115919196916,522.749
1450,36,10,51.890862992649055,40.890115919196916,521.672
1451,36,11,42.88881368545024,40.890115919196916,520.426
1452,36,12,33.8902750954848,40.89011250410233,519.25
1453,36,13,24.895247222752754,40.89011250410233,518.374
1454,36,14,15.90369933140283,40.89011250410233,517.996
1455,36,15,6.915508904916789,40.89011250410233,518.26
1456,36,16,-2.0694632218097078,40.89011250410233,519.239
1457,36,17,-11.051422808225405,40.89011250410233,520.926
1458,36,18,-20.03069428831588,40.89011250410233,523.23
1459,36,19,-29.007642650314903,40.890109089007744,525.99
1460,36,20,-37.982736615954266,40.890109089007744,528.982
1461,36,21,-46.956508939989234,40.890109089007744,531.943
1462,36,22,-55.9296221507693,40.890109089007744,534.596
1463,36,23,-64.90275243702229,40.89010567391316,536.674
1464,36,24,-73.87663062898939,40.89010225881857,537.947
1465,36,25,-82.85200463238472,40.89009201353482,538.248
1466,36,26,-88.17035192018267,-139.10980712748938,537.486
1467,36,27,-79.18979380320728,-139.10987542938108,535.66
1468,36,28,-70.20562934635015,-139.10987542938108,532.86
1469,36,29,-61.21737360618016,-139.1098890897594,529.258
1470,36,30,-52.22462018644173,-139.1098890897594,525.101
1471,36,31,-43.22713344560848,-139.1098890897594,520.679
1472,36,32,-34.224831421410364,-139.1098890897594,516.311
1473,36,33,-25.217801198759314,-139.1098890897594,512.306
1474,36,34,-16.20631427767483,-139.1098890897594,508.944
1475,36,35,-7.190711313841765,-139.1098890897594,506.445
1476,36,36,1.8284561549643996,-139.1098890897594,504.956
1477,36,37,10.850564020208255,-139.1098890897594,504.534
1478,36,38,19.874916456368105,-139.1098890897594,505.143
1479,36,39,28.900780925655468,-139.1098890897594,506.664
1480,37,0,42.44078742684325,-130.10988542421703,510.211
1481,37,1,51.467237584851944,-130.10988542421703,513.046
1482,37,2,60.49275200694434,-130.10988542421703,515.933
1483,37,3,69.51675012704099,-130.10988542421703,518.604
1484,37,4,78.53874700171085,-130.10989908459536,520.832
1485,37,5,87.55831915922533,-130.10994006573037,522.449
1486,37,6,83.4248525980737,49.89013666021224,523.366
1487,37,7,74.41104512021869,49.8901229998339,523.575
1488,37,8,65.40044783127361,49.89011958473932,523.153
1489,37,9,56.39319733502182,49.89011958473932,522.246
1490,37,10,47.389402914490056,49.89011958473932,521.056
1491,37,11,38.38910555081335,49.890116169644735,519.814
1492,37,12,29.392329149653776,49.890116169644735,518.761
1493,37,13,20.399051512896545,49.890116169644735,518.112
1494,37,14,11.409190678271612,49.890116169644735,518.042
1495,37,15,2.4226326669972034,49.890116169644735,518.659
1496,37,16,-6.560808216694741,49.890116169644735,519.998
1497,37,17,-15.541374871406578,49.890116169644735,522.009
1498,37,18,-24.519431431598438,49.890116169644735,524.566
1499,37,19,-33.49538770862051,49.890112754550145,527.473
1500,37,20,-42.46974059873494,49.890112754550145,530.484
1501,37,21,-51.443106526514285,49.890112754550145,533.326
1502,37,22,-60.41613777502431,49.890112754550145,535.722
1503,37,23,-69.38955151412785,49.89010933945556,537.423
1504,37,24,-78.36407174387693,49.89010250926639,538.227
1505,37,25,-87.34050442659363,49.89006152813137,538.002
1506,37,26,-83.68049291832892,-130.10985810346034,536.703
1507,37,27,-74.6981931031152,-130.10987176383867,534.373
1508,37,28,-65.71204106120959,-130.10988542421703,531.145
1509,37,29,-56.72157575484311,-130.10988542421703,527.232
1510,37,30,-47.72647616512477,-130.10988542421703,522.903
1511,37,31,-38.726581782609095,-130.10988542421703,518.468
1512,37,32,-29.721896022390645,-130.10988542421703,514.244
1513,37,33,-20.71258280900952,-130.10988542421703,510.529
1514,37,34,-11.698993897207961,-130.10988542421703,507.575
1515,37,35,-2.681536537015237,-130.10988542421703,505.569
1516,37,36,6.339184372940283,-130.10988542421703,504.612
1517,37,37,15.362505877422285,-130.10988542421703,504.715
1518,37,38,24.387707818360155,-130.10988542421703,505.8
1519,37,39,33.41405040088942,-130.10988542421703,507.707
1520,38,0,37.92740866858258,-121.10988175867462,508.9
1521,38,1,46.95409105302305,-121.10988175867462,511.605
1522,38,2,55.980148475154465,-121.10988175867462,514.501
1523,38,3,65.0049730481407,-121.10988175867462,517.311
1524,38,4,74.02802860213188,-121.10989541905296,519.785
1525,38,5,83.04886434464284,-121.10989541905296,521.724
1526,38,6,87.93290039368716,58.89019155217342,522.997
1527,38,7,78.91756295345809,58.89013008047089,523.556
1528,38,8,69.90533324930136,58.89012325028172,523.435
1529,38,9,60.89639569632458,58.89012325028172,522.749
1530,38,10,51.890862992649055,58.89012325028172,521.672
1531,38,11,42.88881368545024,58.89012325028172,520.426
1532,38,12,33.8902750954848,58.89012325028172,519.25
1533,38,13,24.895247222752754,58.89012325028172,518.374
1534,38,14,15.90369933140283,58.89012325028172,517.996
1535,38,15,6.915508904916789,58.890116420092546,518.26
1536,38,16,-2.0694632218097078,58.890116420092546,519.239
1537,38,17,-11.051422808225405,58.890116420092546,520.926
1538,38,18,-20.03069428831588,58.890116420092546,523.23
1539,38,19,-29.007642650314903,58.890116420092546,525.99
1540,38,20,-37.982736615954266,58.890116420092546,528.982
1541,38,21,-46.956508939989234,58.890116420092546,531.943
1542,38,22,-55.9296221507693,58.890116420092546,534.596
1543,38,23,-64.90275243702229,58.890116420092546,536.674
1544,38,24,-73.87663062898939,58.89010958990338,537.947
1545,38,25,-82.85200463238472,58.89010275971421,538.248
1546,38,26,-88.17035192018267,-121.10979979640457,537.486
1547,38,27,-79.18979380320728,-121.10986809829627,535.66
1548,38,28,-70.20562934635015,-121.10986809829627,532.86
1549,38,29,-61.21737360618016,-121.10988175867462,529.258
1550,38,30,-52.22462018644173,-121.10988175867462,525.101
1551,38,31,-43.22713344560848,-121.10988175867462,520.679
1552,38,32,-34.224831421410364,-121.10988175867462,516.311
1553,38,33,-25.217801198759314,-121.10988175867462,512.306
1554,38,34,-16.20631427767483,-121.10988175867462,508.944
1555,38,35,-7.190711313841765,-121.10988175867462,506.445
1556,38,36,1.8284561549643996,-121.10988175867462,504.956
1557,38,37,10.850564020208255,-121.10988175867462,504.534
1558,38,38,19.874916456368105,-121.10988175867462,505.143
1559,38,39,28.900780925655468,-121.10988175867462,506.664
1560,39,0,42.44078742684325,-112.10987809313221,510.211
1561,39,1,51.467237584851944,-112.10987809313221,513.046
1562,39,2,60.49275200694434,-112.10987809313221,515.933
1563,39,3,69.51675012704099,-112.10988492332139,518.604
1564,39,4,78.53874700171085,-112.10989175351055,520.832
1565,39,5,87.55831915922533,-112.10993273464557,522.449
1566,39,6,83.4248525980737,67.89014740639163,523.366
1567,39,7,74.41104512021869,67.89013374601329,523.575
1568,39,8,65.40044783127361,67.89012691582413,523.153
1569,39,9,56.39319733502182,67.89012691582413,522.246
1570,39,10,47.389402914490056,67.89012691582413,521.056
1571,39,11,38.38910555081335,67.89012691582413,519.814
1572,39,12,29.392329149653776,67.89012691582413,518.761
1573,39,13,20.399051512896545,67.89012691582413,518.112
1574,39,14,11.409190678271612,67.89012691582413,518.042
1575,39,15,2.4226326669972034,67.89012008563495,518.659
1576,39,16,-6.560808216694741,67.89012008563495,519.998
1577,39,17,-15.541374871406578,67.89012008563495,522.009
1578,39,18,-24.519431431598438,67.89012008563495,524.566
1579,39,19,-33.49538770862051,67.89012008563495,527.473
1580,39,20,-42.46974059873494,67.89012008563495,530.484
1581,39,21,-51.443106526514285,67.89012008563495,533.326
1582,39,22,-60.41613777502431,67.89012008563495,535.722
1583,39,23,-69.38955151412785,67.89011325544578,537.423
1584,39,24,-78.36407174387693,67.89011325544578,538.227
1585,39,25,-87.34050442659363,67.89007227431077,538.002
1586,39,26,-83.68049291832892,-112.1098576025647,536.703
1587,39,27,-74.6981931031152,-112.10986443275387,534.373
1588,39,28,-65.71204106120959,-112.10987126294305,531.145
1589,39,29,-56.72157575484311,-112.10987126294305,527.232
1590,39,30,-47.72647616512477,-112.10987126294305,522.903
1591,39,31,-38.726581782609095,-112.10987809313221,518.468
1592,39,32,-29.721896022390645,-112.10987809313221,514.244
1593,39,33,-20.71258280900952,-112.10987809313221,510.529
1594,39,34,-11.698993897207961,-112.10987809313221,507.575
1595,39,35,-2.681536537015237,-112.10987809313221,505.569
1596,39,36,6.339184372940283,-112.10987809313221,504.612
1597,39,37,15.362505877422285,-112.10987809313221,504.715
1598,39,38,24.387707818360155,-112.10987809313221,505.8
1599,39,39,33.41405040088942,-112.10987809313221,507.707
