0,0,0,79.78503795918472,-105.86742670119907,521.098
1,0,1,88.80424811667321,-105.86753598422578,522.622
2,0,2,82.17934028216519,74.13260562851396,523.439
3,0,3,73.16597676660624,74.13259879832478,523.555
4,0,4,64.15583710033555,74.13259196813561,523.056
5,0,5,55.14907154751482,74.13259196813561,522.096
6,0,6,46.145762070414136,74.13259196813561,520.884
7,0,7,37.14596331054683,74.13259196813561,519.655
8,0,8,28.149671852818337,74.13259196813561,518.644
9,0,9,19.156875744397592,74.13258513794645,518.066
10,0,10,10.167481923957158,74.13258513794645,518.085
11,0,11,1.181374171559441,74.13258513794645,518.801
12,0,12,-7.801654659626481,74.13258513794645,520.237
13,0,13,-16.781866998275124,74.13258513794645,522.333
14,0,14,-25.759595709386822,74.13258513794645,524.95
15,0,15,-34.73530609959878,74.13258513794645,527.886
16,0,16,-43.70950189536229,74.13258513794645,530.89
17,0,17,-52.68277561558784,74.13258513794645,533.686
18,0,18,-61.655823939570794,74.13258513794645,536.001
19,0,19,-70.62935379189022,74.13257830775727,537.588
20,0,20,-79.60411307826026,74.1325714775681,538.256
21,0,21,-88.58084628930042,74.13248951529806,537.883
22,0,22,-82.4397002631369,-105.86739255025321,536.437
23,0,23,-73.4568950139246,-105.86740621063154,533.973
24,0,24,-64.47016240593953,-105.86740621063154,530.637
25,0,25,-55.47907555235857,-105.86740621063154,526.649
26,0,26,-46.483299773912414,-105.86741304082072,522.287
27,0,27,-37.48276335361475,-105.86741304082072,517.863
28,0,28,-28.477416772594104,-105.86741304082072,513.693
29,0,29,-19.467483719545797,-105.86741304082072,510.07
30,0,30,-10.453303996381035,-105.86741304082072,507.238
31,0,31,-1.435358277662656,-105.86741304082072,505.373
32,0,32,7.585762625246133,-105.86741304082072,504.564
33,0,33,16.609384231164793,-105.86741304082072,504.81
34,0,34,25.634758634379207,-105.86741304082072,506.021
35,0,35,34.66119513200956,-105.86741304082072,508.025
36,0,36,43.68793898815256,-105.86741304082072,510.591
37,0,37,52.71429352351287,-105.86741304082072,513.451
38,0,38,61.73962353049768,-105.86741987100989,516.324
39,0,39,70.76337576378421,-105.86741987100989,518.946
40,1,0,84.29497088700913,-96.867436696035,521.945
41,1,1,86.68718317210356,83.13262978462387,523.12
42,1,2,77.67226237341386,83.13260246386719,523.581
43,1,3,68.66049712212069,83.13259563367802,523.374
44,1,4,59.65203085219664,83.13258880348884,522.622
45,1,5,50.64698309195219,83.13258880348884,521.508
46,1,6,41.64541872818444,83.13258880348884,520.257
47,1,7,32.647378742028415,83.13258880348884,519.108
48,1,8,23.652844350463898,83.13258880348884,518.289
49,1,9,14.661759204430242,83.13258880348884,517.993
50,1,10,5.674031950147292,83.13258880348884,518.353
51,1,11,-3.3105111553219633,83.13258880348884,519.431
52,1,12,-12.292086543596847,83.13258880348884,521.209
53,1,13,-21.27100712271871,83.13258880348884,523.587
54,1,14,-30.247673739414473,83.13258880348884,526.393
55,1,15,-39.22255596918957,83.13258880348884,529.397
56,1,16,-48.196219010197815,83.13258197329968,532.332
57,1,17,-57.169284409653685,83.13258197329968,534.92
58,1,18,-66.14247958270379,83.13258197329968,536.899
59,1,19,-75.11652852940014,83.1325751431105,538.046
60,1,20,-84.09218257055144,83.13256148273217,538.204
61,1,21,-86.92981198198993,-96.8673683941433,537.293
62,1,22,-77.94875526120514,-96.86740254508915,535.325
63,1,23,-68.96405121940357,-96.86740254508915,532.402
64,1,24,-59.975194422586625,-96.86740937527831,528.708
65,1,25,-50.981778474498704,-96.86740937527831,524.496
66,1,26,-41.983649695883464,-96.86740937527831,520.063
67,1,27,-32.9806783131467,-96.86740937527831,515.727
68,1,28,-23.97300605271366,-96.86740937527831,511.796
69,1,29,-14.960897584414704,-96.86740937527831,508.542
70,1,30,-5.944766988468257,-96.86740937527831,506.177
71,1,31,3.07484593673784,-96.86740937527831,504.834
72,1,32,12.097305770167363,-96.86741620546749,504.559
73,1,33,21.121909215779212,-96.86741620546749,505.304
74,1,34,30.147891505829758,-96.86741620546749,506.937
75,1,35,39.17457389027023,-96.86741620546749,509.254
76,1,36,48.201205048291925,-96.86741620546749,512.002
77,1,37,57.22712586663994,-96.86741620546749,514.903
78,1,38,66.25172845847814,-96.86741620546749,517.681
79,1,39,75.27449714452419,-96.86742303565666,520.092
80,2,0,79.78503795918472,-87.86742620030343,521.098
81,2,1,88.80424811667321,-87.86753548333014,522.622
82,2,2,82.17934028216519,92.1326061294096,523.439
83,2,3,73.16597676660624,92.13259929922042,523.555
84,2,4,64.15583710033555,92.13259246903125,523.056
85,2,5,55.14907154751482,92.13259246903125,522.096
86,2,6,46.145762070414136,92.13259246903125,520.884
87,2,7,37.14596331054683,92.13259246903125,519.655
88,2,8,28.149671852818337,92.13259246903125,518.644
89,2,9,19.156875744397592,92.13258563884207,518.066
90,2,10,10.167481923957158,92.13258563884207,518.085
91,2,11,1.181374171559441,92.13258563884207,518.801
92,2,12,-7.801654659626481,92.13258563884207,520.237
93,2,13,-16.781866998275124,92.13258563884207,522.333
94,2,14,-25.759595709386822,92.13258563884207,524.95
95,2,15,-34.73530609959878,92.13258563884207,527.886
96,2,16,-43.70950189536229,92.13258563884207,530.89
97,2,17,-52.68277561558784,92.13258563884207,533.686
98,2,18,-61.655823939570794,92.13258563884207,536.001
99,2,19,-70.62935379189022,92.13257880865291,537.588
100,2,20,-79.60411307826026,92.13257197846374,538.256
101,2,21,-88.58084628930042,92.1324900161937,537.883
102,2,22,-82.4397002631369,-87.86739204935758,536.437
103,2,23,-73.4568950139246,-87.86740570973592,533.973
104,2,24,-64.47016240593953,-87.86740570973592,530.637
105,2,25,-55.47907555235857,-87.86740570973592,526.649
106,2,26,-46.483299773912414,-87.86741253992508,522.287
107,2,27,-37.48276335361475,-87.86741253992508,517.863
108,2,28,-28.477416772594104,-87.86741253992508,513.693
109,2,29,-19.467483719545797,-87.86741253992508,510.07
110,2,30,-10.453303996381035,-87.86741253992508,507.238
111,2,31,-1.435358277662656,-87.86741253992508,505.373
112,2,32,7.585762625246133,-87.86741253992508,504.564
113,2,33,16.609384231164793,-87.86741253992508,504.81
114,2,34,25.634758634379207,-87.86741253992508,506.021
115,2,35,34.66119513200956,-87.86741253992508,508.025
116,2,36,43.68793898815256,-87.86741253992508,510.591
117,2,37,52.71429352351287,-87.86741253992508,513.451
118,2,38,61.73962353049768,-87.86741937011426,516.324
119,2,39,70.76337576378421,-87.86741937011426,518.946
120,3,0,84.29497088700913,-78.86743619513936,521.945
121,3,1,86.68718317210356,101.1326302855195,523.12
122,3,2,77.67226237341386,101.13260296476282,523.581
123,3,3,68.66049712212069,101.13259613457365,523.374
124,3,4,59.65203085219664,101.13258930438448,522.622
125,3,5,50.64698309195219,101.13258930438448,521.508
126,3,6,41.64541872818444,101.13258930438448,520.257
127,3,7,32.647378742028415,101.13258930438448,519.108
128,3,8,23.652844350463898,101.13258930438448,518.289
129,3,9,14.661759204430242,101.13258930438448,517.993
130,3,10,5.674031950147292,101.13258930438448,518.353
131,3,11,-3.3105111553219633,101.13258930438448,519.431
132,3,12,-12.292086543596847,101.13258930438448,521.209
133,3,13,-21.27100712271871,101.13258930438448,523.587
134,3,14,-30.247673739414473,101.13258930438448,526.393
135,3,15,-39.22255596918957,101.13258930438448,529.397
136,3,16,-48.196219010197815,101.1325824741953,532.332
137,3,17,-57.169284409653685,101.1325824741953,534.92
138,3,18,-66.14247958270379,101.1325824741953,536.899
139,3,19,-75.11652852940014,101.13257564400614,538.046
140,3,20,-84.09218257055144,101.1325619836278,538.204
141,3,21,-86.92981198198993,-78.86736789324766,537.293
142,3,22,-77.94875526120514,-78.86740204419351,535.325
143,3,23,-68.96405121940357,-78.86740204419351,532.402
144,3,24,-59.975194422586625,-78.86740887438269,528.708
145,3,25,-50.981778474498704,-78.86740887438269,524.496
146,3,26,-41.983649695883464,-78.86740887438269,520.063
147,3,27,-32.9806783131467,-78.86740887438269,515.727
148,3,28,-23.97300605271366,-78.86740887438269,511.796
149,3,29,-14.960897584414704,-78.86740887438269,508.542
150,3,30,-5.944766988468257,-78.86740887438269,506.177
151,3,31,3.07484593673784,-78.86740887438269,504.834
152,3,32,12.097305770167363,-78.86741570457185,504.559
153,3,33,21.121909215779212,-78.86741570457185,505.304
154,3,34,30.147891505829758,-78.86741570457185,506.937
155,3,35,39.17457389027023,-78.86741570457185,509.254
156,3,36,48.201205048291925,-78.86741570457185,512.002
157,3,37,57.22712586663994,-78.86741570457185,514.903
158,3,38,66.25172845847814,-78.86741570457185,517.681
159,3,39,75.27449714452419,-78.86742253476102,520.092
160,4,0,79.78503795918472,-69.86742569940779,521.098
161,4,1,88.80424811667321,-69.8675349824345,522.622
162,4,2,82.17934028216519,110.13260663030522,523.439
163,4,3,73.16597676660624,110.13259980011605,523.555
164,4,4,64.15583710033555,110.13259296992688,523.056
165,4,5,55.14907154751482,110.13259296992688,522.096
166,4,6,46.145762070414136,110.13259296992688,520.884
167,4,7,37.14596331054683,110.13259296992688,519.655
168,4,8,28.149671852818337,110.13259296992688,518.644
169,4,9,19.156875744397592,110.13258613973771,518.066
170,4,10,10.167481923957158,110.13258613973771,518.085
171,4,11,1.181374171559441,110.13258613973771,518.801
172,4,12,-7.801654659626481,110.13258613973771,520.237
173,4,13,-16.781866998275124,110.13258613973771,522.333
174,4,14,-25.759595709386822,110.13258613973771,524.95
175,4,15,-34.73530609959878,110.13258613973771,527.886
176,4,16,-43.70950189536229,110.13258613973771,530.89
177,4,17,-52.68277561558784,110.13258613973771,533.686
178,4,18,-61.655823939570794,110.13258613973771,536.001
179,4,19,-70.62935379189022,110.13257930954855,537.588
180,4,20,-79.60411307826026,110.13257247935937,538.256
181,4,21,-88.58084628930042,110.13249051708934,537.883
182,4,22,-82.4397002631369,-69.86739154846194,536.437
183,4,23,-73.4568950139246,-69.86740520884028,533.973
184,4,24,-64.47016240593953,-69.86740520884028,530.637
185,4,25,-55.47907555235857,-69.86740520884028,526.649
186,4,26,-46.483299773912414,-69.86741203902945,522.287
187,4,27,-37.48276335361475,-69.86741203902945,517.863
188,4,28,-28.477416772594104,-69.86741203902945,513.693
189,4,29,-19.467483719545797,-69.86741203902945,510.07
190,4,30,-10.453303996381035,-69.86741203902945,507.238
191,4,31,-1.435358277662656,-69.86741203902945,505.373
192,4,32,7.585762625246133,-69.86741203902945,504.564
193,4,33,16.609384231164793,-69.86741203902945,504.81
194,4,34,25.634758634379207,-69.86741203902945,506.021
195,4,35,34.66119513200956,-69.86741203902945,508.025
196,4,36,43.68793898815256,-69.86741203902945,510.591
197,4,37,52.71429352351287,-69.86741203902945,513.451
198,4,38,61.73962353049768,-69.86741886921862,516.324
199,4,39,70.76337576378421,-69.86741886921862,518.946
200,5,0,84.29497088700913,-60.86743569424373,521.945
201,5,1,86.68718317210356,119.1326376166043,523.12
202,5,2,77.67226237341386,119.13259663546928,523.581
203,5,3,68.66049712212069,119.13259663546928,523.374
204,5,4,59.65203085219664,119.13259663546928,522.622
205,5,5,50.64698309195219,119.13259663546928,521.508
206,5,6,41.64541872818444,119.13259663546928,520.257
207,5,7,32.647378742028415,119.13259663546928,519.108
208,5,8,23.652844350463898,119.13258297509094,518.289
209,5,9,14.661759204430242,119.13258297509094,517.993
210,5,10,5.674031950147292,119.13258297509094,518.353
211,5,11,-3.3105111553219633,119.13258297509094,519.431
212,5,12,-12.292086543596847,119.13258297509094,521.209
213,5,13,-21.27100712271871,119.13258297509094,523.587
214,5,14,-30.247673739414473,119.13258297509094,526.393
215,5,15,-39.22255596918957,119.13258297509094,529.397
216,5,16,-48.196219010197815,119.13258297509094,532.332
217,5,17,-57.169284409653685,119.13258297509094,534.92
218,5,18,-66.14247958270379,119.13258297509094,536.899
219,5,19,-75.11652852940014,119.13258297509094,538.046
220,5,20,-84.09218257055144,119.1325693147126,538.204
221,5,21,-86.92981198198993,-60.86736739235203,537.293
222,5,22,-77.94875526120514,-60.86740154329788,535.325
223,5,23,-68.96405121940357,-60.86740154329788,532.402
224,5,24,-59.975194422586625,-60.86740837348705,528.708
225,5,25,-50.981778474498704,-60.86740837348705,524.496
226,5,26,-41.983649695883464,-60.86740837348705,520.063
227,5,27,-32.9806783131467,-60.86740837348705,515.727
228,5,28,-23.97300605271366,-60.86740837348705,511.796
229,5,29,-14.960897584414704,-60.86740837348705,508.542
230,5,30,-5.944766988468257,-60.86740837348705,506.177
231,5,31,3.07484593673784,-60.86740837348705,504.834
232,5,32,12.097305770167363,-60.867415203676224,504.559
233,5,33,21.121909215779212,-60.867415203676224,505.304
234,5,34,30.147891505829758,-60.867415203676224,506.937
235,5,35,39.17457389027023,-60.867415203676224,509.254
236,5,36,48.201205048291925,-60.867415203676224,512.002
237,5,37,57.22712586663994,-60.867415203676224,514.903
238,5,38,66.25172845847814,-60.867415203676224,517.681
239,5,39,75.27449714452419,-60.86742203386539,520.092
240,6,0,79.78503795918472,-51.86742519851216,521.098
241,6,1,88.80424811667321,-51.86753106644429,522.622
242,6,2,82.17934028216519,128.13261396139004,523.439
243,6,3,73.16597676660624,128.13260030101168,523.555
244,6,4,64.15583710033555,128.13260030101168,523.056
245,6,5,55.14907154751482,128.13258664063335,522.096
246,6,6,46.145762070414136,128.13258664063335,520.884
247,6,7,37.14596331054683,128.13258664063335,519.655
248,6,8,28.149671852818337,128.13258664063335,518.644
249,6,9,19.156875744397592,128.13258664063335,518.066
250,6,10,10.167481923957158,128.13258664063335,518.085
251,6,11,1.181374171559441,128.13258664063335,518.801
252,6,12,-7.801654659626481,128.13258664063335,520.237
253,6,13,-16.781866998275124,128.13258664063335,522.333
254,6,14,-25.759595709386822,128.13258664063335,524.95
255,6,15,-34.73530609959878,128.13258664063335,527.886
256,6,16,-43.70950189536229,128.13258664063335,530.89
257,6,17,-52.68277561558784,128.13258664063335,533.686
258,6,18,-61.655823939570794,128.13258664063335,536.001
259,6,19,-70.62935379189022,128.13258664063335,537.588
260,6,20,-79.60411307826026,128.132572980255,538.256
261,6,21,-88.58084628930042,128.13249101798496,537.883
262,6,22,-82.4397002631369,-51.86739104756631,536.437
263,6,23,-73.4568950139246,-51.86740129285006,533.973
264,6,24,-64.47016240593953,-51.86740470794465,530.637
265,6,25,-55.47907555235857,-51.86740812303923,526.649
266,6,26,-46.483299773912414,-51.86740812303923,522.287
267,6,27,-37.48276335361475,-51.86740812303923,517.863
268,6,28,-28.477416772594104,-51.86740812303923,513.693
269,6,29,-19.467483719545797,-51.867411538133815,510.07
270,6,30,-10.453303996381035,-51.867411538133815,507.238
271,6,31,-1.435358277662656,-51.867411538133815,505.373
272,6,32,7.585762625246133,-51.867411538133815,504.564
273,6,33,16.609384231164793,-51.867411538133815,504.81
274,6,34,25.634758634379207,-51.867411538133815,506.021
275,6,35,34.66119513200956,-51.867411538133815,508.025
276,6,36,43.68793898815256,-51.867414953228405,510.591
277,6,37,52.71429352351287,-51.867414953228405,513.451
278,6,38,61.73962353049768,-51.867414953228405,516.324
279,6,39,70.76337576378421,-51.86741836832299,518.946
280,7,0,84.29497088700913,-42.86743860844268,521.945
281,7,1,86.68718317210356,137.13263128731077,523.12
282,7,2,77.67226237341386,137.1326039665541,523.581
283,7,3,68.66049712212069,137.13259030617576,523.374
284,7,4,59.65203085219664,137.13259030617576,522.622
285,7,5,50.64698309195219,137.13259030617576,521.508
286,7,6,41.64541872818444,137.13259030617576,520.257
287,7,7,32.647378742028415,137.13259030617576,519.108
288,7,8,23.652844350463898,137.13259030617576,518.289
289,7,9,14.661759204430242,137.13259030617576,517.993
290,7,10,5.674031950147292,137.13259030617576,518.353
291,7,11,-3.3105111553219633,137.13259030617576,519.431
292,7,12,-12.292086543596847,137.13259030617576,521.209
293,7,13,-21.27100712271871,137.13259030617576,523.587
294,7,14,-30.247673739414473,137.13259030617576,526.393
295,7,15,-39.22255596918957,137.13259030617576,529.397
296,7,16,-48.196219010197815,137.1325766457974,532.332
297,7,17,-57.169284409653685,137.1325766457974,534.92
298,7,18,-66.14247958270379,137.1325766457974,536.899
299,7,19,-75.11652852940014,137.1325766457974,538.046
300,7,20,-84.09218257055144,137.13256298541907,538.204
301,7,21,-86.92981198198993,-42.8673668914564,537.293
302,7,22,-77.94875526120514,-42.86740104240225,535.325
303,7,23,-68.96405121940357,-42.867407872591414,532.402
304,7,24,-59.975194422586625,-42.867411287686004,528.708
305,7,25,-50.981778474498704,-42.867411287686004,524.496
306,7,26,-41.983649695883464,-42.867411287686004,520.063
307,7,27,-32.9806783131467,-42.867411287686004,515.727
308,7,28,-23.97300605271366,-42.867414702780586,511.796
309,7,29,-14.960897584414704,-42.867414702780586,508.542
310,7,30,-5.944766988468257,-42.867414702780586,506.177
311,7,31,3.07484593673784,-42.867414702780586,504.834
312,7,32,12.097305770167363,-42.867414702780586,504.559
313,7,33,21.121909215779212,-42.867414702780586,505.304
314,7,34,30.147891505829758,-42.867414702780586,506.937
315,7,35,39.17457389027023,-42.867414702780586,509.254
316,7,36,48.201205048291925,-42.867418117875175,512.002
317,7,37,57.22712586663994,-42.867418117875175,514.903
318,7,38,66.25172845847814,-42.86742153296976,517.681
319,7,39,75.27449714452419,-42.86742494806434,520.092
320,8,0,79.78503795918472,-33.86742469761653,521.098
321,8,1,88.80424811667321,-33.86753056554866,522.622
322,8,2,82.17934028216519,146.1326076320965,523.439
323,8,3,73.16597676660624,146.13259397171814,523.555
324,8,4,64.15583710033555,146.13259397171814,523.056
325,8,5,55.14907154751482,146.13259397171814,522.096
326,8,6,46.145762070414136,146.13259397171814,520.884
327,8,7,37.14596331054683,146.13259397171814,519.655
328,8,8,28.149671852818337,146.13259397171814,518.644
329,8,9,19.156875744397592,146.13259397171814,518.066
330,8,10,10.167481923957158,146.13259397171814,518.085
331,8,11,1.181374171559441,146.13259397171814,518.801
332,8,12,-7.801654659626481,146.13259397171814,520.237
333,8,13,-16.781866998275124,146.13259397171814,522.333
334,8,14,-25.759595709386822,146.13259397171814,524.95
335,8,15,-34.73530609959878,146.13259397171814,527.886
336,8,16,-43.70950189536229,146.1325803113398,530.89
337,8,17,-52.68277561558784,146.1325803113398,533.686
338,8,18,-61.655823939570794,146.1325803113398,536.001
339,8,19,-70.62935379189022,146.1325803113398,537.588
340,8,20,-79.60411307826026,146.1325803113398,538.256
341,8,21,-88.58084628930042,146.13248468869142,537.883
342,8,22,-82.4397002631369,-33.86739054667068,536.437
343,8,23,-73.4568950139246,-33.86740079195443,533.973
344,8,24,-64.47016240593953,-33.86740420704901,530.637
345,8,25,-55.47907555235857,-33.8674076221436,526.649
346,8,26,-46.483299773912414,-33.8674076221436,522.287
347,8,27,-37.48276335361475,-33.8674076221436,517.863
348,8,28,-28.477416772594104,-33.8674076221436,513.693
349,8,29,-19.467483719545797,-33.867411037238185,510.07
350,8,30,-10.453303996381035,-33.867411037238185,507.238
351,8,31,-1.435358277662656,-33.867411037238185,505.373
352,8,32,7.585762625246133,-33.867411037238185,504.564
353,8,33,16.609384231164793,-33.867411037238185,504.81
354,8,34,25.634758634379207,-33.867411037238185,506.021
355,8,35,34.66119513200956,-33.867411037238185,508.025
356,8,36,43.68793898815256,-33.867414452332774,510.591
357,8,37,52.71429352351287,-33.867414452332774,513.451
358,8,38,61.73962353049768,-33.867414452332774,516.324
359,8,39,70.76337576378421,-33.867417867427356,518.946
360,9,0,84.29497088700913,-24.86743810754705,521.945
361,9,1,86.68718317210356,155.13262495801723,523.12
362,9,2,77.67226237341386,155.13259763726055,523.581
363,9,3,68.66049712212069,155.13259763726055,523.374
364,9,4,59.65203085219664,155.13258397688222,522.622
365,9,5,50.64698309195219,155.13258397688222,521.508
366,9,6,41.64541872818444,155.13258397688222,520.257
367,9,7,32.647378742028415,155.13258397688222,519.108
368,9,8,23.652844350463898,155.13258397688222,518.289
369,9,9,14.661759204430242,155.13258397688222,517.993
370,9,10,5.674031950147292,155.13258397688222,518.353
371,9,11,-3.3105111553219633,155.13258397688222,519.431
372,9,12,-12.292086543596847,155.13258397688222,521.209
373,9,13,-21.27100712271871,155.13258397688222,523.587
374,9,14,-30.247673739414473,155.13258397688222,526.393
375,9,15,-39.22255596918957,155.13258397688222,529.397
376,9,16,-48.196219010197815,155.13258397688222,532.332
377,9,17,-57.169284409653685,155.13258397688222,534.92
378,9,18,-66.14247958270379,155.13258397688222,536.899
379,9,19,-75.11652852940014,155.13257031650386,538.046
380,9,20,-84.09218257055144,155.13255665612553,538.204
381,9,21,-86.92981198198993,-24.867366390560765,537.293
382,9,22,-77.94875526120514,-24.867402249053907,535.325
383,9,23,-68.96405121940357,-24.867407371695784,532.402
384,9,24,-59.975194422586625,-24.867409079243075,528.708
385,9,25,-50.981778474498704,-24.86741078679037,524.496
386,9,26,-41.983649695883464,-24.86741078679037,520.063
387,9,27,-32.9806783131467,-24.86741249433766,515.727
388,9,28,-23.97300605271366,-24.86741249433766,511.796
389,9,29,-14.960897584414704,-24.86741249433766,508.542
390,9,30,-5.944766988468257,-24.867414201884955,506.177
391,9,31,3.07484593673784,-24.867414201884955,504.834
392,9,32,12.097305770167363,-24.867414201884955,504.559
393,9,33,21.121909215779212,-24.867414201884955,505.304
394,9,34,30.147891505829758,-24.867415909432246,506.937
395,9,35,39.17457389027023,-24.867415909432246,509.254
396,9,36,48.201205048291925,-24.867415909432246,512.002
397,9,37,57.22712586663994,-24.867417616979537,514.903
398,9,38,66.25172845847814,-24.867419324526832,517.681
399,9,39,75.27449714452419,-24.867422739621418,520.092
400,10,0,79.78503795918472,-15.867424196720892,521.098
401,10,1,88.80424811667321,-15.867530064653028,522.622
402,10,2,82.17934028216519,164.13261496318128,523.439
403,10,3,73.16597676660624,164.13260130280295,523.555
404,10,4,64.15583710033555,164.13260130280295,523.056
405,10,5,55.14907154751482,164.13258764242462,522.096
406,10,6,46.145762070414136,164.13258764242462,520.884
407,10,7,37.14596331054683,164.13258764242462,519.655
408,10,8,28.149671852818337,164.13258764242462,518.644
409,10,9,19.156875744397592,164.13258764242462,518.066
410,10,10,10.167481923957158,164.13258764242462,518.085
411,10,11,1.181374171559441,164.13258764242462,518.801
412,10,12,-7.801654659626481,164.13258764242462,520.237
413,10,13,-16.781866998275124,164.13258764242462,522.333
414,10,14,-25.759595709386822,164.13258764242462,524.95
415,10,15,-34.73530609959878,164.13258764242462,527.886
416,10,16,-43.70950189536229,164.13258764242462,530.89
417,10,17,-52.68277561558784,164.13258764242462,533.686
418,10,18,-61.655823939570794,164.13258764242462,536.001
419,10,19,-70.62935379189022,164.13258764242462,537.588
420,10,20,-79.60411307826026,164.13257398204627,538.256
421,10,21,-88.58084628930042,164.13249201977624,537.883
422,10,22,-82.4397002631369,-15.867391753322334,536.437
423,10,23,-73.4568950139246,-15.86740199860609,533.973
424,10,24,-64.47016240593953,-15.867405413700675,530.637
425,10,25,-55.47907555235857,-15.867407121247966,526.649
426,10,26,-46.483299773912414,-15.867407121247966,522.287
427,10,27,-37.48276335361475,-15.86740882879526,517.863
428,10,28,-28.477416772594104,-15.86740882879526,513.693
429,10,29,-19.467483719545797,-15.86740882879526,510.07
430,10,30,-10.453303996381035,-15.86740882879526,507.238
431,10,31,-1.435358277662656,-15.867410536342552,505.373
432,10,32,7.585762625246133,-15.867410536342552,504.564
433,10,33,16.609384231164793,-15.867410536342552,504.81
434,10,34,25.634758634379207,-15.867410536342552,506.021
435,10,35,34.66119513200956,-15.867412243889845,508.025
436,10,36,43.68793898815256,-15.867412243889845,510.591
437,10,37,52.71429352351287,-15.867413951437138,513.451
438,10,38,61.73962353049768,-15.867413951437138,516.324
439,10,39,70.76337576378421,-15.867417366531722,518.946
440,11,0,84.29497088700913,-6.867438460425062,521.945
441,11,1,86.68718317210356,173.13263228910202,523.12
442,11,2,77.67226237341386,173.13260496834536,523.581
443,11,3,68.66049712212069,173.132591307967,523.374
444,11,4,59.65203085219664,173.132591307967,522.622
445,11,5,50.64698309195219,173.132591307967,521.508
446,11,6,41.64541872818444,173.132591307967,520.257
447,11,7,32.647378742028415,173.132591307967,519.108
448,11,8,23.652844350463898,173.132591307967,518.289
449,11,9,14.661759204430242,173.132591307967,517.993
450,11,10,5.674031950147292,173.132591307967,518.353
451,11,11,-3.3105111553219633,173.132591307967,519.431
452,11,12,-12.292086543596847,173.132591307967,521.209
453,11,13,-21.27100712271871,173.132591307967,523.587
454,11,14,-30.247673739414473,173.132591307967,526.393
455,11,15,-39.22255596918957,173.132591307967,529.397
456,11,16,-48.196219010197815,173.13257764758868,532.332
457,11,17,-57.169284409653685,173.13257764758868,534.92
458,11,18,-66.14247958270379,173.13257764758868,536.899
459,11,19,-75.11652852940014,173.13257764758868,538.046
460,11,20,-84.09218257055144,173.13256398721035,538.204
461,11,21,-86.92981198198993,-6.867366316551953,537.293
462,11,22,-77.94875526120514,-6.8674013212714495,535.325
463,11,23,-68.96405121940357,-6.86740687080015,532.402
464,11,24,-59.975194422586625,-6.867409005234266,528.708
465,11,25,-50.981778474498704,-6.867410285894735,524.496
466,11,26,-41.983649695883464,-6.8674111396683815,520.063
467,11,27,-32.9806783131467,-6.867411566555205,515.727
468,11,28,-23.97300605271366,-6.867411993442028,511.796
469,11,29,-14.960897584414704,-6.867412420328851,508.542
470,11,30,-5.944766988468257,-6.867412847215674,506.177
471,11,31,3.07484593673784,-6.867413274102497,504.834
472,11,32,12.097305770167363,-6.867413700989321,504.559
473,11,33,21.121909215779212,-6.867414127876144,505.304
474,11,34,30.147891505829758,-6.867414554762966,506.937
475,11,35,39.17457389027023,-6.867415408536613,509.254
476,11,36,48.201205048291925,-6.8674158354234365,512.002
477,11,37,57.22712586663994,-6.867417116083906,514.903
478,11,38,66.25172845847814,-6.867418823631198,517.681
479,11,39,75.27449714452419,-6.867422665612606,520.092
480,12,0,79.78503795918472,2.1325765176181526,521.098
481,12,1,88.80424811667321,2.132470436242606,522.622
482,12,2,82.17934028216519,-177.86738772364657,523.439
483,12,3,73.16597676660624,-177.8674013840249,523.555
484,12,4,64.15583710033555,-177.8674013840249,523.056
485,12,5,55.14907154751482,-177.8674013840249,522.096
486,12,6,46.145762070414136,-177.8674013840249,520.884
487,12,7,37.14596331054683,-177.8674013840249,519.655
488,12,8,28.149671852818337,-177.86741504440326,518.644
489,12,9,19.156875744397592,-177.86741504440326,518.066
490,12,10,10.167481923957158,-177.86741504440326,518.085
491,12,11,1.181374171559441,-177.86741504440326,518.801
492,12,12,-7.801654659626481,-177.86741504440326,520.237
493,12,13,-16.781866998275124,-177.86741504440326,522.333
494,12,14,-25.759595709386822,-177.86741504440326,524.95
495,12,15,-34.73530609959878,-177.86741504440326,527.886
496,12,16,-43.70950189536229,-177.86741504440326,530.89
497,12,17,-52.68277561558784,-177.86741504440326,533.686
498,12,18,-61.655823939570794,-177.86741504440326,536.001
499,12,19,-70.62935379189022,-177.86741504440326,537.588
500,12,20,-79.60411307826026,-177.8674287047816,538.256
501,12,21,-88.58084628930042,-177.86751066705162,537.883
502,12,22,-82.4397002631369,2.1326093879035333,536.437
503,12,23,-73.4568950139246,2.1325989291763667,533.973
504,12,24,-64.47016240593953,2.132595727525193,530.637
505,12,25,-55.47907555235857,2.1325940199779008,526.649
506,12,26,-46.483299773912414,2.1325931662042548,522.287
507,12,27,-37.48276335361475,2.1325923124306083,517.863
508,12,28,-28.477416772594104,2.132591885543785,513.693
509,12,29,-19.467483719545797,2.1325912452135505,510.07
510,12,30,-10.453303996381035,2.1325908183267277,507.238
511,12,31,-1.435358277662656,2.132590604883316,505.373
512,12,32,7.585762625246133,2.1325901779964926,504.564
513,12,33,16.609384231164793,2.13258975110967,504.81
514,12,34,25.634758634379207,2.1325893242228466,506.021
515,12,35,34.66119513200956,2.132588683892612,508.025
516,12,36,43.68793898815256,2.132588043562377,510.591
517,12,37,52.71429352351287,2.132587189788731,513.451
518,12,38,61.73962353049768,2.13258569568485,516.324
519,12,39,70.76337576378421,2.132583347807323,518.946
520,13,0,84.29497088700913,11.13256887065974,521.945
521,13,1,86.68718317210356,-168.86735673734748,523.12
522,13,2,77.67226237341386,-168.86739771848252,523.581
523,13,3,68.66049712212069,-168.86739771848252,523.374
524,13,4,59.65203085219664,-168.86739771848252,522.622
525,13,5,50.64698309195219,-168.86739771848252,521.508
526,13,6,41.64541872818444,-168.86739771848252,520.257
527,13,7,32.647378742028415,-168.86739771848252,519.108
528,13,8,23.652844350463898,-168.86741137886085,518.289
529,13,9,14.661759204430242,-168.86741137886085,517.993
530,13,10,5.674031950147292,-168.86741137886085,518.353
531,13,11,-3.3105111553219633,-168.86741137886085,519.431
532,13,12,-12.292086543596847,-168.86741137886085,521.209
533,13,13,-21.27100712271871,-168.86741137886085,523.587
534,13,14,-30.247673739414473,-168.86741137886085,526.393
535,13,15,-39.22255596918957,-168.86741137886085,529.397
536,13,16,-48.196219010197815,-168.86741137886085,532.332
537,13,17,-57.169284409653685,-168.86741137886085,534.92
538,13,18,-66.14247958270379,-168.86741137886085,536.899
539,13,19,-75.11652852940014,-168.86741137886085,538.046
540,13,20,-84.09218257055144,-168.86742503923918,538.204
541,13,21,-86.92981198198993,11.132640587646026,537.293
542,13,22,-77.94875526120514,11.13260558292653,535.325
543,13,23,-68.96405121940357,11.132600460284653,532.402
544,13,24,-59.975194422586625,11.13259875273736,528.708
545,13,25,-50.981778474498704,11.132597045190067,524.496
546,13,26,-41.983649695883464,11.132596191416422,520.063
547,13,27,-32.9806783131467,11.132595337642776,515.727
548,13,28,-23.97300605271366,11.132595337642776,511.796
549,13,29,-14.960897584414704,11.132594483869129,508.542
550,13,30,-5.944766988468257,11.132594483869129,506.177
551,13,31,3.07484593673784,11.132593630095483,504.834
552,13,32,12.097305770167363,11.132593630095483,504.559
553,13,33,21.121909215779212,11.132592776321836,505.304
554,13,34,30.147891505829758,11.132592776321836,506.937
555,13,35,39.17457389027023,11.13259192254819,509.254
556,13,36,48.201205048291925,11.132591068774545,512.002
557,13,37,57.22712586663994,11.132590215000898,514.903
558,13,38,66.25172845847814,11.132588507453605,517.681
559,13,39,75.27449714452419,11.132584238585375,520.092
560,14,0,79.78503795918472,20.132569974881203,521.098
561,14,1,88.80424811667321,20.13246410694907,522.622
562,14,2,82.17934028216519,-159.8673940529401,523.439
563,14,3,73.16597676660624,-159.86740771331844,523.555
564,14,4,64.15583710033555,-159.86740771331844,523.056
565,14,5,55.14907154751482,-159.86740771331844,522.096
566,14,6,46.145762070414136,-159.86740771331844,520.884
567,14,7,37.14596331054683,-159.86740771331844,519.655
568,14,8,28.149671852818337,-159.8674213736968,518.644
569,14,9,19.156875744397592,-159.8674213736968,518.066
570,14,10,10.167481923957158,-159.8674213736968,518.085
571,14,11,1.181374171559441,-159.8674213736968,518.801
572,14,12,-7.801654659626481,-159.8674213736968,520.237
573,14,13,-16.781866998275124,-159.8674213736968,522.333
574,14,14,-25.759595709386822,-159.8674213736968,524.95
575,14,15,-34.73530609959878,-159.8674213736968,527.886
576,14,16,-43.70950189536229,-159.8674213736968,530.89
577,14,17,-52.68277561558784,-159.8674213736968,533.686
578,14,18,-61.655823939570794,-159.8674213736968,536.001
579,14,19,-70.62935379189022,-159.8674213736968,537.588
580,14,20,-79.60411307826026,-159.86743503407513,538.256
581,14,21,-88.58084628930042,-159.86751699634516,537.883
582,14,22,-82.4397002631369,20.132602418279763,536.437
583,14,23,-73.4568950139246,20.132592172996006,533.973
584,14,24,-64.47016240593953,20.132588757901424,530.637
585,14,25,-55.47907555235857,20.13258705035413,526.649
586,14,26,-46.483299773912414,20.13258705035413,522.287
587,14,27,-37.48276335361475,20.132585342806838,517.863
588,14,28,-28.477416772594104,20.132585342806838,513.693
589,14,29,-19.467483719545797,20.132585342806838,510.07
590,14,30,-10.453303996381035,20.132585342806838,507.238
591,14,31,-1.435358277662656,20.132583635259543,505.373
592,14,32,7.585762625246133,20.132583635259543,504.564
593,14,33,16.609384231164793,20.132583635259543,504.81
594,14,34,25.634758634379207,20.132583635259543,506.021
595,14,35,34.66119513200956,20.132581927712252,508.025
596,14,36,43.68793898815256,20.132581927712252,510.591
597,14,37,52.71429352351287,20.13258022016496,513.451
598,14,38,61.73962353049768,20.13258022016496,516.324
599,14,39,70.76337576378421,20.132576805070375,518.946
600,15,0,84.29497088700913,29.13256339513985,521.945
601,15,1,86.68718317210356,-150.86736306664102,523.12
602,15,2,77.67226237341386,-150.86740404777603,523.581
603,15,3,68.66049712212069,-150.86740404777603,523.374
604,15,4,59.65203085219664,-150.86740404777603,522.622
605,15,5,50.64698309195219,-150.86740404777603,521.508
606,15,6,41.64541872818444,-150.86740404777603,520.257
607,15,7,32.647378742028415,-150.86740404777603,519.108
608,15,8,23.652844350463898,-150.8674177081544,518.289
609,15,9,14.661759204430242,-150.8674177081544,517.993
610,15,10,5.674031950147292,-150.8674177081544,518.353
611,15,11,-3.3105111553219633,-150.8674177081544,519.431
612,15,12,-12.292086543596847,-150.8674177081544,521.209
613,15,13,-21.27100712271871,-150.8674177081544,523.587
614,15,14,-30.247673739414473,-150.8674177081544,526.393
615,15,15,-39.22255596918957,-150.8674177081544,529.397
616,15,16,-48.196219010197815,-150.8674177081544,532.332
617,15,17,-57.169284409653685,-150.8674177081544,534.92
618,15,18,-66.14247958270379,-150.8674177081544,536.899
619,15,19,-75.11652852940014,-150.8674177081544,538.046
620,15,20,-84.09218257055144,-150.86743136853272,538.204
621,15,21,-86.92981198198993,29.132635112126135,537.293
622,15,22,-77.94875526120514,29.132600961180287,535.325
623,15,23,-68.96405121940357,29.132594130991116,532.402
624,15,24,-59.975194422586625,29.13259071589653,528.708
625,15,25,-50.981778474498704,29.13259071589653,524.496
626,15,26,-41.983649695883464,29.13259071589653,520.063
627,15,27,-32.9806783131467,29.13259071589653,515.727
628,15,28,-23.97300605271366,29.132587300801948,511.796
629,15,29,-14.960897584414704,29.132587300801948,508.542
630,15,30,-5.944766988468257,29.132587300801948,506.177
631,15,31,3.07484593673784,29.132587300801948,504.834
632,15,32,12.097305770167363,29.132587300801948,504.559
633,15,33,21.121909215779212,29.132587300801948,505.304
634,15,34,30.147891505829758,29.132587300801948,506.937
635,15,35,39.17457389027023,29.132587300801948,509.254
636,15,36,48.201205048291925,29.132583885707362,512.002
637,15,37,57.22712586663994,29.132583885707362,514.903
638,15,38,66.25172845847814,29.132580470612776,517.681
639,15,39,75.27449714452419,29.13257705551819,520.092
640,16,0,79.78503795918472,38.13257730596601,521.098
641,16,1,88.80424811667321,38.132471438033875,522.622
642,16,2,82.17934028216519,-141.8673867218553,523.439
643,16,3,73.16597676660624,-141.86740038223365,523.555
644,16,4,64.15583710033555,-141.86740038223365,523.056
645,16,5,55.14907154751482,-141.86740038223365,522.096
646,16,6,46.145762070414136,-141.86740038223365,520.884
647,16,7,37.14596331054683,-141.86740038223365,519.655
648,16,8,28.149671852818337,-141.86741404261198,518.644
649,16,9,19.156875744397592,-141.86741404261198,518.066
650,16,10,10.167481923957158,-141.86741404261198,518.085
651,16,11,1.181374171559441,-141.86741404261198,518.801
652,16,12,-7.801654659626481,-141.86741404261198,520.237
653,16,13,-16.781866998275124,-141.86741404261198,522.333
654,16,14,-25.759595709386822,-141.86741404261198,524.95
655,16,15,-34.73530609959878,-141.86741404261198,527.886
656,16,16,-43.70950189536229,-141.86741404261198,530.89
657,16,17,-52.68277561558784,-141.86741404261198,533.686
658,16,18,-61.655823939570794,-141.86741404261198,536.001
659,16,19,-70.62935379189022,-141.86741404261198,537.588
660,16,20,-79.60411307826026,-141.8674277029903,538.256
661,16,21,-88.58084628930042,-141.86750966526037,537.883
662,16,22,-82.4397002631369,38.13261145691186,536.437
663,16,23,-73.4568950139246,38.132601211628106,533.973
664,16,24,-64.47016240593953,38.13259779653352,530.637
665,16,25,-55.47907555235857,38.132594381438935,526.649
666,16,26,-46.483299773912414,38.132594381438935,522.287
667,16,27,-37.48276335361475,38.132594381438935,517.863
668,16,28,-28.477416772594104,38.132594381438935,513.693
669,16,29,-19.467483719545797,38.132590966344345,510.07
670,16,30,-10.453303996381035,38.132590966344345,507.238
671,16,31,-1.435358277662656,38.132590966344345,505.373
672,16,32,7.585762625246133,38.132590966344345,504.564
673,16,33,16.609384231164793,38.132590966344345,504.81
674,16,34,25.634758634379207,38.132590966344345,506.021
675,16,35,34.66119513200956,38.132590966344345,508.025
676,16,36,43.68793898815256,38.13258755124976,510.591
677,16,37,52.71429352351287,38.13258755124976,513.451
678,16,38,61.73962353049768,38.13258755124976,516.324
679,16,39,70.76337576378421,38.13258413615518,518.946
680,17,0,84.29497088700913,47.13255706584631,521.945
681,17,1,86.68718317210356,-132.86736939593456,523.12
682,17,2,77.67226237341386,-132.86741037706958,523.581
683,17,3,68.66049712212069,-132.86741037706958,523.374
684,17,4,59.65203085219664,-132.86741037706958,522.622
685,17,5,50.64698309195219,-132.86741037706958,521.508
686,17,6,41.64541872818444,-132.86741037706958,520.257
687,17,7,32.647378742028415,-132.86741037706958,519.108
688,17,8,23.652844350463898,-132.86742403744793,518.289
689,17,9,14.661759204430242,-132.86742403744793,517.993
690,17,10,5.674031950147292,-132.86742403744793,518.353
691,17,11,-3.3105111553219633,-132.86742403744793,519.431
692,17,12,-12.292086543596847,-132.86742403744793,521.209
693,17,13,-21.27100712271871,-132.86742403744793,523.587
694,17,14,-30.247673739414473,-132.86742403744793,526.393
695,17,15,-39.22255596918957,-132.86742403744793,529.397
696,17,16,-48.196219010197815,-132.86742403744793,532.332
697,17,17,-57.169284409653685,-132.86742403744793,534.92
698,17,18,-66.14247958270379,-132.86742403744793,536.899
699,17,19,-75.11652852940014,-132.86742403744793,538.046
700,17,20,-84.09218257055144,-132.86743769782626,538.204
701,17,21,-86.92981198198993,47.1326287828326,537.293
702,17,22,-77.94875526120514,47.13259463188675,535.325
703,17,23,-68.96405121940357,47.13258780169758,532.402
704,17,24,-59.975194422586625,47.13258438660299,528.708
705,17,25,-50.981778474498704,47.13258438660299,524.496
706,17,26,-41.983649695883464,47.13258438660299,520.063
707,17,27,-32.9806783131467,47.13258438660299,515.727
708,17,28,-23.97300605271366,47.13258097150841,511.796
709,17,29,-14.960897584414704,47.13258097150841,508.542
710,17,30,-5.944766988468257,47.13258097150841,506.177
711,17,31,3.07484593673784,47.13258097150841,504.834
712,17,32,12.097305770167363,47.13258097150841,504.559
713,17,33,21.121909215779212,47.13258097150841,505.304
714,17,34,30.147891505829758,47.13258097150841,506.937
715,17,35,39.17457389027023,47.13258097150841,509.254
716,17,36,48.201205048291925,47.13257755641382,512.002
717,17,37,57.22712586663994,47.13257755641382,514.903
718,17,38,66.25172845847814,47.13257414131924,517.681
719,17,39,75.27449714452419,47.13257072622466,520.092
720,18,0,79.78503795918472,56.13257097667247,521.098
721,18,1,88.80424811667321,56.132465108740334,522.622
722,18,2,82.17934028216519,-123.86739305114884,523.439
723,18,3,73.16597676660624,-123.86740671152718,523.555
724,18,4,64.15583710033555,-123.86740671152718,523.056
725,18,5,55.14907154751482,-123.86740671152718,522.096
726,18,6,46.145762070414136,-123.86740671152718,520.884
727,18,7,37.14596331054683,-123.86740671152718,519.655
728,18,8,28.149671852818337,-123.86742037190552,518.644
729,18,9,19.156875744397592,-123.86742037190552,518.066
730,18,10,10.167481923957158,-123.86742037190552,518.085
731,18,11,1.181374171559441,-123.86742037190552,518.801
732,18,12,-7.801654659626481,-123.86742037190552,520.237
733,18,13,-16.781866998275124,-123.86742037190552,522.333
734,18,14,-25.759595709386822,-123.86742037190552,524.95
735,18,15,-34.73530609959878,-123.86742037190552,527.886
736,18,16,-43.70950189536229,-123.86742037190552,530.89
737,18,17,-52.68277561558784,-123.86742037190552,533.686
738,18,18,-61.655823939570794,-123.86742037190552,536.001
739,18,19,-70.62935379189022,-123.86742037190552,537.588
740,18,20,-79.60411307826026,-123.86743403228387,538.256
741,18,21,-88.58084628930042,-123.8675159945539,537.883
742,18,22,-82.4397002631369,56.13260512761832,536.437
743,18,23,-73.4568950139246,56.132594882334566,533.973
744,18,24,-64.47016240593953,56.13259146723998,530.637
745,18,25,-55.47907555235857,56.132588052145394,526.649
746,18,26,-46.483299773912414,56.132588052145394,522.287
747,18,27,-37.48276335361475,56.132588052145394,517.863
748,18,28,-28.477416772594104,56.132588052145394,513.693
749,18,29,-19.467483719545797,56.13258463705081,510.07
750,18,30,-10.453303996381035,56.13258463705081,507.238
751,18,31,-1.435358277662656,56.13258463705081,505.373
752,18,32,7.585762625246133,56.13258463705081,504.564
753,18,33,16.609384231164793,56.13258463705081,504.81
754,18,34,25.634758634379207,56.13258463705081,506.021
755,18,35,34.66119513200956,56.13258463705081,508.025
756,18,36,43.68793898815256,56.13258122195623,510.591
757,18,37,52.71429352351287,56.13258122195623,513.451
758,18,38,61.73962353049768,56.13258122195623,516.324
759,18,39,70.76337576378421,56.13257780686164,518.946
760,19,0,84.29497088700913,65.13256098183653,521.945
761,19,1,86.68718317210356,-114.86736206484976,523.12
762,19,2,77.67226237341386,-114.86740304598479,523.581
763,19,3,68.66049712212069,-114.86740304598479,523.374
764,19,4,59.65203085219664,-114.86740304598479,522.622
765,19,5,50.64698309195219,-114.86740304598479,521.508
766,19,6,41.64541872818444,-114.86740304598479,520.257
767,19,7,32.647378742028415,-114.86740304598479,519.108
768,19,8,23.652844350463898,-114.86741670636312,518.289
769,19,9,14.661759204430242,-114.86741670636312,517.993
770,19,10,5.674031950147292,-114.86741670636312,518.353
771,19,11,-3.3105111553219633,-114.86741670636312,519.431
772,19,12,-12.292086543596847,-114.86741670636312,521.209
773,19,13,-21.27100712271871,-114.86741670636312,523.587
774,19,14,-30.247673739414473,-114.86741670636312,526.393
775,19,15,-39.22255596918957,-114.86741670636312,529.397
776,19,16,-48.196219010197815,-114.86741670636312,532.332
777,19,17,-57.169284409653685,-114.86741670636312,534.92
778,19,18,-66.14247958270379,-114.86741670636312,536.899
779,19,19,-75.11652852940014,-114.86741670636312,538.046
780,19,20,-84.09218257055144,-114.86743036674146,538.204
781,19,21,-86.92981198198993,65.1326361139174,537.293
782,19,22,-77.94875526120514,65.13260196297155,535.325
783,19,23,-68.96405121940357,65.13259513278238,532.402
784,19,24,-59.975194422586625,65.13259513278238,528.708
785,19,25,-50.981778474498704,65.13259513278238,524.496
786,19,26,-41.983649695883464,65.13258830259322,520.063
787,19,27,-32.9806783131467,65.13258830259322,515.727
788,19,28,-23.97300605271366,65.13258830259322,511.796
789,19,29,-14.960897584414704,65.13258830259322,508.542
790,19,30,-5.944766988468257,65.13258830259322,506.177
791,19,31,3.07484593673784,65.13258830259322,504.834
792,19,32,12.097305770167363,65.13258830259322,504.559
793,19,33,21.121909215779212,65.13258830259322,505.304
794,19,34,30.147891505829758,65.13258830259322,506.937
795,19,35,39.17457389027023,65.13258830259322,509.254
796,19,36,48.201205048291925,65.13258830259322,512.002
797,19,37,57.22712586663994,65.13258830259322,514.903
798,19,38,66.25172845847814,65.13258147240404,517.681
799,19,39,75.27449714452419,65.13258147240404,520.092
800,20,0,79.78503795918472,74.13257830775727,521.098
801,20,1,88.80424811667321,74.13246902473055,522.622
802,20,2,82.17934028216519,-105.86739255025321,523.439
803,20,3,73.16597676660624,-105.86739938044238,523.555
804,20,4,64.15583710033555,-105.86739938044238,523.056
805,20,5,55.14907154751482,-105.86740621063154,522.096
806,20,6,46.145762070414136,-105.86740621063154,520.884
807,20,7,37.14596331054683,-105.86740621063154,519.655
808,20,8,28.149671852818337,-105.86740621063154,518.644
809,20,9,19.156875744397592,-105.86740621063154,518.066
810,20,10,10.167481923957158,-105.86740621063154,518.085
811,20,11,1.181374171559441,-105.86740621063154,518.801
812,20,12,-7.801654659626481,-105.86740621063154,520.237
813,20,13,-16.781866998275124,-105.86740621063154,522.333
814,20,14,-25.759595709386822,-105.86740621063154,524.95
815,20,15,-34.73530609959878,-105.86740621063154,527.886
816,20,16,-43.70950189536229,-105.86741304082072,530.89
817,20,17,-52.68277561558784,-105.86741304082072,533.686
818,20,18,-61.655823939570794,-105.86741304082072,536.001
819,20,19,-70.62935379189022,-105.86741304082072,537.588
820,20,20,-79.60411307826026,-105.86741987100989,538.256
821,20,21,-88.58084628930042,-105.8675086634691,537.883
822,20,22,-82.4397002631369,74.13261245870312,536.437
823,20,23,-73.4568950139246,74.13259879832478,533.973
824,20,24,-64.47016240593953,74.13259879832478,530.637
825,20,25,-55.47907555235857,74.13259879832478,526.649
826,20,26,-46.483299773912414,74.13259196813561,522.287
827,20,27,-37.48276335361475,74.13259196813561,517.863
828,20,28,-28.477416772594104,74.13259196813561,513.693
829,20,29,-19.467483719545797,74.13259196813561,510.07
830,20,30,-10.453303996381035,74.13259196813561,507.238
831,20,31,-1.435358277662656,74.13259196813561,505.373
832,20,32,7.585762625246133,74.13259196813561,504.564
833,20,33,16.609384231164793,74.13259196813561,504.81
834,20,34,25.634758634379207,74.13259196813561,506.021
835,20,35,34.66119513200956,74.13259196813561,508.025
836,20,36,43.68793898815256,74.13259196813561,510.591
837,20,37,52.71429352351287,74.13259196813561,513.451
838,20,38,61.73962353049768,74.13258513794645,516.324
839,20,39,70.76337576378421,74.13258513794645,518.946
840,21,0,84.29497088700913,83.13255465254299,521.945
841,21,1,86.68718317210356,-96.86737522433246,523.12
842,21,2,77.67226237341386,-96.86740937527831,523.581
843,21,3,68.66049712212069,-96.86740937527831,523.374
844,21,4,59.65203085219664,-96.86741620546749,522.622
845,21,5,50.64698309195219,-96.86741620546749,521.508
846,21,6,41.64541872818444,-96.86741620546749,520.257
847,21,7,32.647378742028415,-96.86741620546749,519.108
848,21,8,23.652844350463898,-96.86741620546749,518.289
849,21,9,14.661759204430242,-96.86741620546749,517.993
850,21,10,5.674031950147292,-96.86741620546749,518.353
851,21,11,-3.3105111553219633,-96.86741620546749,519.431
852,21,12,-12.292086543596847,-96.86741620546749,521.209
853,21,13,-21.27100712271871,-96.86741620546749,523.587
854,21,14,-30.247673739414473,-96.86741620546749,526.393
855,21,15,-39.22255596918957,-96.86741620546749,529.397
856,21,16,-48.196219010197815,-96.86742303565666,532.332
857,21,17,-57.169284409653685,-96.86742303565666,534.92
858,21,18,-66.14247958270379,-96.86742303565666,536.899
859,21,19,-75.11652852940014,-96.86742986584582,538.046
860,21,20,-84.09218257055144,-96.86744352622416,538.204
861,21,21,-86.92981198198993,83.13262978462387,537.293
862,21,22,-77.94875526120514,83.13259563367802,535.325
863,21,23,-68.96405121940357,83.13258880348884,532.402
864,21,24,-59.975194422586625,83.13258880348884,528.708
865,21,25,-50.981778474498704,83.13258880348884,524.496
866,21,26,-41.983649695883464,83.13258197329968,520.063
867,21,27,-32.9806783131467,83.13258197329968,515.727
868,21,28,-23.97300605271366,83.13258197329968,511.796
869,21,29,-14.960897584414704,83.13258197329968,508.542
870,21,30,-5.944766988468257,83.13258197329968,506.177
871,21,31,3.07484593673784,83.13258197329968,504.834
872,21,32,12.097305770167363,83.13258197329968,504.559
873,21,33,21.121909215779212,83.13258197329968,505.304
874,21,34,30.147891505829758,83.13258197329968,506.937
875,21,35,39.17457389027023,83.13258197329968,509.254
876,21,36,48.201205048291925,83.13258197329968,512.002
877,21,37,57.22712586663994,83.13258197329968,514.903
878,21,38,66.25172845847814,83.1325751431105,517.681
879,21,39,75.27449714452419,83.1325751431105,520.092
880,22,0,79.78503795918472,92.13257197846374,521.098
881,22,1,88.80424811667321,92.13246269543701,522.622
882,22,2,82.17934028216519,-87.86739887954674,523.439
883,22,3,73.16597676660624,-87.86740570973592,523.555
884,22,4,64.15583710033555,-87.86740570973592,523.056
885,22,5,55.14907154751482,-87.86741253992508,522.096
886,22,6,46.145762070414136,-87.86741253992508,520.884
887,22,7,37.14596331054683,-87.86741253992508,519.655
888,22,8,28.149671852818337,-87.86741253992508,518.644
889,22,9,19.156875744397592,-87.86741253992508,518.066
890,22,10,10.167481923957158,-87.86741253992508,518.085
891,22,11,1.181374171559441,-87.86741253992508,518.801
892,22,12,-7.801654659626481,-87.86741253992508,520.237
893,22,13,-16.781866998275124,-87.86741253992508,522.333
894,22,14,-25.759595709386822,-87.86741253992508,524.95
895,22,15,-34.73530609959878,-87.86741253992508,527.886
896,22,16,-43.70950189536229,-87.86741937011426,530.89
897,22,17,-52.68277561558784,-87.86741937011426,533.686
898,22,18,-61.655823939570794,-87.86741937011426,536.001
899,22,19,-70.62935379189022,-87.86741937011426,537.588
900,22,20,-79.60411307826026,-87.86742620030343,538.256
901,22,21,-88.58084628930042,-87.86751499276264,537.883
902,22,22,-82.4397002631369,92.1326061294096,536.437
903,22,23,-73.4568950139246,92.13259246903125,533.973
904,22,24,-64.47016240593953,92.13259246903125,530.637
905,22,25,-55.47907555235857,92.13259246903125,526.649
906,22,26,-46.483299773912414,92.13258563884207,522.287
907,22,27,-37.48276335361475,92.13258563884207,517.863
908,22,28,-28.477416772594104,92.13258563884207,513.693
909,22,29,-19.467483719545797,92.13258563884207,510.07
910,22,30,-10.453303996381035,92.13258563884207,507.238
911,22,31,-1.435358277662656,92.13258563884207,505.373
912,22,32,7.585762625246133,92.13258563884207,504.564
913,22,33,16.609384231164793,92.13258563884207,504.81
914,22,34,25.634758634379207,92.13258563884207,506.021
915,22,35,34.66119513200956,92.13258563884207,508.025
916,22,36,43.68793898815256,92.13258563884207,510.591
917,22,37,52.71429352351287,92.13258563884207,513.451
918,22,38,61.73962353049768,92.13257880865291,516.324
919,22,39,70.76337576378421,92.13257880865291,518.946
920,23,0,84.29497088700913,101.1325619836278,521.945
921,23,1,86.68718317210356,-78.86736789324766,523.12
922,23,2,77.67226237341386,-78.86740204419351,523.581
923,23,3,68.66049712212069,-78.86740204419351,523.374
924,23,4,59.65203085219664,-78.86740887438269,522.622
925,23,5,50.64698309195219,-78.86740887438269,521.508
926,23,6,41.64541872818444,-78.86740887438269,520.257
927,23,7,32.647378742028415,-78.86740887438269,519.108
928,23,8,23.652844350463898,-78.86740887438269,518.289
929,23,9,14.661759204430242,-78.86740887438269,517.993
930,23,10,5.674031950147292,-78.86740887438269,518.353
931,23,11,-3.3105111553219633,-78.86740887438269,519.431
932,23,12,-12.292086543596847,-78.86740887438269,521.209
933,23,13,-21.27100712271871,-78.86740887438269,523.587
934,23,14,-30.247673739414473,-78.86740887438269,526.393
935,23,15,-39.22255596918957,-78.86740887438269,529.397
936,23,16,-48.196219010197815,-78.86741570457185,532.332
937,23,17,-57.169284409653685,-78.86741570457185,534.92
938,23,18,-66.14247958270379,-78.86741570457185,536.899
939,23,19,-75.11652852940014,-78.86742253476102,538.046
940,23,20,-84.09218257055144,-78.86743619513936,538.204
941,23,21,-86.92981198198993,101.13263711570868,537.293
942,23,22,-77.94875526120514,101.13260296476282,535.325
943,23,23,-68.96405121940357,101.13259613457365,532.402
944,23,24,-59.975194422586625,101.13259613457365,528.708
945,23,25,-50.981778474498704,101.13259613457365,524.496
946,23,26,-41.983649695883464,101.13258930438448,520.063
947,23,27,-32.9806783131467,101.13258930438448,515.727
948,23,28,-23.97300605271366,101.13258930438448,511.796
949,23,29,-14.960897584414704,101.13258930438448,508.542
950,23,30,-5.944766988468257,101.13258930438448,506.177
951,23,31,3.07484593673784,101.13258930438448,504.834
952,23,32,12.097305770167363,101.13258930438448,504.559
953,23,33,21.121909215779212,101.13258930438448,505.304
954,23,34,30.147891505829758,101.13258930438448,506.937
955,23,35,39.17457389027023,101.13258930438448,509.254
956,23,36,48.201205048291925,101.13258930438448,512.002
957,23,37,57.22712586663994,101.13258930438448,514.903
958,23,38,66.25172845847814,101.1325824741953,517.681
959,23,39,75.27449714452419,101.1325824741953,520.092
960,24,0,79.78503795918472,110.13257930954855,521.098
961,24,1,88.80424811667321,110.13247002652182,522.622
962,24,2,82.17934028216519,-69.86739154846194,523.439
963,24,3,73.16597676660624,-69.86739837865112,523.555
964,24,4,64.15583710033555,-69.86739837865112,523.056
965,24,5,55.14907154751482,-69.86740520884028,522.096
966,24,6,46.145762070414136,-69.86740520884028,520.884
967,24,7,37.14596331054683,-69.86740520884028,519.655
968,24,8,28.149671852818337,-69.86740520884028,518.644
969,24,9,19.156875744397592,-69.86740520884028,518.066
970,24,10,10.167481923957158,-69.86740520884028,518.085
971,24,11,1.181374171559441,-69.86740520884028,518.801
972,24,12,-7.801654659626481,-69.86740520884028,520.237
973,24,13,-16.781866998275124,-69.86740520884028,522.333
974,24,14,-25.759595709386822,-69.86740520884028,524.95
975,24,15,-34.73530609959878,-69.86740520884028,527.886
976,24,16,-43.70950189536229,-69.86741203902945,530.89
977,24,17,-52.68277561558784,-69.86741203902945,533.686
978,24,18,-61.655823939570794,-69.86741203902945,536.001
979,24,19,-70.62935379189022,-69.86741203902945,537.588
980,24,20,-79.60411307826026,-69.86741886921862,538.256
981,24,21,-88.58084628930042,-69.86750766167783,537.883
982,24,22,-82.4397002631369,110.1326134604944,536.437
983,24,23,-73.4568950139246,110.13259980011605,533.973
984,24,24,-64.47016240593953,110.13259980011605,530.637
985,24,25,-55.47907555235857,110.13259980011605,526.649
986,24,26,-46.483299773912414,110.13259296992688,522.287
987,24,27,-37.48276335361475,110.13259296992688,517.863
988,24,28,-28.477416772594104,110.13259296992688,513.693
989,24,29,-19.467483719545797,110.13259296992688,510.07
990,24,30,-10.453303996381035,110.13259296992688,507.238
991,24,31,-1.435358277662656,110.13259296992688,505.373
992,24,32,7.585762625246133,110.13259296992688,504.564
993,24,33,16.609384231164793,110.13259296992688,504.81
994,24,34,25.634758634379207,110.13259296992688,506.021
995,24,35,34.66119513200956,110.13259296992688,508.025
996,24,36,43.68793898815256,110.13259296992688,510.591
997,24,37,52.71429352351287,110.13259296992688,513.451
998,24,38,61.73962353049768,110.13258613973771,516.324
999,24,39,70.76337576378421,110.13258613973771,518.946
1000,25,0,84.29497088700913,119.13255565433427,521.945
1001,25,1,86.68718317210356,-60.8673742225412,523.12
1002,25,2,77.67226237341386,-60.86740837348705,523.581
1003,25,3,68.66049712212069,-60.86740837348705,523.374
1004,25,4,59.65203085219664,-60.867415203676224,522.622
1005,25,5,50.64698309195219,-60.867415203676224,521.508
1006,25,6,41.64541872818444,-60.867415203676224,520.257
1007,25,7,32.647378742028415,-60.867415203676224,519.108
1008,25,8,23.652844350463898,-60.867415203676224,518.289
1009,25,9,14.661759204430242,-60.867415203676224,517.993
1010,25,10,5.674031950147292,-60.867415203676224,518.353
1011,25,11,-3.3105111553219633,-60.867415203676224,519.431
1012,25,12,-12.292086543596847,-60.867415203676224,521.209
1013,25,13,-21.27100712271871,-60.867415203676224,523.587
1014,25,14,-30.247673739414473,-60.867415203676224,526.393
1015,25,15,-39.22255596918957,-60.867415203676224,529.397
1016,25,16,-48.196219010197815,-60.86742203386539,532.332
1017,25,17,-57.169284409653685,-60.86742203386539,534.92
1018,25,18,-66.14247958270379,-60.86742203386539,536.899
1019,25,19,-75.11652852940014,-60.86742886405456,538.046
1020,25,20,-84.09218257055144,-60.8674425244329,538.204
1021,25,21,-86.92981198198993,119.13262395622597,537.293
1022,25,22,-77.94875526120514,119.13259663546928,535.325
1023,25,23,-68.96405121940357,119.13259663546928,532.402
1024,25,24,-59.975194422586625,119.13258297509094,528.708
1025,25,25,-50.981778474498704,119.13258297509094,524.496
1026,25,26,-41.983649695883464,119.13258297509094,520.063
1027,25,27,-32.9806783131467,119.13258297509094,515.727
1028,25,28,-23.97300605271366,119.13258297509094,511.796
1029,25,29,-14.960897584414704,119.13258297509094,508.542
1030,25,30,-5.944766988468257,119.13258297509094,506.177
1031,25,31,3.07484593673784,119.13258297509094,504.834
1032,25,32,12.097305770167363,119.13258297509094,504.559
1033,25,33,21.121909215779212,119.13258297509094,505.304
1034,25,34,30.147891505829758,119.13258297509094,506.937
1035,25,35,39.17457389027023,119.13258297509094,509.254
1036,25,36,48.201205048291925,119.13258297509094,512.002
1037,25,37,57.22712586663994,119.13258297509094,514.903
1038,25,38,66.25172845847814,119.13258297509094,517.681
1039,25,39,75.27449714452419,119.1325693147126,520.092
1040,26,0,79.78503795918472,128.13258664063335,521.098
1041,26,1,88.80424811667321,128.13247735760663,522.622
1042,26,2,82.17934028216519,-51.867380802282554,523.439
1043,26,3,73.16597676660624,-51.86739104756631,523.555
1044,26,4,64.15583710033555,-51.8673944626609,523.056
1045,26,5,55.14907154751482,-51.8673944626609,522.096
1046,26,6,46.145762070414136,-51.86739787775548,520.884
1047,26,7,37.14596331054683,-51.86739787775548,519.655
1048,26,8,28.149671852818337,-51.86739787775548,518.644
1049,26,9,19.156875744397592,-51.86739787775548,518.066
1050,26,10,10.167481923957158,-51.86739787775548,518.085
1051,26,11,1.181374171559441,-51.86739787775548,518.801
1052,26,12,-7.801654659626481,-51.86739787775548,520.237
1053,26,13,-16.781866998275124,-51.86740129285006,522.333
1054,26,14,-25.759595709386822,-51.86740129285006,524.95
1055,26,15,-34.73530609959878,-51.86740129285006,527.886
1056,26,16,-43.70950189536229,-51.86740129285006,530.89
1057,26,17,-52.68277561558784,-51.86740129285006,533.686
1058,26,18,-61.655823939570794,-51.86740470794465,536.001
1059,26,19,-70.62935379189022,-51.86740470794465,537.588
1060,26,20,-79.60411307826026,-51.867411538133815,538.256
1061,26,21,-88.58084628930042,-51.86750033059303,537.883
1062,26,22,-82.4397002631369,128.13261396139004,536.437
1063,26,23,-73.4568950139246,128.13261396139004,533.973
1064,26,24,-64.47016240593953,128.13260030101168,530.637
1065,26,25,-55.47907555235857,128.13260030101168,526.649
1066,26,26,-46.483299773912414,128.13260030101168,522.287
1067,26,27,-37.48276335361475,128.13260030101168,517.863
1068,26,28,-28.477416772594104,128.13260030101168,513.693
1069,26,29,-19.467483719545797,128.13260030101168,510.07
1070,26,30,-10.453303996381035,128.13260030101168,507.238
1071,26,31,-1.435358277662656,128.13260030101168,505.373
1072,26,32,7.585762625246133,128.13260030101168,504.564
1073,26,33,16.609384231164793,128.13260030101168,504.81
1074,26,34,25.634758634379207,128.13260030101168,506.021
1075,26,35,34.66119513200956,128.13260030101168,508.025
1076,26,36,43.68793898815256,128.13260030101168,510.591
1077,26,37,52.71429352351287,128.13260030101168,513.451
1078,26,38,61.73962353049768,128.13260030101168,516.324
1079,26,39,70.76337576378421,128.13260030101168,518.946
1080,27,0,84.29497088700913,137.1325493250407,521.945
1081,27,1,86.68718317210356,-42.867380551834735,523.12
1082,27,2,77.67226237341386,-42.867411287686004,523.581
1083,27,3,68.66049712212069,-42.867418117875175,523.374
1084,27,4,59.65203085219664,-42.867418117875175,522.622
1085,27,5,50.64698309195219,-42.867418117875175,521.508
1086,27,6,41.64541872818444,-42.86742153296976,520.257
1087,27,7,32.647378742028415,-42.86742153296976,519.108
1088,27,8,23.652844350463898,-42.86742153296976,518.289
1089,27,9,14.661759204430242,-42.86742153296976,517.993
1090,27,10,5.674031950147292,-42.86742153296976,518.353
1091,27,11,-3.3105111553219633,-42.86742153296976,519.431
1092,27,12,-12.292086543596847,-42.86742494806434,521.209
1093,27,13,-21.27100712271871,-42.86742494806434,523.587
1094,27,14,-30.247673739414473,-42.86742494806434,526.393
1095,27,15,-39.22255596918957,-42.86742494806434,529.397
1096,27,16,-48.196219010197815,-42.86742494806434,532.332
1097,27,17,-57.169284409653685,-42.86742836315893,534.92
1098,27,18,-66.14247958270379,-42.86742836315893,536.899
1099,27,19,-75.11652852940014,-42.86743177825351,538.046
1100,27,20,-84.09218257055144,-42.867445438631854,538.204
1101,27,21,-86.92981198198993,137.13261762693242,537.293
1102,27,22,-77.94875526120514,137.13259030617576,535.325
1103,27,23,-68.96405121940357,137.13259030617576,532.402
1104,27,24,-59.975194422586625,137.1325766457974,528.708
1105,27,25,-50.981778474498704,137.1325766457974,524.496
1106,27,26,-41.983649695883464,137.1325766457974,520.063
1107,27,27,-32.9806783131467,137.1325766457974,515.727
1108,27,28,-23.97300605271366,137.1325766457974,511.796
1109,27,29,-14.960897584414704,137.1325766457974,508.542
1110,27,30,-5.944766988468257,137.1325766457974,506.177
1111,27,31,3.07484593673784,137.1325766457974,504.834
1112,27,32,12.097305770167363,137.1325766457974,504.559
1113,27,33,21.121909215779212,137.1325766457974,505.304
1114,27,34,30.147891505829758,137.1325766457974,506.937
1115,27,35,39.17457389027023,137.1325766457974,509.254
1116,27,36,48.201205048291925,137.1325766457974,512.002
1117,27,37,57.22712586663994,137.1325766457974,514.903
1118,27,38,66.25172845847814,137.1325766457974,517.681
1119,27,39,75.27449714452419,137.13256298541907,520.092
1120,28,0,79.78503795918472,146.13256665096148,521.098
1121,28,1,88.80424811667321,146.13245736793473,522.622
1122,28,2,82.17934028216519,-33.86740079195443,523.439
1123,28,3,73.16597676660624,-33.867411037238185,523.555
1124,28,4,64.15583710033555,-33.867414452332774,523.056
1125,28,5,55.14907154751482,-33.867414452332774,522.096
1126,28,6,46.145762070414136,-33.867417867427356,520.884
1127,28,7,37.14596331054683,-33.867417867427356,519.655
1128,28,8,28.149671852818337,-33.867417867427356,518.644
1129,28,9,19.156875744397592,-33.867417867427356,518.066
1130,28,10,10.167481923957158,-33.867417867427356,518.085
1131,28,11,1.181374171559441,-33.867417867427356,518.801
1132,28,12,-7.801654659626481,-33.867417867427356,520.237
1133,28,13,-16.781866998275124,-33.86742128252194,522.333
1134,28,14,-25.759595709386822,-33.86742128252194,524.95
1135,28,15,-34.73530609959878,-33.86742128252194,527.886
1136,28,16,-43.70950189536229,-33.86742128252194,530.89
1137,28,17,-52.68277561558784,-33.86742128252194,533.686
1138,28,18,-61.655823939570794,-33.86742469761653,536.001
1139,28,19,-70.62935379189022,-33.86742469761653,537.588
1140,28,20,-79.60411307826026,-33.86743152780569,538.256
1141,28,21,-88.58084628930042,-33.86752032026491,537.883
1142,28,22,-82.4397002631369,146.13259397171814,536.437
1143,28,23,-73.4568950139246,146.13259397171814,533.973
1144,28,24,-64.47016240593953,146.1325803113398,530.637
1145,28,25,-55.47907555235857,146.1325803113398,526.649
1146,28,26,-46.483299773912414,146.1325803113398,522.287
1147,28,27,-37.48276335361475,146.1325803113398,517.863
1148,28,28,-28.477416772594104,146.1325803113398,513.693
1149,28,29,-19.467483719545797,146.1325803113398,510.07
1150,28,30,-10.453303996381035,146.1325803113398,507.238
1151,28,31,-1.435358277662656,146.1325803113398,505.373
1152,28,32,7.585762625246133,146.1325803113398,504.564
1153,28,33,16.609384231164793,146.1325803113398,504.81
1154,28,34,25.634758634379207,146.1325803113398,506.021
1155,28,35,34.66119513200956,146.1325803113398,508.025
1156,28,36,43.68793898815256,146.1325803113398,510.591
1157,28,37,52.71429352351287,146.1325803113398,513.451
1158,28,38,61.73962353049768,146.1325803113398,516.324
1159,28,39,70.76337576378421,146.1325803113398,518.946
1160,29,0,84.29497088700913,155.13255665612553,521.945
1161,29,1,86.68718317210356,-24.86737151320264,523.12
1162,29,2,77.67226237341386,-24.867403956601198,523.581
1163,29,3,68.66049712212069,-24.867409079243075,523.374
1164,29,4,59.65203085219664,-24.86741078679037,522.622
1165,29,5,50.64698309195219,-24.86741249433766,521.508
1166,29,6,41.64541872818444,-24.86741249433766,520.257
1167,29,7,32.647378742028415,-24.867414201884955,519.108
1168,29,8,23.652844350463898,-24.867414201884955,518.289
1169,29,9,14.661759204430242,-24.867414201884955,517.993
1170,29,10,5.674031950147292,-24.867415909432246,518.353
1171,29,11,-3.3105111553219633,-24.867415909432246,519.431
1172,29,12,-12.292086543596847,-24.867415909432246,521.209
1173,29,13,-21.27100712271871,-24.867415909432246,523.587
1174,29,14,-30.247673739414473,-24.867417616979537,526.393
1175,29,15,-39.22255596918957,-24.867417616979537,529.397
1176,29,16,-48.196219010197815,-24.867417616979537,532.332
1177,29,17,-57.169284409653685,-24.867419324526832,534.92
1178,29,18,-66.14247958270379,-24.867421032074123,536.899
1179,29,19,-75.11652852940014,-24.86742444716871,538.046
1180,29,20,-84.09218257055144,-24.86743981509434,538.204
1181,29,21,-86.92981198198993,155.13262495801723,537.293
1182,29,22,-77.94875526120514,155.13259763726055,535.325
1183,29,23,-68.96405121940357,155.13259763726055,532.402
1184,29,24,-59.975194422586625,155.13258397688222,528.708
1185,29,25,-50.981778474498704,155.13258397688222,524.496
1186,29,26,-41.983649695883464,155.13258397688222,520.063
1187,29,27,-32.9806783131467,155.13258397688222,515.727
1188,29,28,-23.97300605271366,155.13258397688222,511.796
1189,29,29,-14.960897584414704,155.13258397688222,508.542
1190,29,30,-5.944766988468257,155.13258397688222,506.177
1191,29,31,3.07484593673784,155.13258397688222,504.834
1192,29,32,12.097305770167363,155.13258397688222,504.559
1193,29,33,21.121909215779212,155.13258397688222,505.304
1194,29,34,30.147891505829758,155.13258397688222,506.937
1195,29,35,39.17457389027023,155.13258397688222,509.254
1196,29,36,48.201205048291925,155.13258397688222,512.002
1197,29,37,57.22712586663994,155.13258397688222,514.903
1198,29,38,66.25172845847814,155.13258397688222,517.681
1199,29,39,75.27449714452419,155.13257031650386,520.092
1200,30,0,79.78503795918472,164.13257398204627,521.098
1201,30,1,88.80424811667321,164.13246469901955,522.622
1202,30,2,82.17934028216519,-15.867393460869627,523.439
1203,30,3,73.16597676660624,-15.867403706153382,523.555
1204,30,4,64.15583710033555,-15.867407121247966,523.056
1205,30,5,55.14907154751482,-15.86740882879526,522.096
1206,30,6,46.145762070414136,-15.86740882879526,520.884
1207,30,7,37.14596331054683,-15.867410536342552,519.655
1208,30,8,28.149671852818337,-15.867410536342552,518.644
1209,30,9,19.156875744397592,-15.867410536342552,518.066
1210,30,10,10.167481923957158,-15.867412243889845,518.085
1211,30,11,1.181374171559441,-15.867412243889845,518.801
1212,30,12,-7.801654659626481,-15.867412243889845,520.237
1213,30,13,-16.781866998275124,-15.867412243889845,522.333
1214,30,14,-25.759595709386822,-15.867412243889845,524.95
1215,30,15,-34.73530609959878,-15.867413951437138,527.886
1216,30,16,-43.70950189536229,-15.867413951437138,530.89
1217,30,17,-52.68277561558784,-15.867415658984429,533.686
1218,30,18,-61.655823939570794,-15.867417366531722,536.001
1219,30,19,-70.62935379189022,-15.867419074079015,537.588
1220,30,20,-79.60411307826026,-15.867425904268185,538.256
1221,30,21,-88.58084628930042,-15.867512989180103,537.883
1222,30,22,-82.4397002631369,164.13260130280295,536.437
1223,30,23,-73.4568950139246,164.13260130280295,533.973
1224,30,24,-64.47016240593953,164.13258764242462,530.637
1225,30,25,-55.47907555235857,164.13258764242462,526.649
1226,30,26,-46.483299773912414,164.13258764242462,522.287
1227,30,27,-37.48276335361475,164.13258764242462,517.863
1228,30,28,-28.477416772594104,164.13258764242462,513.693
1229,30,29,-19.467483719545797,164.13258764242462,510.07
1230,30,30,-10.453303996381035,164.13258764242462,507.238
1231,30,31,-1.435358277662656,164.13258764242462,505.373
1232,30,32,7.585762625246133,164.13258764242462,504.564
1233,30,33,16.609384231164793,164.13258764242462,504.81
1234,30,34,25.634758634379207,164.13258764242462,506.021
1235,30,35,34.66119513200956,164.13258764242462,508.025
1236,30,36,43.68793898815256,164.13258764242462,510.591
1237,30,37,52.71429352351287,164.13258764242462,513.451
1238,30,38,61.73962353049768,164.13258764242462,516.324
1239,30,39,70.76337576378421,164.13258764242462,518.946
1240,31,0,84.29497088700913,173.13256398721035,521.945
1241,31,1,86.68718317210356,-6.867365035891484,523.12
1242,31,2,77.67226237341386,-6.867396625516395,523.581
1243,31,3,68.66049712212069,-6.867401748158273,523.374
1244,31,4,59.65203085219664,-6.867403882592389,522.622
1245,31,5,50.64698309195219,-6.867405163252858,521.508
1246,31,6,41.64541872818444,-6.8674060170265045,520.257
1247,31,7,32.647378742028415,-6.867406443913327,519.108
1248,31,8,23.652844350463898,-6.867407297686974,518.289
1249,31,9,14.661759204430242,-6.867407724573797,517.993
1250,31,10,5.674031950147292,-6.86740815146062,518.353
1251,31,11,-3.3105111553219633,-6.86740815146062,519.431
1252,31,12,-12.292086543596847,-6.867408578347443,521.209
1253,31,13,-21.27100712271871,-6.867409005234266,523.587
1254,31,14,-30.247673739414473,-6.867409859007912,526.393
1255,31,15,-39.22255596918957,-6.867410285894735,529.397
1256,31,16,-48.196219010197815,-6.8674111396683815,532.332
1257,31,17,-57.169284409653685,-6.867411993442028,534.92
1258,31,18,-66.14247958270379,-6.867413700989321,536.899
1259,31,19,-75.11652852940014,-6.8674175429707285,538.046
1260,31,20,-84.09218257055144,-6.867432484009538,538.204
1261,31,21,-86.92981198198993,173.13263228910202,537.293
1262,31,22,-77.94875526120514,173.13260496834536,535.325
1263,31,23,-68.96405121940357,173.13260496834536,532.402
1264,31,24,-59.975194422586625,173.132591307967,528.708
1265,31,25,-50.981778474498704,173.132591307967,524.496
1266,31,26,-41.983649695883464,173.132591307967,520.063
1267,31,27,-32.9806783131467,173.132591307967,515.727
1268,31,28,-23.97300605271366,173.132591307967,511.796
1269,31,29,-14.960897584414704,173.132591307967,508.542
1270,31,30,-5.944766988468257,173.132591307967,506.177
1271,31,31,3.07484593673784,173.132591307967,504.834
1272,31,32,12.097305770167363,173.132591307967,504.559
1273,31,33,21.121909215779212,173.132591307967,505.304
1274,31,34,30.147891505829758,173.132591307967,506.937
1275,31,35,39.17457389027023,173.132591307967,509.254
1276,31,36,48.201205048291925,173.132591307967,512.002
1277,31,37,57.22712586663994,173.132591307967,514.903
1278,31,38,66.25172845847814,173.132591307967,517.681
1279,31,39,75.27449714452419,173.13257764758868,520.092
1280,32,0,79.78503795918472,-177.86741504440326,521.098
1281,32,1,88.80424811667321,-177.86752432742998,522.622
1282,32,2,82.17934028216519,2.1326136567717646,523.439
1283,32,3,73.16597676660624,2.1326038383748327,523.555
1284,32,4,64.15583710033555,2.132600636723659,523.056
1285,32,5,55.14907154751482,2.1325991426197786,522.096
1286,32,6,46.145762070414136,2.1325980754027207,520.884
1287,32,7,37.14596331054683,2.132597435072486,519.655
1288,32,8,28.149671852818337,2.132596794742251,518.644
1289,32,9,19.156875744397592,2.1325963678554283,518.066
1290,32,10,10.167481923957158,2.132595940968605,518.085
1291,32,11,1.181374171559441,2.132595514081782,518.801
1292,32,12,-7.801654659626481,2.1325950871949586,520.237
1293,32,13,-16.781866998275124,2.132594660308136,522.333
1294,32,14,-25.759595709386822,2.1325942334213126,524.95
1295,32,15,-34.73530609959878,2.1325938065344894,527.886
1296,32,16,-43.70950189536229,2.132592952760843,530.89
1297,32,17,-52.68277561558784,2.132592098987197,533.686
1298,32,18,-61.655823939570794,2.1325908183267277,536.001
1299,32,19,-70.62935379189022,2.132588257005789,537.588
1300,32,20,-79.60411307826026,2.1325818537034418,538.256
1301,32,21,-88.58084628930042,2.132494341904701,537.883
1302,32,22,-82.4397002631369,-177.86738772364657,536.437
1303,32,23,-73.4568950139246,-177.8674013840249,533.973
1304,32,24,-64.47016240593953,-177.8674013840249,530.637
1305,32,25,-55.47907555235857,-177.8674013840249,526.649
1306,32,26,-46.483299773912414,-177.8674013840249,522.287
1307,32,27,-37.48276335361475,-177.8674013840249,517.863
1308,32,28,-28.477416772594104,-177.8674013840249,513.693
1309,32,29,-19.467483719545797,-177.8674013840249,510.07
1310,32,30,-10.453303996381035,-177.8674013840249,507.238
1311,32,31,-1.435358277662656,-177.8674013840249,505.373
1312,32,32,7.585762625246133,-177.8674013840249,504.564
1313,32,33,16.609384231164793,-177.8674013840249,504.81
1314,32,34,25.634758634379207,-177.8674013840249,506.021
1315,32,35,34.66119513200956,-177.8674013840249,508.025
1316,32,36,43.68793898815256,-177.8674013840249,510.591
1317,32,37,52.71429352351287,-177.8674013840249,513.451
1318,32,38,61.73962353049768,-177.86741504440326,516.324
1319,32,39,70.76337576378421,-177.86741504440326,518.946
1320,33,0,84.29497088700913,-168.86742503923918,521.945
1321,33,1,86.68718317210356,11.13264229519332,523.12
1322,33,2,77.67226237341386,11.132610705568409,523.581
1323,33,3,68.66049712212069,11.13260558292653,523.374
1324,33,4,59.65203085219664,11.132603021605592,522.622
1325,33,5,50.64698309195219,11.132602167831946,521.508
1326,33,6,41.64541872818444,11.132601314058299,520.257
1327,33,7,32.647378742028415,11.132600460284653,519.108
1328,33,8,23.652844350463898,11.132600460284653,518.289
1329,33,9,14.661759204430242,11.132599606511008,517.993
1330,33,10,5.674031950147292,11.132599606511008,518.353
1331,33,11,-3.3105111553219633,11.13259875273736,519.431
1332,33,12,-12.292086543596847,11.13259875273736,521.209
1333,33,13,-21.27100712271871,11.132597898963715,523.587
1334,33,14,-30.247673739414473,11.132597898963715,526.393
1335,33,15,-39.22255596918957,11.132597045190067,529.397
1336,33,16,-48.196219010197815,11.132596191416422,532.332
1337,33,17,-57.169284409653685,11.132595337642776,534.92
1338,33,18,-66.14247958270379,11.132593630095483,536.899
1339,33,19,-75.11652852940014,11.132589361227252,538.046
1340,33,20,-84.09218257055144,11.132574847075265,538.204
1341,33,21,-86.92981198198993,-168.86735673734748,537.293
1342,33,22,-77.94875526120514,-168.86738405810416,535.325
1343,33,23,-68.96405121940357,-168.86739771848252,532.402
1344,33,24,-59.975194422586625,-168.86739771848252,528.708
1345,33,25,-50.981778474498704,-168.86739771848252,524.496
1346,33,26,-41.983649695883464,-168.86739771848252,520.063
1347,33,27,-32.9806783131467,-168.86739771848252,515.727
1348,33,28,-23.97300605271366,-168.86739771848252,511.796
1349,33,29,-14.960897584414704,-168.86739771848252,508.542
1350,33,30,-5.944766988468257,-168.86739771848252,506.177
1351,33,31,3.07484593673784,-168.86739771848252,504.834
1352,33,32,12.097305770167363,-168.86739771848252,504.559
1353,33,33,21.121909215779212,-168.86739771848252,505.304
1354,33,34,30.147891505829758,-168.86739771848252,506.937
1355,33,35,39.17457389027023,-168.86739771848252,509.254
1356,33,36,48.201205048291925,-168.86739771848252,512.002
1357,33,37,57.22712586663994,-168.86741137886085,514.903
1358,33,38,66.25172845847814,-168.86741137886085,517.681
1359,33,39,75.27449714452419,-168.86741137886085,520.092
1360,34,0,79.78503795918472,-159.86743503407513,521.098
1361,34,1,88.80424811667321,-159.86754431710185,522.622
1362,34,2,82.17934028216519,20.1325938805433,523.439
1363,34,3,73.16597676660624,20.132583635259543,523.555
1364,34,4,64.15583710033555,20.13258022016496,523.056
1365,34,5,55.14907154751482,20.132578512617666,522.096
1366,34,6,46.145762070414136,20.132578512617666,520.884
1367,34,7,37.14596331054683,20.132576805070375,519.655
1368,34,8,28.149671852818337,20.132576805070375,518.644
1369,34,9,19.156875744397592,20.132576805070375,518.066
1370,34,10,10.167481923957158,20.13257509752308,518.085
1371,34,11,1.181374171559441,20.13257509752308,518.801
1372,34,12,-7.801654659626481,20.13257509752308,520.237
1373,34,13,-16.781866998275124,20.13257509752308,522.333
1374,34,14,-25.759595709386822,20.13257509752308,524.95
1375,34,15,-34.73530609959878,20.13257338997579,527.886
1376,34,16,-43.70950189536229,20.13257338997579,530.89
1377,34,17,-52.68277561558784,20.132571682428498,533.686
1378,34,18,-61.655823939570794,20.132569974881203,536.001
1379,34,19,-70.62935379189022,20.132568267333912,537.588
1380,34,20,-79.60411307826026,20.13256143714474,538.256
1381,34,21,-88.58084628930042,20.132474352232823,537.883
1382,34,22,-82.4397002631369,-159.86740771331844,536.437
1383,34,23,-73.4568950139246,-159.8674213736968,533.973
1384,34,24,-64.47016240593953,-159.8674213736968,530.637
1385,34,25,-55.47907555235857,-159.8674213736968,526.649
1386,34,26,-46.483299773912414,-159.8674213736968,522.287
1387,34,27,-37.48276335361475,-159.8674213736968,517.863
1388,34,28,-28.477416772594104,-159.8674213736968,513.693
1389,34,29,-19.467483719545797,-159.8674213736968,510.07
1390,34,30,-10.453303996381035,-159.8674213736968,507.238
1391,34,31,-1.435358277662656,-159.8674213736968,505.373
1392,34,32,7.585762625246133,-159.8674213736968,504.564
1393,34,33,16.609384231164793,-159.8674213736968,504.81
1394,34,34,25.634758634379207,-159.8674213736968,506.021
1395,34,35,34.66119513200956,-159.8674213736968,508.025
1396,34,36,43.68793898815256,-159.8674213736968,510.591
1397,34,37,52.71429352351287,-159.8674213736968,513.451
1398,34,38,61.73962353049768,-159.86743503407513,516.324
1399,34,39,70.76337576378421,-159.86743503407513,518.946
1400,35,0,84.29497088700913,-150.86744502891108,521.945
1401,35,1,86.68718317210356,29.132621451747795,523.12
1402,35,2,77.67226237341386,29.13259071589653,523.581
1403,35,3,68.66049712212069,29.132583885707362,523.374
1404,35,4,59.65203085219664,29.132583885707362,522.622
1405,35,5,50.64698309195219,29.132583885707362,521.508
1406,35,6,41.64541872818444,29.132580470612776,520.257
1407,35,7,32.647378742028415,29.132580470612776,519.108
1408,35,8,23.652844350463898,29.132580470612776,518.289
1409,35,9,14.661759204430242,29.132580470612776,517.993
1410,35,10,5.674031950147292,29.132580470612776,518.353
1411,35,11,-3.3105111553219633,29.132580470612776,519.431
1412,35,12,-12.292086543596847,29.13257705551819,521.209
1413,35,13,-21.27100712271871,29.13257705551819,523.587
1414,35,14,-30.247673739414473,29.13257705551819,526.393
1415,35,15,-39.22255596918957,29.13257705551819,529.397
1416,35,16,-48.196219010197815,29.13257705551819,532.332
1417,35,17,-57.169284409653685,29.132573640423605,534.92
1418,35,18,-66.14247958270379,29.132573640423605,536.899
1419,35,19,-75.11652852940014,29.132570225329022,538.046
1420,35,20,-84.09218257055144,29.132556564950683,538.204
1421,35,21,-86.92981198198993,-150.86737672701938,537.293
1422,35,22,-77.94875526120514,-150.86740404777603,535.325
1423,35,23,-68.96405121940357,-150.8674177081544,532.402
1424,35,24,-59.975194422586625,-150.8674177081544,528.708
1425,35,25,-50.981778474498704,-150.8674177081544,524.496
1426,35,26,-41.983649695883464,-150.8674177081544,520.063
1427,35,27,-32.9806783131467,-150.8674177081544,515.727
1428,35,28,-23.97300605271366,-150.8674177081544,511.796
1429,35,29,-14.960897584414704,-150.8674177081544,508.542
1430,35,30,-5.944766988468257,-150.8674177081544,506.177
1431,35,31,3.07484593673784,-150.8674177081544,504.834
1432,35,32,12.097305770167363,-150.8674177081544,504.559
1433,35,33,21.121909215779212,-150.8674177081544,505.304
1434,35,34,30.147891505829758,-150.8674177081544,506.937
1435,35,35,39.17457389027023,-150.8674177081544,509.254
1436,35,36,48.201205048291925,-150.8674177081544,512.002
1437,35,37,57.22712586663994,-150.86743136853272,514.903
1438,35,38,66.25172845847814,-150.86743136853272,517.681
1439,35,39,75.27449714452419,-150.86743136853272,520.092
1440,36,0,79.78503795918472,-141.8674277029903,521.098
1441,36,1,88.80424811667321,-141.86753698601706,522.622
1442,36,2,82.17934028216519,38.132601211628106,523.439
1443,36,3,73.16597676660624,38.132590966344345,523.555
1444,36,4,64.15583710033555,38.13258755124976,523.056
1445,36,5,55.14907154751482,38.13258755124976,522.096
1446,36,6,46.145762070414136,38.13258413615518,520.884
1447,36,7,37.14596331054683,38.13258413615518,519.655
1448,36,8,28.149671852818337,38.13258413615518,518.644
1449,36,9,19.156875744397592,38.13258413615518,518.066
1450,36,10,10.167481923957158,38.13258413615518,518.085
1451,36,11,1.181374171559441,38.13258413615518,518.801
1452,36,12,-7.801654659626481,38.13258413615518,520.237
1453,36,13,-16.781866998275124,38.13258072106059,522.333
1454,36,14,-25.759595709386822,38.13258072106059,524.95
1455,36,15,-34.73530609959878,38.13258072106059,527.886
1456,36,16,-43.70950189536229,38.13258072106059,530.89
1457,36,17,-52.68277561558784,38.13258072106059,533.686
1458,36,18,-61.655823939570794,38.13257730596601,536.001
1459,36,19,-70.62935379189022,38.13257730596601,537.588
1460,36,20,-79.60411307826026,38.13257047577684,538.256
1461,36,21,-88.58084628930042,38.13248168331763,537.883
1462,36,22,-82.4397002631369,-141.86740038223365,536.437
1463,36,23,-73.4568950139246,-141.86741404261198,533.973
1464,36,24,-64.47016240593953,-141.86741404261198,530.637
1465,36,25,-55.47907555235857,-141.86741404261198,526.649
1466,36,26,-46.483299773912414,-141.86741404261198,522.287
1467,36,27,-37.48276335361475,-141.86741404261198,517.863
1468,36,28,-28.477416772594104,-141.86741404261198,513.693
1469,36,29,-19.467483719545797,-141.86741404261198,510.07
1470,36,30,-10.453303996381035,-141.86741404261198,507.238
1471,36,31,-1.435358277662656,-141.86741404261198,505.373
1472,36,32,7.585762625246133,-141.86741404261198,504.564
1473,36,33,16.609384231164793,-141.86741404261198,504.81
1474,36,34,25.634758634379207,-141.86741404261198,506.021
1475,36,35,34.66119513200956,-141.86741404261198,508.025
1476,36,36,43.68793898815256,-141.86741404261198,510.591
1477,36,37,52.71429352351287,-141.86741404261198,513.451
1478,36,38,61.73962353049768,-141.8674277029903,516.324
1479,36,39,70.76337576378421,-141.8674277029903,518.946
1480,37,0,84.29497088700913,-132.86743769782626,521.945
1481,37,1,86.68718317210356,47.1326287828326,523.12
1482,37,2,77.67226237341386,47.132598046981336,523.581
1483,37,3,68.66049712212069,47.132591216792164,523.374
1484,37,4,59.65203085219664,47.132591216792164,522.622
1485,37,5,50.64698309195219,47.132591216792164,521.508
1486,37,6,41.64541872818444,47.13258780169758,520.257
1487,37,7,32.647378742028415,47.13258780169758,519.108
1488,37,8,23.652844350463898,47.13258780169758,518.289
1489,37,9,14.661759204430242,47.13258780169758,517.993
1490,37,10,5.674031950147292,47.13258780169758,518.353
1491,37,11,-3.3105111553219633,47.13258780169758,519.431
1492,37,12,-12.292086543596847,47.13258438660299,521.209
1493,37,13,-21.27100712271871,47.13258438660299,523.587
1494,37,14,-30.247673739414473,47.13258438660299,526.393
1495,37,15,-39.22255596918957,47.13258438660299,529.397
1496,37,16,-48.196219010197815,47.13258438660299,532.332
1497,37,17,-57.169284409653685,47.13258097150841,534.92
1498,37,18,-66.14247958270379,47.13258097150841,536.899
1499,37,19,-75.11652852940014,47.13257755641382,538.046
1500,37,20,-84.09218257055144,47.132563896035485,538.204
1501,37,21,-86.92981198198993,-132.86736939593456,537.293
1502,37,22,-77.94875526120514,-132.86739671669125,535.325
1503,37,23,-68.96405121940357,-132.86741037706958,532.402
1504,37,24,-59.975194422586625,-132.86741037706958,528.708
1505,37,25,-50.981778474498704,-132.86741037706958,524.496
1506,37,26,-41.983649695883464,-132.86741037706958,520.063
1507,37,27,-32.9806783131467,-132.86741037706958,515.727
1508,37,28,-23.97300605271366,-132.86741037706958,511.796
1509,37,29,-14.960897584414704,-132.86741037706958,508.542
1510,37,30,-5.944766988468257,-132.86741037706958,506.177
1511,37,31,3.07484593673784,-132.86741037706958,504.834
1512,37,32,12.097305770167363,-132.86741037706958,504.559
1513,37,33,21.121909215779212,-132.86741037706958,505.304
1514,37,34,30.147891505829758,-132.86741037706958,506.937
1515,37,35,39.17457389027023,-132.86741037706958,509.254
1516,37,36,48.201205048291925,-132.86741037706958,512.002
1517,37,37,57.22712586663994,-132.86742403744793,514.903
1518,37,38,66.25172845847814,-132.86742403744793,517.681
1519,37,39,75.27449714452419,-132.86742403744793,520.092
1520,38,0,79.78503795918472,-123.86742037190552,521.098
1521,38,1,88.80424811667321,-123.86752965493224,522.622
1522,38,2,82.17934028216519,56.13260854271291,523.439
1523,38,3,73.16597676660624,56.132598297429155,523.555
1524,38,4,64.15583710033555,56.132594882334566,523.056
1525,38,5,55.14907154751482,56.132594882334566,522.096
1526,38,6,46.145762070414136,56.13259146723998,520.884
1527,38,7,37.14596331054683,56.13259146723998,519.655
1528,38,8,28.149671852818337,56.13259146723998,518.644
1529,38,9,19.156875744397592,56.13259146723998,518.066
1530,38,10,10.167481923957158,56.13259146723998,518.085
1531,38,11,1.181374171559441,56.13259146723998,518.801
1532,38,12,-7.801654659626481,56.13259146723998,520.237
1533,38,13,-16.781866998275124,56.132588052145394,522.333
1534,38,14,-25.759595709386822,56.132588052145394,524.95
1535,38,15,-34.73530609959878,56.132588052145394,527.886
1536,38,16,-43.70950189536229,56.132588052145394,530.89
1537,38,17,-52.68277561558784,56.132588052145394,533.686
1538,38,18,-61.655823939570794,56.13258463705081,536.001
1539,38,19,-70.62935379189022,56.13258463705081,537.588
1540,38,20,-79.60411307826026,56.13257780686164,538.256
1541,38,21,-88.58084628930042,56.13248901440243,537.883
1542,38,22,-82.4397002631369,-123.86739305114884,536.437
1543,38,23,-73.4568950139246,-123.86740671152718,533.973
1544,38,24,-64.47016240593953,-123.86740671152718,530.637
1545,38,25,-55.47907555235857,-123.86740671152718,526.649
1546,38,26,-46.483299773912414,-123.86740671152718,522.287
1547,38,27,-37.48276335361475,-123.86740671152718,517.863
1548,38,28,-28.477416772594104,-123.86740671152718,513.693
1549,38,29,-19.467483719545797,-123.86740671152718,510.07
1550,38,30,-10.453303996381035,-123.86740671152718,507.238
1551,38,31,-1.435358277662656,-123.86740671152718,505.373
1552,38,32,7.585762625246133,-123.86740671152718,504.564
1553,38,33,16.609384231164793,-123.86740671152718,504.81
1554,38,34,25.634758634379207,-123.86740671152718,506.021
1555,38,35,34.66119513200956,-123.86740671152718,508.025
1556,38,36,43.68793898815256,-123.86740671152718,510.591
1557,38,37,52.71429352351287,-123.86740671152718,513.451
1558,38,38,61.73962353049768,-123.86742037190552,516.324
1559,38,39,70.76337576378421,-123.86742037190552,518.946
1560,39,0,84.29497088700913,-114.86743036674146,521.945
1561,39,1,86.68718317210356,65.1326361139174,523.12
1562,39,2,77.67226237341386,65.13260196297155,523.581
1563,39,3,68.66049712212069,65.13260196297155,523.374
1564,39,4,59.65203085219664,65.13259513278238,522.622
1565,39,5,50.64698309195219,65.13259513278238,521.508
1566,39,6,41.64541872818444,65.13259513278238,520.257
1567,39,7,32.647378742028415,65.13259513278238,519.108
1568,39,8,23.652844350463898,65.13259513278238,518.289
1569,39,9,14.661759204430242,65.13259513278238,517.993
1570,39,10,5.674031950147292,65.13259513278238,518.353
1571,39,11,-3.3105111553219633,65.13259513278238,519.431
1572,39,12,-12.292086543596847,65.13259513278238,521.209
1573,39,13,-21.27100712271871,65.13259513278238,523.587
1574,39,14,-30.247673739414473,65.13259513278238,526.393
1575,39,15,-39.22255596918957,65.13259513278238,529.397
1576,39,16,-48.196219010197815,65.13258830259322,532.332
1577,39,17,-57.169284409653685,65.13258830259322,534.92
1578,39,18,-66.14247958270379,65.13258830259322,536.899
1579,39,19,-75.11652852940014,65.13258147240404,538.046
1580,39,20,-84.09218257055144,65.1325678120257,538.204
1581,39,21,-86.92981198198993,-114.86736206484976,537.293
1582,39,22,-77.94875526120514,-114.86738938560644,535.325
1583,39,23,-68.96405121940357,-114.86740304598479,532.402
1584,39,24,-59.975194422586625,-114.86740304598479,528.708
1585,39,25,-50.981778474498704,-114.86740304598479,524.496
1586,39,26,-41.983649695883464,-114.86740304598479,520.063
1587,39,27,-32.9806783131467,-114.86740304598479,515.727
1588,39,28,-23.97300605271366,-114.86740304598479,511.796
1589,39,29,-14.960897584414704,-114.86740304598479,508.542
1590,39,30,-5.944766988468257,-114.86740304598479,506.177
1591,39,31,3.07484593673784,-114.86740304598479,504.834
1592,39,32,12.097305770167363,-114.86740304598479,504.559
1593,39,33,21.121909215779212,-114.86740304598479,505.304
1594,39,34,30.147891505829758,-114.86740304598479,506.937
1595,39,35,39.17457389027023,-114.86740304598479,509.254
1596,39,36,48.201205048291925,-114.86740304598479,512.002
1597,39,37,57.22712586663994,-114.86741670636312,514.903
1598,39,38,66.25172845847814,-114.86741670636312,517.681
1599,39,39,75.27449714452419,-114.86741670636312,520.092
