0,0,0,34.121268678120046,-102.85919965486117,507.885
1,0,1,43.148015949357635,-102.85919965486117,510.424
2,0,2,52.174418296042134,-102.85919965486117,513.274
3,0,3,61.19983368039157,-102.85920648505034,516.153
4,0,4,70.22369519670482,-102.85920648505034,518.797
5,0,5,79.24551448645624,-102.85921331523951,520.982
6,0,6,88.2648885684848,-102.85928161713122,522.546
7,0,7,82.71851541524599,77.14081901447351,523.407
8,0,8,73.70494699401195,77.14081218428433,523.563
9,0,9,64.69460925225532,77.14080535409516,523.097
10,0,10,55.68762854847574,77.14080535409516,522.16
11,0,11,46.684103920416206,77.14080535409516,520.957
12,0,12,37.68407976430629,77.14080535409516,519.722
13,0,13,28.68757657071352,77.14080535409516,518.693
14,0,14,19.69457384907038,77.14080535409516,518.084
15,0,15,10.70497683050214,77.14079852390599,518.064
16,0,16,1.718670575731671,77.14079852390599,518.738
17,0,17,-7.264521753107508,77.14079852390599,520.132
18,0,18,-16.24489118610706,77.14079852390599,522.192
19,0,19,-25.222766746285913,77.14079852390599,524.784
20,0,20,-34.198579589335424,77.14079852390599,527.708
21,0,21,-43.172830026612296,77.14079852390599,530.716
22,0,22,-52.14614472797287,77.14079852390599,533.533
23,0,23,-61.11917597648289,77.14079852390599,535.884
24,0,24,-70.09265118728896,77.14079169371682,537.521
25,0,25,-79.06729436044311,77.14078486352766,538.248
26,0,26,-88.04390462807821,77.14073022201428,537.94
27,0,27,-82.97686049041256,-102.85917916429366,536.557
28,0,28,-73.99428063744286,-102.85919282467201,534.15
29,0,29,-65.00780757664624,-102.85919282467201,530.861
30,0,30,-56.01698710044293,-102.85919282467201,526.904
31,0,31,-47.021518680509416,-102.85919282467201,522.556
32,0,32,-38.02124863758939,-102.85919965486117,518.126
33,0,33,-29.016190632061175,-102.85919965486117,513.931
34,0,34,-20.00655298469447,-102.85919965486117,510.267
35,0,35,-10.99261829456618,-102.85919965486117,507.382
36,0,36,-1.9748834579384256,-102.85919965486117,505.455
37,0,37,7.046066263354289,-102.85919965486117,504.582
38,0,38,16.069560230112835,-102.85919965486117,504.766
39,0,39,25.094879991813887,-102.85919965486117,505.922
40,1,0,38.634644021286135,-93.85920281950794,509.098
41,1,1,47.661302500064515,-93.85920281950794,511.828
42,1,2,56.68728479011506,-93.85920281950794,514.727
43,1,3,65.71198641969623,-93.85920281950794,517.52
44,1,4,74.7348848793365,-93.8592096496971,519.958
45,1,5,83.75552937655068,-93.85922331007545,521.849
46,1,6,87.22644709764359,86.14085000077259,523.066
47,1,7,78.21134188384627,86.14081584982674,523.57
48,1,8,69.19937172687801,86.14080901963756,523.4
49,1,9,60.190693721089694,86.14080901963756,522.675
50,1,10,51.18543422498097,86.1408021894484,521.577
51,1,11,42.183651295159784,86.1408021894484,520.328
52,1,12,33.1853961580449,86.1408021894484,519.167
53,1,13,24.190648323068825,86.1408021894484,518.324
54,1,14,15.199354856265483,86.1408021894484,517.992
55,1,15,6.211422696307432,86.1408021894484,518.311
56,1,16,-2.7733054645996478,86.1408021894484,519.347
57,1,17,-11.755041575763439,86.1408021894484,521.086
58,1,18,-20.734116687915275,86.1408021894484,523.432
59,1,19,-29.710899417826926,86.1408021894484,526.219
60,1,20,-38.685856779682894,86.1408021894484,529.219
61,1,21,-47.65956763201533,86.14079535925923,532.166
62,1,22,-56.63265352203871,86.14079535925923,534.783
63,1,23,-65.60581112904838,86.14079535925923,536.805
64,1,24,-74.57977128328552,86.14079535925923,538.008
65,1,25,-83.55531604141011,86.14078169888089,538.228
66,1,26,-87.46686975642803,-93.8591413478054,537.381
67,1,27,-78.48602477150752,-93.8591891591296,535.475
68,1,28,-69.5015597863269,-93.8591891591296,532.604
69,1,29,-60.51296253669841,-93.85919598931878,528.949
70,1,30,-51.51984711693397,-93.85919598931878,524.76
71,1,31,-42.52198471569636,-93.85919598931878,520.331
72,1,32,-33.519310446188484,-93.85919598931878,515.98
73,1,33,-24.51191651596413,-93.85919598931878,512.016
74,1,34,-15.50009320806302,-93.85919598931878,508.714
75,1,35,-6.484191423453769,-93.85919598931878,506.291
76,1,36,2.535230043012156,-93.85919598931878,504.885
77,1,37,11.55753982572335,-93.85919598931878,504.545
78,1,38,20.582039110950355,-93.85920281950794,505.231
79,1,39,29.60799237269693,-93.85920281950794,506.816
80,2,0,34.121268678120046,-84.85919915396553,507.885
81,2,1,43.148015949357635,-84.85919915396553,510.424
82,2,2,52.174418296042134,-84.85919915396553,513.274
83,2,3,61.19983368039157,-84.85920598415471,516.153
84,2,4,70.22369519670482,-84.85920598415471,518.797
85,2,5,79.24551448645624,-84.85921281434388,520.982
86,2,6,88.2648885684848,-84.85928111623558,522.546
87,2,7,82.71851541524599,95.14081951536913,523.407
88,2,8,73.70494699401195,95.14081268517997,523.563
89,2,9,64.69460925225532,95.14080585499079,523.097
90,2,10,55.68762854847574,95.14080585499079,522.16
91,2,11,46.684103920416206,95.14080585499079,520.957
92,2,12,37.68407976430629,95.14080585499079,519.722
93,2,13,28.68757657071352,95.14080585499079,518.693
94,2,14,19.69457384907038,95.14080585499079,518.084
95,2,15,10.70497683050214,95.14079902480162,518.064
96,2,16,1.718670575731671,95.14079902480162,518.738
97,2,17,-7.264521753107508,95.14079902480162,520.132
98,2,18,-16.24489118610706,95.14079902480162,522.192
99,2,19,-25.222766746285913,95.14079902480162,524.784
100,2,20,-34.198579589335424,95.14079902480162,527.708
101,2,21,-43.172830026612296,95.14079902480162,530.716
102,2,22,-52.14614472797287,95.14079902480162,533.533
103,2,23,-61.11917597648289,95.14079902480162,535.884
104,2,24,-70.09265118728896,95.14079219461246,537.521
105,2,25,-79.06729436044311,95.14078536442328,538.248
106,2,26,-88.04390462807821,95.14073072290992,537.94
107,2,27,-82.97686049041256,-84.85917866339803,536.557
108,2,28,-73.99428063744286,-84.85919232377637,534.15
109,2,29,-65.00780757664624,-84.85919232377637,530.861
110,2,30,-56.01698710044293,-84.85919232377637,526.904
111,2,31,-47.021518680509416,-84.85919232377637,522.556
112,2,32,-38.02124863758939,-84.85919915396553,518.126
113,2,33,-29.016190632061175,-84.85919915396553,513.931
114,2,34,-20.00655298469447,-84.85919915396553,510.267
115,2,35,-10.99261829456618,-84.85919915396553,507.382
116,2,36,-1.9748834579384256,-84.85919915396553,505.455
117,2,37,7.046066263354289,-84.85919915396553,504.582
118,2,38,16.069560230112835,-84.85919915396553,504.766
119,2,39,25.094879991813887,-84.85919915396553,505.922
120,3,0,38.634644021286135,-75.8592023186123,509.098
121,3,1,47.661302500064515,-75.8592023186123,511.828
122,3,2,56.68728479011506,-75.8592023186123,514.727
123,3,3,65.71198641969623,-75.8592023186123,517.52
124,3,4,74.7348848793365,-75.85920914880148,519.958
125,3,5,83.75552937655068,-75.85922280917981,521.849
126,3,6,87.22644709764359,104.14085050166821,523.066
127,3,7,78.21134188384627,104.14081635072236,523.57
128,3,8,69.19937172687801,104.1408095205332,523.4
129,3,9,60.190693721089694,104.1408095205332,522.675
130,3,10,51.18543422498097,104.14080269034403,521.577
131,3,11,42.183651295159784,104.14080269034403,520.328
132,3,12,33.1853961580449,104.14080269034403,519.167
133,3,13,24.190648323068825,104.14080269034403,518.324
134,3,14,15.199354856265483,104.14080269034403,517.992
135,3,15,6.211422696307432,104.14080269034403,518.311
136,3,16,-2.7733054645996478,104.14080269034403,519.347
137,3,17,-11.755041575763439,104.14080269034403,521.086
138,3,18,-20.734116687915275,104.14080269034403,523.432
139,3,19,-29.710899417826926,104.14080269034403,526.219
140,3,20,-38.685856779682894,104.14080269034403,529.219
141,3,21,-47.65956763201533,104.14079586015485,532.166
142,3,22,-56.63265352203871,104.14079586015485,534.783
143,3,23,-65.60581112904838,104.14079586015485,536.805
144,3,24,-74.57977128328552,104.14079586015485,538.008
145,3,25,-83.55531604141011,104.14078219977651,538.228
146,3,26,-87.46686975642803,-75.85914084690978,537.381
147,3,27,-78.48602477150752,-75.85918865823396,535.475
148,3,28,-69.5015597863269,-75.85918865823396,532.604
149,3,29,-60.51296253669841,-75.85919548842314,528.949
150,3,30,-51.51984711693397,-75.85919548842314,524.76
151,3,31,-42.52198471569636,-75.85919548842314,520.331
152,3,32,-33.519310446188484,-75.85919548842314,515.98
153,3,33,-24.51191651596413,-75.85919548842314,512.016
154,3,34,-15.50009320806302,-75.85919548842314,508.714
155,3,35,-6.484191423453769,-75.85919548842314,506.291
156,3,36,2.535230043012156,-75.85919548842314,504.885
157,3,37,11.55753982572335,-75.85919548842314,504.545
158,3,38,20.582039110950355,-75.8592023186123,505.231
159,3,39,29.60799237269693,-75.8592023186123,506.816
160,4,0,34.121268678120046,-66.85919865306991,507.885
161,4,1,43.148015949357635,-66.85919865306991,510.424
162,4,2,52.174418296042134,-66.85919865306991,513.274
163,4,3,61.19983368039157,-66.85920548325907,516.153
164,4,4,70.22369519670482,-66.85920548325907,518.797
165,4,5,79.24551448645624,-66.85921231344825,520.982
166,4,6,88.2648885684848,-66.85928061533994,522.546
167,4,7,82.71851541524599,113.14082001626477,523.407
168,4,8,73.70494699401195,113.1408131860756,523.563
169,4,9,64.69460925225532,113.14080635588643,523.097
170,4,10,55.68762854847574,113.14080635588643,522.16
171,4,11,46.684103920416206,113.14080635588643,520.957
172,4,12,37.68407976430629,113.14080635588643,519.722
173,4,13,28.68757657071352,113.14080635588643,518.693
174,4,14,19.69457384907038,113.14080635588643,518.084
175,4,15,10.70497683050214,113.14079952569726,518.064
176,4,16,1.718670575731671,113.14079952569726,518.738
177,4,17,-7.264521753107508,113.14079952569726,520.132
178,4,18,-16.24489118610706,113.14079952569726,522.192
179,4,19,-25.222766746285913,113.14079952569726,524.784
180,4,20,-34.198579589335424,113.14079952569726,527.708
181,4,21,-43.172830026612296,113.14079952569726,530.716
182,4,22,-52.14614472797287,113.14079952569726,533.533
183,4,23,-61.11917597648289,113.14079952569726,535.884
184,4,24,-70.09265118728896,113.14079269550808,537.521
185,4,25,-79.06729436044311,113.14078586531892,538.248
186,4,26,-88.04390462807821,113.14073122380556,537.94
187,4,27,-82.97686049041256,-66.8591781625024,536.557
188,4,28,-73.99428063744286,-66.85919182288073,534.15
189,4,29,-65.00780757664624,-66.85919182288073,530.861
190,4,30,-56.01698710044293,-66.85919182288073,526.904
191,4,31,-47.021518680509416,-66.85919182288073,522.556
192,4,32,-38.02124863758939,-66.85919865306991,518.126
193,4,33,-29.016190632061175,-66.85919865306991,513.931
194,4,34,-20.00655298469447,-66.85919865306991,510.267
195,4,35,-10.99261829456618,-66.85919865306991,507.382
196,4,36,-1.9748834579384256,-66.85919865306991,505.455
197,4,37,7.046066263354289,-66.85919865306991,504.582
198,4,38,16.069560230112835,-66.85919865306991,504.766
199,4,39,25.094879991813887,-66.85919865306991,505.922
200,5,0,38.634644021286135,-57.859201817716674,509.098
201,5,1,47.661302500064515,-57.859201817716674,511.828
202,5,2,56.68728479011506,-57.859201817716674,514.727
203,5,3,65.71198641969623,-57.859201817716674,517.52
204,5,4,74.7348848793365,-57.859208647905845,519.958
205,5,5,83.75552937655068,-57.85922230828418,521.849
206,5,6,87.22644709764359,122.14085783275301,523.066
207,5,7,78.21134188384627,122.140816851618,523.57
208,5,8,69.19937172687801,122.14080319123966,523.4
209,5,9,60.190693721089694,122.14080319123966,522.675
210,5,10,51.18543422498097,122.14080319123966,521.577
211,5,11,42.183651295159784,122.14080319123966,520.328
212,5,12,33.1853961580449,122.14080319123966,519.167
213,5,13,24.190648323068825,122.14080319123966,518.324
214,5,14,15.199354856265483,122.14080319123966,517.992
215,5,15,6.211422696307432,122.14080319123966,518.311
216,5,16,-2.7733054645996478,122.14080319123966,519.347
217,5,17,-11.755041575763439,122.14080319123966,521.086
218,5,18,-20.734116687915275,122.14080319123966,523.432
219,5,19,-29.710899417826926,122.14080319123966,526.219
220,5,20,-38.685856779682894,122.14080319123966,529.219
221,5,21,-47.65956763201533,122.14080319123966,532.166
222,5,22,-56.63265352203871,122.14080319123966,534.783
223,5,23,-65.60581112904838,122.14080319123966,536.805
224,5,24,-74.57977128328552,122.14078953086131,538.008
225,5,25,-83.55531604141011,122.14077587048298,538.228
226,5,26,-87.46686975642803,-57.859140346014144,537.381
227,5,27,-78.48602477150752,-57.85918815733834,535.475
228,5,28,-69.5015597863269,-57.85918815733834,532.604
229,5,29,-60.51296253669841,-57.8591949875275,528.949
230,5,30,-51.51984711693397,-57.8591949875275,524.76
231,5,31,-42.52198471569636,-57.8591949875275,520.331
232,5,32,-33.519310446188484,-57.8591949875275,515.98
233,5,33,-24.51191651596413,-57.8591949875275,512.016
234,5,34,-15.50009320806302,-57.8591949875275,508.714
235,5,35,-6.484191423453769,-57.8591949875275,506.291
236,5,36,2.535230043012156,-57.8591949875275,504.885
237,5,37,11.55753982572335,-57.8591949875275,504.545
238,5,38,20.582039110950355,-57.859201817716674,505.231
239,5,39,29.60799237269693,-57.859201817716674,506.816
240,6,0,34.121268678120046,-48.85919815217427,507.885
241,6,1,43.148015949357635,-48.85919815217427,510.424
242,6,2,52.174418296042134,-48.859201567268855,513.274
243,6,3,61.19983368039157,-48.859201567268855,516.153
244,6,4,70.22369519670482,-48.859204982363444,518.797
245,6,5,79.24551448645624,-48.859211812552616,520.982
246,6,6,88.2648885684848,-48.85928011444431,522.546
247,6,7,82.71851541524599,131.1408205171604,523.407
248,6,8,73.70494699401195,131.14080685678206,523.563
249,6,9,64.69460925225532,131.14080685678206,523.097
250,6,10,55.68762854847574,131.14080685678206,522.16
251,6,11,46.684103920416206,131.14080685678206,520.957
252,6,12,37.68407976430629,131.14080685678206,519.722
253,6,13,28.68757657071352,131.14080685678206,518.693
254,6,14,19.69457384907038,131.14080685678206,518.084
255,6,15,10.70497683050214,131.14080685678206,518.064
256,6,16,1.718670575731671,131.14080685678206,518.738
257,6,17,-7.264521753107508,131.14080685678206,520.132
258,6,18,-16.24489118610706,131.14080685678206,522.192
259,6,19,-25.222766746285913,131.14080685678206,524.784
260,6,20,-34.198579589335424,131.14080685678206,527.708
261,6,21,-43.172830026612296,131.14080685678206,530.716
262,6,22,-52.14614472797287,131.14079319640373,533.533
263,6,23,-61.11917597648289,131.14079319640373,535.884
264,6,24,-70.09265118728896,131.14079319640373,537.521
265,6,25,-79.06729436044311,131.14079319640373,538.248
266,6,26,-88.04390462807821,131.14072489451203,537.94
267,6,27,-82.97686049041256,-48.859177661606765,536.557
268,6,28,-73.99428063744286,-48.85918790689052,534.15
269,6,29,-65.00780757664624,-48.8591913219851,530.861
270,6,30,-56.01698710044293,-48.85919473707969,526.904
271,6,31,-47.021518680509416,-48.85919473707969,522.556
272,6,32,-38.02124863758939,-48.85919473707969,518.126
273,6,33,-29.016190632061175,-48.85919473707969,513.931
274,6,34,-20.00655298469447,-48.85919473707969,510.267
275,6,35,-10.99261829456618,-48.85919815217427,507.382
276,6,36,-1.9748834579384256,-48.85919815217427,505.455
277,6,37,7.046066263354289,-48.85919815217427,504.582
278,6,38,16.069560230112835,-48.85919815217427,504.766
279,6,39,25.094879991813887,-48.85919815217427,505.922
280,7,0,38.634644021286135,-39.85920131682104,509.098
281,7,1,47.661302500064515,-39.859204731915625,511.828
282,7,2,56.68728479011506,-39.859204731915625,514.727
283,7,3,65.71198641969623,-39.859204731915625,517.52
284,7,4,74.7348848793365,-39.859208147010214,519.958
285,7,5,83.75552937655068,-39.85922180738855,521.849
286,7,6,87.22644709764359,140.1408515034595,523.066
287,7,7,78.21134188384627,140.14081052232447,523.57
288,7,8,69.19937172687801,140.14081052232447,523.4
289,7,9,60.190693721089694,140.14081052232447,522.675
290,7,10,51.18543422498097,140.14079686194611,521.577
291,7,11,42.183651295159784,140.14079686194611,520.328
292,7,12,33.1853961580449,140.14079686194611,519.167
293,7,13,24.190648323068825,140.14079686194611,518.324
294,7,14,15.199354856265483,140.14079686194611,517.992
295,7,15,6.211422696307432,140.14079686194611,518.311
296,7,16,-2.7733054645996478,140.14079686194611,519.347
297,7,17,-11.755041575763439,140.14079686194611,521.086
298,7,18,-20.734116687915275,140.14079686194611,523.432
299,7,19,-29.710899417826926,140.14079686194611,526.219
300,7,20,-38.685856779682894,140.14079686194611,529.219
301,7,21,-47.65956763201533,140.14079686194611,532.166
302,7,22,-56.63265352203871,140.14079686194611,534.783
303,7,23,-65.60581112904838,140.14079686194611,536.805
304,7,24,-74.57977128328552,140.14079686194611,538.008
305,7,25,-83.55531604141011,140.14078320156779,538.228
306,7,26,-87.46686975642803,-39.859143260213095,537.381
307,7,27,-78.48602477150752,-39.8591876564427,535.475
308,7,28,-69.5015597863269,-39.85919448663187,532.604
309,7,29,-60.51296253669841,-39.85919448663187,528.949
310,7,30,-51.51984711693397,-39.85919790172645,524.76
311,7,31,-42.52198471569636,-39.85919790172645,520.331
312,7,32,-33.519310446188484,-39.85919790172645,515.98
313,7,33,-24.51191651596413,-39.85919790172645,512.016
314,7,34,-15.50009320806302,-39.85920131682104,508.714
315,7,35,-6.484191423453769,-39.85920131682104,506.291
316,7,36,2.535230043012156,-39.85920131682104,504.885
317,7,37,11.55753982572335,-39.85920131682104,504.545
318,7,38,20.582039110950355,-39.85920131682104,505.231
319,7,39,29.60799237269693,-39.85920131682104,506.816
320,8,0,34.121268678120046,-30.859197651278638,507.885
321,8,1,43.148015949357635,-30.859197651278638,510.424
322,8,2,52.174418296042134,-30.859201066373224,513.274
323,8,3,61.19983368039157,-30.859201066373224,516.153
324,8,4,70.22369519670482,-30.85920448146781,518.797
325,8,5,79.24551448645624,-30.85921131165698,520.982
326,8,6,88.2648885684848,-30.85927961354868,522.546
327,8,7,82.71851541524599,149.1408278482452,523.407
328,8,8,73.70494699401195,149.14081418786685,523.563
329,8,9,64.69460925225532,149.14081418786685,523.097
330,8,10,55.68762854847574,149.14080052748852,522.16
331,8,11,46.684103920416206,149.14080052748852,520.957
332,8,12,37.68407976430629,149.14080052748852,519.722
333,8,13,28.68757657071352,149.14080052748852,518.693
334,8,14,19.69457384907038,149.14080052748852,518.084
335,8,15,10.70497683050214,149.14080052748852,518.064
336,8,16,1.718670575731671,149.14080052748852,518.738
337,8,17,-7.264521753107508,149.14080052748852,520.132
338,8,18,-16.24489118610706,149.14080052748852,522.192
339,8,19,-25.222766746285913,149.14080052748852,524.784
340,8,20,-34.198579589335424,149.14080052748852,527.708
341,8,21,-43.172830026612296,149.14080052748852,530.716
342,8,22,-52.14614472797287,149.14080052748852,533.533
343,8,23,-61.11917597648289,149.14080052748852,535.884
344,8,24,-70.09265118728896,149.14080052748852,537.521
345,8,25,-79.06729436044311,149.1407868671102,538.248
346,8,26,-88.04390462807821,149.14073222559682,537.94
347,8,27,-82.97686049041256,-30.85917716071113,536.557
348,8,28,-73.99428063744286,-30.859187405994884,534.15
349,8,29,-65.00780757664624,-30.85919082108947,530.861
350,8,30,-56.01698710044293,-30.859194236184056,526.904
351,8,31,-47.021518680509416,-30.859194236184056,522.556
352,8,32,-38.02124863758939,-30.859194236184056,518.126
353,8,33,-29.016190632061175,-30.859194236184056,513.931
354,8,34,-20.00655298469447,-30.859194236184056,510.267
355,8,35,-10.99261829456618,-30.859197651278638,507.382
356,8,36,-1.9748834579384256,-30.859197651278638,505.455
357,8,37,7.046066263354289,-30.859197651278638,504.582
358,8,38,16.069560230112835,-30.859197651278638,504.766
359,8,39,25.094879991813887,-30.859197651278638,505.922
360,9,0,38.634644021286135,-21.8592025234727,509.098
361,9,1,47.661302500064515,-21.8592025234727,511.828
362,9,2,56.68728479011506,-21.859204231019994,514.727
363,9,3,65.71198641969623,-21.859205938567285,517.52
364,9,4,74.7348848793365,-21.85920935366187,519.958
365,9,5,83.75552937655068,-21.85922301404021,521.849
366,9,6,87.22644709764359,158.14084517416595,523.066
367,9,7,78.21134188384627,158.14081785340926,523.57
368,9,8,69.19937172687801,158.14080419303093,523.4
369,9,9,60.190693721089694,158.14080419303093,522.675
370,9,10,51.18543422498097,158.14080419303093,521.577
371,9,11,42.183651295159784,158.14080419303093,520.328
372,9,12,33.1853961580449,158.14080419303093,519.167
373,9,13,24.190648323068825,158.14080419303093,518.324
374,9,14,15.199354856265483,158.14080419303093,517.992
375,9,15,6.211422696307432,158.14080419303093,518.311
376,9,16,-2.7733054645996478,158.14080419303093,519.347
377,9,17,-11.755041575763439,158.14080419303093,521.086
378,9,18,-20.734116687915275,158.14080419303093,523.432
379,9,19,-29.710899417826926,158.14080419303093,526.219
380,9,20,-38.685856779682894,158.14080419303093,529.219
381,9,21,-47.65956763201533,158.14079053265257,532.166
382,9,22,-56.63265352203871,158.14079053265257,534.783
383,9,23,-65.60581112904838,158.14079053265257,536.805
384,9,24,-74.57977128328552,158.14079053265257,538.008
385,9,25,-83.55531604141011,158.14077687227424,538.228
386,9,26,-87.46686975642803,-21.859142759317464,537.381
387,9,27,-78.48602477150752,-21.85918715554707,535.475
388,9,28,-69.5015597863269,-21.859193985736237,532.604
389,9,29,-60.51296253669841,-21.85919569328353,528.949
390,9,30,-51.51984711693397,-21.859197400830823,524.76
391,9,31,-42.52198471569636,-21.859197400830823,520.331
392,9,32,-33.519310446188484,-21.859199108378114,515.98
393,9,33,-24.51191651596413,-21.859199108378114,512.016
394,9,34,-15.50009320806302,-21.859199108378114,508.714
395,9,35,-6.484191423453769,-21.859199108378114,506.291
396,9,36,2.535230043012156,-21.85920081592541,504.885
397,9,37,11.55753982572335,-21.85920081592541,504.545
398,9,38,20.582039110950355,-21.85920081592541,505.231
399,9,39,29.60799237269693,-21.85920081592541,506.816
400,10,0,34.121268678120046,-12.859198004156653,507.885
401,10,1,43.148015949357635,-12.859198857930298,510.424
402,10,2,52.174418296042134,-12.859199711703946,513.274
403,10,3,61.19983368039157,-12.859200565477591,516.153
404,10,4,70.22369519670482,-12.85920312679853,518.797
405,10,5,79.24551448645624,-12.859209103214054,520.982
406,10,6,88.2648885684848,-12.859279112653047,522.546
407,10,7,82.71851541524599,167.14082151895167,523.407
408,10,8,73.70494699401195,167.14080785857334,523.563
409,10,9,64.69460925225532,167.14080785857334,523.097
410,10,10,55.68762854847574,167.14080785857334,522.16
411,10,11,46.684103920416206,167.14080785857334,520.957
412,10,12,37.68407976430629,167.14080785857334,519.722
413,10,13,28.68757657071352,167.14080785857334,518.693
414,10,14,19.69457384907038,167.14080785857334,518.084
415,10,15,10.70497683050214,167.14080785857334,518.064
416,10,16,1.718670575731671,167.14080785857334,518.738
417,10,17,-7.264521753107508,167.14080785857334,520.132
418,10,18,-16.24489118610706,167.14080785857334,522.192
419,10,19,-25.222766746285913,167.14080785857334,524.784
420,10,20,-34.198579589335424,167.14080785857334,527.708
421,10,21,-43.172830026612296,167.14080785857334,530.716
422,10,22,-52.14614472797287,167.14079419819498,533.533
423,10,23,-61.11917597648289,167.14079419819498,535.884
424,10,24,-70.09265118728896,167.14079419819498,537.521
425,10,25,-79.06729436044311,167.14079419819498,538.248
426,10,26,-88.04390462807821,167.14072589630328,537.94
427,10,27,-82.97686049041256,-12.85917580604185,536.557
428,10,28,-73.99428063744286,-12.859187758872897,534.15
429,10,29,-65.00780757664624,-12.859191173967483,530.861
430,10,30,-56.01698710044293,-12.859192881514774,526.904
431,10,31,-47.021518680509416,-12.859193735288422,522.556
432,10,32,-38.02124863758939,-12.859194589062067,518.126
433,10,33,-29.016190632061175,-12.859194589062067,513.931
434,10,34,-20.00655298469447,-12.859195442835714,510.267
435,10,35,-10.99261829456618,-12.859195442835714,507.382
436,10,36,-1.9748834579384256,-12.85919629660936,505.455
437,10,37,7.046066263354289,-12.85919629660936,504.582
438,10,38,16.069560230112835,-12.859197150383006,504.766
439,10,39,25.094879991813887,-12.859197150383006,505.922
440,11,0,38.634644021286135,-3.859201595690244,509.098
441,11,1,47.661302500064515,-3.8592024494638903,511.828
442,11,2,56.68728479011506,-3.8592033032375364,514.727
443,11,3,65.71198641969623,-3.859205010784829,517.52
444,11,4,74.7348848793365,-3.859208852766237,519.958
445,11,5,83.75552937655068,-3.859222513144577,521.849
446,11,6,87.22644709764359,176.14085250525076,523.066
447,11,7,78.21134188384627,176.14081152411572,523.57
448,11,8,69.19937172687801,176.14081152411572,523.4
449,11,9,60.190693721089694,176.14081152411572,522.675
450,11,10,51.18543422498097,176.1407978637374,521.577
451,11,11,42.183651295159784,176.1407978637374,520.328
452,11,12,33.1853961580449,176.1407978637374,519.167
453,11,13,24.190648323068825,176.1407978637374,518.324
454,11,14,15.199354856265483,176.1407978637374,517.992
455,11,15,6.211422696307432,176.1407978637374,518.311
456,11,16,-2.7733054645996478,176.1407978637374,519.347
457,11,17,-11.755041575763439,176.1407978637374,521.086
458,11,18,-20.734116687915275,176.1407978637374,523.432
459,11,19,-29.710899417826926,176.1407978637374,526.219
460,11,20,-38.685856779682894,176.1407978637374,529.219
461,11,21,-47.65956763201533,176.1407978637374,532.166
462,11,22,-56.63265352203871,176.1407978637374,534.783
463,11,23,-65.60581112904838,176.1407978637374,536.805
464,11,24,-74.57977128328552,176.1407978637374,538.008
465,11,25,-83.55531604141011,176.14078420335906,538.228
466,11,26,-87.46686975642803,-3.859142685308653,537.381
467,11,27,-78.48602477150752,-3.859187081538258,535.475
468,11,28,-69.5015597863269,-3.8591926310669584,532.604
469,11,29,-60.51296253669841,-3.859195192387897,528.949
470,11,30,-51.51984711693397,-3.8591964730483665,524.76
471,11,31,-42.52198471569636,-3.8591973268220126,520.331
472,11,32,-33.519310446188484,-3.8591977537088358,515.98
473,11,33,-24.51191651596413,-3.859198180595659,512.016
474,11,34,-15.50009320806302,-3.8591986074824822,508.714
475,11,35,-6.484191423453769,-3.859199034369305,506.291
476,11,36,2.535230043012156,-3.8591994612561282,504.885
477,11,37,11.55753982572335,-3.8591998881429515,504.545
478,11,38,20.582039110950355,-3.8592003150297747,505.231
479,11,39,29.60799237269693,-3.859200741916598,506.816
480,12,0,34.121268678120046,5.1408024967389805,507.885
481,12,1,43.148015949357635,5.140801642965335,510.424
482,12,2,52.174418296042134,5.1408007891916885,513.274
483,12,3,61.19983368039157,5.140799508531219,516.153
484,12,4,70.22369519670482,5.140797374097104,518.797
485,12,5,79.24551448645624,5.1407909707947566,520.982
486,12,6,88.2648885684848,5.140721388242587,522.546
487,12,7,82.71851541524599,-174.8591811678762,523.407
488,12,8,73.70494699401195,-174.8591811678762,523.563
489,12,9,64.69460925225532,-174.85919482825454,523.097
490,12,10,55.68762854847574,-174.85919482825454,522.16
491,12,11,46.684103920416206,-174.85919482825454,520.957
492,12,12,37.68407976430629,-174.85919482825454,519.722
493,12,13,28.68757657071352,-174.85919482825454,518.693
494,12,14,19.69457384907038,-174.85919482825454,518.084
495,12,15,10.70497683050214,-174.85919482825454,518.064
496,12,16,1.718670575731671,-174.85919482825454,518.738
497,12,17,-7.264521753107508,-174.85919482825454,520.132
498,12,18,-16.24489118610706,-174.85919482825454,522.192
499,12,19,-25.222766746285913,-174.85919482825454,524.784
500,12,20,-34.198579589335424,-174.85919482825454,527.708
501,12,21,-43.172830026612296,-174.85919482825454,530.716
502,12,22,-52.14614472797287,-174.85919482825454,533.533
503,12,23,-61.11917597648289,-174.85919482825454,535.884
504,12,24,-70.09265118728896,-174.85920848863287,537.521
505,12,25,-79.06729436044311,-174.85920848863287,538.248
506,12,26,-88.04390462807821,-174.85926313014625,537.94
507,12,27,-82.97686049041256,5.140824694853784,536.557
508,12,28,-73.99428063744286,5.140812742022736,534.15
509,12,29,-65.00780757664624,5.140809753814974,530.861
510,12,30,-56.01698710044293,5.140808046267682,526.904
511,12,31,-47.021518680509416,5.140806765607212,522.556
512,12,32,-38.02124863758939,5.140806338720389,518.126
513,12,33,-29.016190632061175,5.140805484946743,513.931
514,12,34,-20.00655298469447,5.14080505805992,510.267
515,12,35,-10.99261829456618,5.140804631173096,507.382
516,12,36,-1.9748834579384256,5.140804204286273,505.455
517,12,37,7.046066263354289,5.140803777399451,504.582
518,12,38,16.069560230112835,5.140803350512627,504.766
519,12,39,25.094879991813887,5.140802923625804,505.922
520,13,0,38.634644021286135,14.140806162281383,509.098
521,13,1,47.661302500064515,14.140805308507737,511.828
522,13,2,56.68728479011506,14.140803600960444,514.727
523,13,3,65.71198641969623,14.140801893413151,517.52
524,13,4,74.7348848793365,14.140798478318567,519.958
525,13,5,83.75552937655068,14.140784817940226,521.849
526,13,6,87.22644709764359,-165.85913652119876,523.066
527,13,7,78.21134188384627,-165.8591775023338,523.57
528,13,8,69.19937172687801,-165.85919116271214,523.4
529,13,9,60.190693721089694,-165.85919116271214,522.675
530,13,10,51.18543422498097,-165.85919116271214,521.577
531,13,11,42.183651295159784,-165.85919116271214,520.328
532,13,12,33.1853961580449,-165.85919116271214,519.167
533,13,13,24.190648323068825,-165.85919116271214,518.324
534,13,14,15.199354856265483,-165.85919116271214,517.992
535,13,15,6.211422696307432,-165.85919116271214,518.311
536,13,16,-2.7733054645996478,-165.85919116271214,519.347
537,13,17,-11.755041575763439,-165.85919116271214,521.086
538,13,18,-20.734116687915275,-165.85919116271214,523.432
539,13,19,-29.710899417826926,-165.85919116271214,526.219
540,13,20,-38.685856779682894,-165.85919116271214,529.219
541,13,21,-47.65956763201533,-165.85919116271214,532.166
542,13,22,-56.63265352203871,-165.85919116271214,534.783
543,13,23,-65.60581112904838,-165.85919116271214,536.805
544,13,24,-74.57977128328552,-165.85920482309047,538.008
545,13,25,-83.55531604141011,-165.85921848346882,538.228
546,13,26,-87.46686975642803,14.140864218889329,537.381
547,13,27,-78.48602477150752,14.140819822659722,535.475
548,13,28,-69.5015597863269,14.140814700017845,532.604
549,13,29,-60.51296253669841,14.140812138696907,528.949
550,13,30,-51.51984711693397,14.14081128492326,524.76
551,13,31,-42.52198471569636,14.140810431149614,520.331
552,13,32,-33.519310446188484,14.140809577375968,515.98
553,13,33,-24.51191651596413,14.140808723602321,512.016
554,13,34,-15.50009320806302,14.140808723602321,508.714
555,13,35,-6.484191423453769,14.140807869828675,506.291
556,13,36,2.535230043012156,14.140807869828675,504.885
557,13,37,11.55753982572335,14.140807016055028,504.545
558,13,38,20.582039110950355,14.140807016055028,505.231
559,13,39,29.60799237269693,14.140806162281383,506.816
560,14,0,34.121268678120046,23.1407953136718,507.885
561,14,1,43.148015949357635,23.1407953136718,510.424
562,14,2,52.174418296042134,23.1407953136718,513.274
563,14,3,61.19983368039157,23.140793606124504,516.153
564,14,4,70.22369519670482,23.14079019102992,518.797
565,14,5,79.24551448645624,23.140785068388045,520.982
566,14,6,88.2648885684848,23.140715058949052,522.546
567,14,7,82.71851541524599,-156.85918749716973,523.407
568,14,8,73.70494699401195,-156.85918749716973,523.563
569,14,9,64.69460925225532,-156.85920115754809,523.097
570,14,10,55.68762854847574,-156.85920115754809,522.16
571,14,11,46.684103920416206,-156.85920115754809,520.957
572,14,12,37.68407976430629,-156.85920115754809,519.722
573,14,13,28.68757657071352,-156.85920115754809,518.693
574,14,14,19.69457384907038,-156.85920115754809,518.084
575,14,15,10.70497683050214,-156.85920115754809,518.064
576,14,16,1.718670575731671,-156.85920115754809,518.738
577,14,17,-7.264521753107508,-156.85920115754809,520.132
578,14,18,-16.24489118610706,-156.85920115754809,522.192
579,14,19,-25.222766746285913,-156.85920115754809,524.784
580,14,20,-34.198579589335424,-156.85920115754809,527.708
581,14,21,-43.172830026612296,-156.85920115754809,530.716
582,14,22,-52.14614472797287,-156.85920115754809,533.533
583,14,23,-61.11917597648289,-156.85920115754809,535.884
584,14,24,-70.09265118728896,-156.85921481792641,537.521
585,14,25,-79.06729436044311,-156.85921481792641,538.248
586,14,26,-88.04390462807821,-156.8592694594398,537.94
587,14,27,-82.97686049041256,23.1408175117866,536.557
588,14,28,-73.99428063744286,23.140807266502847,534.15
589,14,29,-65.00780757664624,23.14080385140826,530.861
590,14,30,-56.01698710044293,23.140802143860967,526.904
591,14,31,-47.021518680509416,23.140800436313675,522.556
592,14,32,-38.02124863758939,23.140800436313675,518.126
593,14,33,-29.016190632061175,23.140798728766384,513.931
594,14,34,-20.00655298469447,23.140798728766384,510.267
595,14,35,-10.99261829456618,23.140798728766384,507.382
596,14,36,-1.9748834579384256,23.140798728766384,505.455
597,14,37,7.046066263354289,23.14079702121909,504.582
598,14,38,16.069560230112835,23.14079702121909,504.766
599,14,39,25.094879991813887,23.14079702121909,505.922
600,15,0,38.634644021286135,32.140800686761494,509.098
601,15,1,47.661302500064515,32.140797271666905,511.828
602,15,2,56.68728479011506,32.140797271666905,514.727
603,15,3,65.71198641969623,32.140797271666905,517.52
604,15,4,74.7348848793365,32.14079385657232,519.958
605,15,5,83.75552937655068,32.14078019619398,521.849
606,15,6,87.22644709764359,-147.8591428504923,523.066
607,15,7,78.21134188384627,-147.85918383162732,523.57
608,15,8,69.19937172687801,-147.85919749200568,523.4
609,15,9,60.190693721089694,-147.85919749200568,522.675
610,15,10,51.18543422498097,-147.85919749200568,521.577
611,15,11,42.183651295159784,-147.85919749200568,520.328
612,15,12,33.1853961580449,-147.85919749200568,519.167
613,15,13,24.190648323068825,-147.85919749200568,518.324
614,15,14,15.199354856265483,-147.85919749200568,517.992
615,15,15,6.211422696307432,-147.85919749200568,518.311
616,15,16,-2.7733054645996478,-147.85919749200568,519.347
617,15,17,-11.755041575763439,-147.85919749200568,521.086
618,15,18,-20.734116687915275,-147.85919749200568,523.432
619,15,19,-29.710899417826926,-147.85919749200568,526.219
620,15,20,-38.685856779682894,-147.85919749200568,529.219
621,15,21,-47.65956763201533,-147.85919749200568,532.166
622,15,22,-56.63265352203871,-147.85919749200568,534.783
623,15,23,-65.60581112904838,-147.85919749200568,536.805
624,15,24,-74.57977128328552,-147.859211152384,538.008
625,15,25,-83.55531604141011,-147.85922481276236,538.228
626,15,26,-87.46686975642803,32.140858743369435,537.381
627,15,27,-78.48602477150752,32.14081434713983,535.475
628,15,28,-69.5015597863269,32.14080751695066,532.604
629,15,29,-60.51296253669841,32.14080751695066,528.949
630,15,30,-51.51984711693397,32.14080410185608,524.76
631,15,31,-42.52198471569636,32.14080410185608,520.331
632,15,32,-33.519310446188484,32.14080410185608,515.98
633,15,33,-24.51191651596413,32.14080410185608,512.016
634,15,34,-15.50009320806302,32.140800686761494,508.714
635,15,35,-6.484191423453769,32.140800686761494,506.291
636,15,36,2.535230043012156,32.140800686761494,504.885
637,15,37,11.55753982572335,32.140800686761494,504.545
638,15,38,20.582039110950355,32.140800686761494,505.231
639,15,39,29.60799237269693,32.140800686761494,506.816
640,16,0,34.121268678120046,41.140804352303896,507.885
641,16,1,43.148015949357635,41.140804352303896,510.424
642,16,2,52.174418296042134,41.140800937209306,513.274
643,16,3,61.19983368039157,41.140800937209306,516.153
644,16,4,70.22369519670482,41.140797522114724,518.797
645,16,5,79.24551448645624,41.14079069192555,520.982
646,16,6,88.2648885684848,41.14072239003385,522.546
647,16,7,82.71851541524599,-138.85918016608494,523.407
648,16,8,73.70494699401195,-138.85918016608494,523.563
649,16,9,64.69460925225532,-138.85919382646327,523.097
650,16,10,55.68762854847574,-138.85919382646327,522.16
651,16,11,46.684103920416206,-138.85919382646327,520.957
652,16,12,37.68407976430629,-138.85919382646327,519.722
653,16,13,28.68757657071352,-138.85919382646327,518.693
654,16,14,19.69457384907038,-138.85919382646327,518.084
655,16,15,10.70497683050214,-138.85919382646327,518.064
656,16,16,1.718670575731671,-138.85919382646327,518.738
657,16,17,-7.264521753107508,-138.85919382646327,520.132
658,16,18,-16.24489118610706,-138.85919382646327,522.192
659,16,19,-25.222766746285913,-138.85919382646327,524.784
660,16,20,-34.198579589335424,-138.85919382646327,527.708
661,16,21,-43.172830026612296,-138.85919382646327,530.716
662,16,22,-52.14614472797287,-138.85919382646327,533.533
663,16,23,-61.11917597648289,-138.85919382646327,535.884
664,16,24,-70.09265118728896,-138.8592074868416,537.521
665,16,25,-79.06729436044311,-138.8592074868416,538.248
666,16,26,-88.04390462807821,-138.85926212835497,537.94
667,16,27,-82.97686049041256,41.1408248428714,536.557
668,16,28,-73.99428063744286,41.14081459758765,534.15
669,16,29,-65.00780757664624,41.14081118249307,530.861
670,16,30,-56.01698710044293,41.14080776739848,526.904
671,16,31,-47.021518680509416,41.14080776739848,522.556
672,16,32,-38.02124863758939,41.14080776739848,518.126
673,16,33,-29.016190632061175,41.14080776739848,513.931
674,16,34,-20.00655298469447,41.14080776739848,510.267
675,16,35,-10.99261829456618,41.140804352303896,507.382
676,16,36,-1.9748834579384256,41.140804352303896,505.455
677,16,37,7.046066263354289,41.140804352303896,504.582
678,16,38,16.069560230112835,41.140804352303896,504.766
679,16,39,25.094879991813887,41.140804352303896,505.922
680,17,0,38.634644021286135,50.14079435746795,509.098
681,17,1,47.661302500064515,50.14079094237337,511.828
682,17,2,56.68728479011506,50.14079094237337,514.727
683,17,3,65.71198641969623,50.14079094237337,517.52
684,17,4,74.7348848793365,50.14078752727879,519.958
685,17,5,83.75552937655068,50.140773866900446,521.849
686,17,6,87.22644709764359,-129.85914917978585,523.066
687,17,7,78.21134188384627,-129.85919016092086,523.57
688,17,8,69.19937172687801,-129.85920382129922,523.4
689,17,9,60.190693721089694,-129.85920382129922,522.675
690,17,10,51.18543422498097,-129.85920382129922,521.577
691,17,11,42.183651295159784,-129.85920382129922,520.328
692,17,12,33.1853961580449,-129.85920382129922,519.167
693,17,13,24.190648323068825,-129.85920382129922,518.324
694,17,14,15.199354856265483,-129.85920382129922,517.992
695,17,15,6.211422696307432,-129.85920382129922,518.311
696,17,16,-2.7733054645996478,-129.85920382129922,519.347
697,17,17,-11.755041575763439,-129.85920382129922,521.086
698,17,18,-20.734116687915275,-129.85920382129922,523.432
699,17,19,-29.710899417826926,-129.85920382129922,526.219
700,17,20,-38.685856779682894,-129.85920382129922,529.219
701,17,21,-47.65956763201533,-129.85920382129922,532.166
702,17,22,-56.63265352203871,-129.85920382129922,534.783
703,17,23,-65.60581112904838,-129.85920382129922,536.805
704,17,24,-74.57977128328552,-129.85921748167755,538.008
705,17,25,-83.55531604141011,-129.85923114205588,538.228
706,17,26,-87.46686975642803,50.1408524140759,537.381
707,17,27,-78.48602477150752,50.1408080178463,535.475
708,17,28,-69.5015597863269,50.140801187657125,532.604
709,17,29,-60.51296253669841,50.140801187657125,528.949
710,17,30,-51.51984711693397,50.14079777256254,524.76
711,17,31,-42.52198471569636,50.14079777256254,520.331
712,17,32,-33.519310446188484,50.14079777256254,515.98
713,17,33,-24.51191651596413,50.14079777256254,512.016
714,17,34,-15.50009320806302,50.14079435746795,508.714
715,17,35,-6.484191423453769,50.14079435746795,506.291
716,17,36,2.535230043012156,50.14079435746795,504.885
717,17,37,11.55753982572335,50.14079435746795,504.545
718,17,38,20.582039110950355,50.14079435746795,505.231
719,17,39,29.60799237269693,50.14079435746795,506.816
720,18,0,34.121268678120046,59.140798023010355,507.885
721,18,1,43.148015949357635,59.140798023010355,510.424
722,18,2,52.174418296042134,59.140798023010355,513.274
723,18,3,61.19983368039157,59.14079119282119,516.153
724,18,4,70.22369519670482,59.14079119282119,518.797
725,18,5,79.24551448645624,59.14078436263202,520.982
726,18,6,88.2648885684848,59.14071606074032,522.546
727,18,7,82.71851541524599,-120.85918649537847,523.407
728,18,8,73.70494699401195,-120.85918649537847,523.563
729,18,9,64.69460925225532,-120.85920015575681,523.097
730,18,10,55.68762854847574,-120.85920015575681,522.16
731,18,11,46.684103920416206,-120.85920015575681,520.957
732,18,12,37.68407976430629,-120.85920015575681,519.722
733,18,13,28.68757657071352,-120.85920015575681,518.693
734,18,14,19.69457384907038,-120.85920015575681,518.084
735,18,15,10.70497683050214,-120.85920015575681,518.064
736,18,16,1.718670575731671,-120.85920015575681,518.738
737,18,17,-7.264521753107508,-120.85920015575681,520.132
738,18,18,-16.24489118610706,-120.85920015575681,522.192
739,18,19,-25.222766746285913,-120.85920015575681,524.784
740,18,20,-34.198579589335424,-120.85920015575681,527.708
741,18,21,-43.172830026612296,-120.85920015575681,530.716
742,18,22,-52.14614472797287,-120.85920015575681,533.533
743,18,23,-61.11917597648289,-120.85920015575681,535.884
744,18,24,-70.09265118728896,-120.85921381613515,537.521
745,18,25,-79.06729436044311,-120.85921381613515,538.248
746,18,26,-88.04390462807821,-120.85926845764851,537.94
747,18,27,-82.97686049041256,59.14081851357787,536.557
748,18,28,-73.99428063744286,59.140804853199526,534.15
749,18,29,-65.00780757664624,59.140804853199526,530.861
750,18,30,-56.01698710044293,59.140804853199526,526.904
751,18,31,-47.021518680509416,59.140804853199526,522.556
752,18,32,-38.02124863758939,59.140798023010355,518.126
753,18,33,-29.016190632061175,59.140798023010355,513.931
754,18,34,-20.00655298469447,59.140798023010355,510.267
755,18,35,-10.99261829456618,59.140798023010355,507.382
756,18,36,-1.9748834579384256,59.140798023010355,505.455
757,18,37,7.046066263354289,59.140798023010355,504.582
758,18,38,16.069560230112835,59.140798023010355,504.766
759,18,39,25.094879991813887,59.140798023010355,505.922
760,19,0,38.634644021286135,68.14080168855276,509.098
761,19,1,47.661302500064515,68.14080168855276,511.828
762,19,2,56.68728479011506,68.14080168855276,514.727
763,19,3,65.71198641969623,68.14079485836359,517.52
764,19,4,74.7348848793365,68.14079485836359,519.958
765,19,5,83.75552937655068,68.14078119798525,521.849
766,19,6,87.22644709764359,-111.85914867889022,523.066
767,19,7,78.21134188384627,-111.85918282983606,523.57
768,19,8,69.19937172687801,-111.85918966002524,523.4
769,19,9,60.190693721089694,-111.8591964902144,522.675
770,19,10,51.18543422498097,-111.8591964902144,521.577
771,19,11,42.183651295159784,-111.8591964902144,520.328
772,19,12,33.1853961580449,-111.8591964902144,519.167
773,19,13,24.190648323068825,-111.8591964902144,518.324
774,19,14,15.199354856265483,-111.8591964902144,517.992
775,19,15,6.211422696307432,-111.8591964902144,518.311
776,19,16,-2.7733054645996478,-111.8591964902144,519.347
777,19,17,-11.755041575763439,-111.8591964902144,521.086
778,19,18,-20.734116687915275,-111.8591964902144,523.432
779,19,19,-29.710899417826926,-111.8591964902144,526.219
780,19,20,-38.685856779682894,-111.8591964902144,529.219
781,19,21,-47.65956763201533,-111.85920332040358,532.166
782,19,22,-56.63265352203871,-111.85920332040358,534.783
783,19,23,-65.60581112904838,-111.85920332040358,536.805
784,19,24,-74.57977128328552,-111.85920332040358,538.008
785,19,25,-83.55531604141011,-111.85921698078191,538.228
786,19,26,-87.46686975642803,68.14085633006611,537.381
787,19,27,-78.48602477150752,68.1408153489311,535.475
788,19,28,-69.5015597863269,68.14080851874193,532.604
789,19,29,-60.51296253669841,68.14080851874193,528.949
790,19,30,-51.51984711693397,68.14080851874193,524.76
791,19,31,-42.52198471569636,68.14080168855276,520.331
792,19,32,-33.519310446188484,68.14080168855276,515.98
793,19,33,-24.51191651596413,68.14080168855276,512.016
794,19,34,-15.50009320806302,68.14080168855276,508.714
795,19,35,-6.484191423453769,68.14080168855276,506.291
796,19,36,2.535230043012156,68.14080168855276,504.885
797,19,37,11.55753982572335,68.14080168855276,504.545
798,19,38,20.582039110950355,68.14080168855276,505.231
799,19,39,29.60799237269693,68.14080168855276,506.816
800,20,0,34.121268678120046,77.14080535409516,507.885
801,20,1,43.148015949357635,77.14080535409516,510.424
802,20,2,52.174418296042134,77.14080535409516,513.274
803,20,3,61.19983368039157,77.14079852390599,516.153
804,20,4,70.22369519670482,77.14079852390599,518.797
805,20,5,79.24551448645624,77.14079169371682,520.982
806,20,6,88.2648885684848,77.14072339182512,522.546
807,20,7,82.71851541524599,-102.8591723341045,523.407
808,20,8,73.70494699401195,-102.85918599448283,523.563
809,20,9,64.69460925225532,-102.85918599448283,523.097
810,20,10,55.68762854847574,-102.85919282467201,522.16
811,20,11,46.684103920416206,-102.85919282467201,520.957
812,20,12,37.68407976430629,-102.85919282467201,519.722
813,20,13,28.68757657071352,-102.85919282467201,518.693
814,20,14,19.69457384907038,-102.85919282467201,518.084
815,20,15,10.70497683050214,-102.85919282467201,518.064
816,20,16,1.718670575731671,-102.85919282467201,518.738
817,20,17,-7.264521753107508,-102.85919282467201,520.132
818,20,18,-16.24489118610706,-102.85919282467201,522.192
819,20,19,-25.222766746285913,-102.85919282467201,524.784
820,20,20,-34.198579589335424,-102.85919282467201,527.708
821,20,21,-43.172830026612296,-102.85919282467201,530.716
822,20,22,-52.14614472797287,-102.85919965486117,533.533
823,20,23,-61.11917597648289,-102.85919965486117,535.884
824,20,24,-70.09265118728896,-102.85919965486117,537.521
825,20,25,-79.06729436044311,-102.85920648505034,538.248
826,20,26,-88.04390462807821,-102.85926795675287,537.94
827,20,27,-82.97686049041256,77.14082584466267,536.557
828,20,28,-73.99428063744286,77.14081218428433,534.15
829,20,29,-65.00780757664624,77.14081218428433,530.861
830,20,30,-56.01698710044293,77.14081218428433,526.904
831,20,31,-47.021518680509416,77.14081218428433,522.556
832,20,32,-38.02124863758939,77.14080535409516,518.126
833,20,33,-29.016190632061175,77.14080535409516,513.931
834,20,34,-20.00655298469447,77.14080535409516,510.267
835,20,35,-10.99261829456618,77.14080535409516,507.382
836,20,36,-1.9748834579384256,77.14080535409516,505.455
837,20,37,7.046066263354289,77.14080535409516,504.582
838,20,38,16.069560230112835,77.14080535409516,504.766
839,20,39,25.094879991813887,77.14080535409516,505.922
840,21,0,38.634644021286135,86.14079535925923,509.098
841,21,1,47.661302500064515,86.14079535925923,511.828
842,21,2,56.68728479011506,86.14079535925923,514.727
843,21,3,65.71198641969623,86.14078852907005,517.52
844,21,4,74.7348848793365,86.14078852907005,519.958
845,21,5,83.75552937655068,86.14077486869171,521.849
846,21,6,87.22644709764359,-93.85915500818375,523.066
847,21,7,78.21134188384627,-93.8591891591296,523.57
848,21,8,69.19937172687801,-93.85919598931878,523.4
849,21,9,60.190693721089694,-93.85920281950794,522.675
850,21,10,51.18543422498097,-93.85920281950794,521.577
851,21,11,42.183651295159784,-93.85920281950794,520.328
852,21,12,33.1853961580449,-93.85920281950794,519.167
853,21,13,24.190648323068825,-93.85920281950794,518.324
854,21,14,15.199354856265483,-93.85920281950794,517.992
855,21,15,6.211422696307432,-93.85920281950794,518.311
856,21,16,-2.7733054645996478,-93.85920281950794,519.347
857,21,17,-11.755041575763439,-93.85920281950794,521.086
858,21,18,-20.734116687915275,-93.85920281950794,523.432
859,21,19,-29.710899417826926,-93.85920281950794,526.219
860,21,20,-38.685856779682894,-93.85920281950794,529.219
861,21,21,-47.65956763201533,-93.8592096496971,532.166
862,21,22,-56.63265352203871,-93.8592096496971,534.783
863,21,23,-65.60581112904838,-93.8592096496971,536.805
864,21,24,-74.57977128328552,-93.8592096496971,538.008
865,21,25,-83.55531604141011,-93.85922331007545,538.228
866,21,26,-87.46686975642803,86.14085000077259,537.381
867,21,27,-78.48602477150752,86.14080901963756,535.475
868,21,28,-69.5015597863269,86.1408021894484,532.604
869,21,29,-60.51296253669841,86.1408021894484,528.949
870,21,30,-51.51984711693397,86.1408021894484,524.76
871,21,31,-42.52198471569636,86.14079535925923,520.331
872,21,32,-33.519310446188484,86.14079535925923,515.98
873,21,33,-24.51191651596413,86.14079535925923,512.016
874,21,34,-15.50009320806302,86.14079535925923,508.714
875,21,35,-6.484191423453769,86.14079535925923,506.291
876,21,36,2.535230043012156,86.14079535925923,504.885
877,21,37,11.55753982572335,86.14079535925923,504.545
878,21,38,20.582039110950355,86.14079535925923,505.231
879,21,39,29.60799237269693,86.14079535925923,506.816
880,22,0,34.121268678120046,95.14079902480162,507.885
881,22,1,43.148015949357635,95.14079902480162,510.424
882,22,2,52.174418296042134,95.14079902480162,513.274
883,22,3,61.19983368039157,95.14079219461246,516.153
884,22,4,70.22369519670482,95.14079219461246,518.797
885,22,5,79.24551448645624,95.14078536442328,520.982
886,22,6,88.2648885684848,95.14071706253158,522.546
887,22,7,82.71851541524599,-84.85917866339803,523.407
888,22,8,73.70494699401195,-84.85919232377637,523.563
889,22,9,64.69460925225532,-84.85919232377637,523.097
890,22,10,55.68762854847574,-84.85919915396553,522.16
891,22,11,46.684103920416206,-84.85919915396553,520.957
892,22,12,37.68407976430629,-84.85919915396553,519.722
893,22,13,28.68757657071352,-84.85919915396553,518.693
894,22,14,19.69457384907038,-84.85919915396553,518.084
895,22,15,10.70497683050214,-84.85919915396553,518.064
896,22,16,1.718670575731671,-84.85919915396553,518.738
897,22,17,-7.264521753107508,-84.85919915396553,520.132
898,22,18,-16.24489118610706,-84.85919915396553,522.192
899,22,19,-25.222766746285913,-84.85919915396553,524.784
900,22,20,-34.198579589335424,-84.85919915396553,527.708
901,22,21,-43.172830026612296,-84.85919915396553,530.716
902,22,22,-52.14614472797287,-84.85920598415471,533.533
903,22,23,-61.11917597648289,-84.85920598415471,535.884
904,22,24,-70.09265118728896,-84.85920598415471,537.521
905,22,25,-79.06729436044311,-84.85921281434388,538.248
906,22,26,-88.04390462807821,-84.85927428604641,537.94
907,22,27,-82.97686049041256,95.14081951536913,536.557
908,22,28,-73.99428063744286,95.14080585499079,534.15
909,22,29,-65.00780757664624,95.14080585499079,530.861
910,22,30,-56.01698710044293,95.14080585499079,526.904
911,22,31,-47.021518680509416,95.14080585499079,522.556
912,22,32,-38.02124863758939,95.14079902480162,518.126
913,22,33,-29.016190632061175,95.14079902480162,513.931
914,22,34,-20.00655298469447,95.14079902480162,510.267
915,22,35,-10.99261829456618,95.14079902480162,507.382
916,22,36,-1.9748834579384256,95.14079902480162,505.455
917,22,37,7.046066263354289,95.14079902480162,504.582
918,22,38,16.069560230112835,95.14079902480162,504.766
919,22,39,25.094879991813887,95.14079902480162,505.922
920,23,0,38.634644021286135,104.14080269034403,509.098
921,23,1,47.661302500064515,104.14080269034403,511.828
922,23,2,56.68728479011506,104.14080269034403,514.727
923,23,3,65.71198641969623,104.14079586015485,517.52
924,23,4,74.7348848793365,104.14079586015485,519.958
925,23,5,83.75552937655068,104.14078219977651,521.849
926,23,6,87.22644709764359,-75.85914767709895,523.066
927,23,7,78.21134188384627,-75.8591818280448,523.57
928,23,8,69.19937172687801,-75.85918865823396,523.4
929,23,9,60.190693721089694,-75.85919548842314,522.675
930,23,10,51.18543422498097,-75.85919548842314,521.577
931,23,11,42.183651295159784,-75.85919548842314,520.328
932,23,12,33.1853961580449,-75.85919548842314,519.167
933,23,13,24.190648323068825,-75.85919548842314,518.324
934,23,14,15.199354856265483,-75.85919548842314,517.992
935,23,15,6.211422696307432,-75.85919548842314,518.311
936,23,16,-2.7733054645996478,-75.85919548842314,519.347
937,23,17,-11.755041575763439,-75.85919548842314,521.086
938,23,18,-20.734116687915275,-75.85919548842314,523.432
939,23,19,-29.710899417826926,-75.85919548842314,526.219
940,23,20,-38.685856779682894,-75.85919548842314,529.219
941,23,21,-47.65956763201533,-75.8592023186123,532.166
942,23,22,-56.63265352203871,-75.8592023186123,534.783
943,23,23,-65.60581112904838,-75.8592023186123,536.805
944,23,24,-74.57977128328552,-75.8592023186123,538.008
945,23,25,-83.55531604141011,-75.85921597899065,538.228
946,23,26,-87.46686975642803,104.14085733185739,537.381
947,23,27,-78.48602477150752,104.14081635072236,535.475
948,23,28,-69.5015597863269,104.1408095205332,532.604
949,23,29,-60.51296253669841,104.1408095205332,528.949
950,23,30,-51.51984711693397,104.1408095205332,524.76
951,23,31,-42.52198471569636,104.14080269034403,520.331
952,23,32,-33.519310446188484,104.14080269034403,515.98
953,23,33,-24.51191651596413,104.14080269034403,512.016
954,23,34,-15.50009320806302,104.14080269034403,508.714
955,23,35,-6.484191423453769,104.14080269034403,506.291
956,23,36,2.535230043012156,104.14080269034403,504.885
957,23,37,11.55753982572335,104.14080269034403,504.545
958,23,38,20.582039110950355,104.14080269034403,505.231
959,23,39,29.60799237269693,104.14080269034403,506.816
960,24,0,34.121268678120046,113.14080635588643,507.885
961,24,1,43.148015949357635,113.14080635588643,510.424
962,24,2,52.174418296042134,113.14080635588643,513.274
963,24,3,61.19983368039157,113.14079952569726,516.153
964,24,4,70.22369519670482,113.14079952569726,518.797
965,24,5,79.24551448645624,113.14079269550808,520.982
966,24,6,88.2648885684848,113.14072439361638,522.546
967,24,7,82.71851541524599,-66.85917133231322,523.407
968,24,8,73.70494699401195,-66.85918499269157,523.563
969,24,9,64.69460925225532,-66.85918499269157,523.097
970,24,10,55.68762854847574,-66.85919182288073,522.16
971,24,11,46.684103920416206,-66.85919182288073,520.957
972,24,12,37.68407976430629,-66.85919182288073,519.722
973,24,13,28.68757657071352,-66.85919182288073,518.693
974,24,14,19.69457384907038,-66.85919182288073,518.084
975,24,15,10.70497683050214,-66.85919182288073,518.064
976,24,16,1.718670575731671,-66.85919182288073,518.738
977,24,17,-7.264521753107508,-66.85919182288073,520.132
978,24,18,-16.24489118610706,-66.85919182288073,522.192
979,24,19,-25.222766746285913,-66.85919182288073,524.784
980,24,20,-34.198579589335424,-66.85919182288073,527.708
981,24,21,-43.172830026612296,-66.85919182288073,530.716
982,24,22,-52.14614472797287,-66.85919865306991,533.533
983,24,23,-61.11917597648289,-66.85919865306991,535.884
984,24,24,-70.09265118728896,-66.85919865306991,537.521
985,24,25,-79.06729436044311,-66.85920548325907,538.248
986,24,26,-88.04390462807821,-66.85926695496161,537.94
987,24,27,-82.97686049041256,113.14082684645393,536.557
988,24,28,-73.99428063744286,113.1408131860756,534.15
989,24,29,-65.00780757664624,113.1408131860756,530.861
990,24,30,-56.01698710044293,113.1408131860756,526.904
991,24,31,-47.021518680509416,113.1408131860756,522.556
992,24,32,-38.02124863758939,113.14080635588643,518.126
993,24,33,-29.016190632061175,113.14080635588643,513.931
994,24,34,-20.00655298469447,113.14080635588643,510.267
995,24,35,-10.99261829456618,113.14080635588643,507.382
996,24,36,-1.9748834579384256,113.14080635588643,505.455
997,24,37,7.046066263354289,113.14080635588643,504.582
998,24,38,16.069560230112835,113.14080635588643,504.766
999,24,39,25.094879991813887,113.14080635588643,505.922
1000,25,0,38.634644021286135,122.14078953086131,509.098
1001,25,1,47.661302500064515,122.14078953086131,511.828
1002,25,2,56.68728479011506,122.14078953086131,514.727
1003,25,3,65.71198641969623,122.14078953086131,517.52
1004,25,4,74.7348848793365,122.14078953086131,519.958
1005,25,5,83.75552937655068,122.14077587048298,521.849
1006,25,6,87.22644709764359,-57.85915400639249,523.066
1007,25,7,78.21134188384627,-57.85918815733834,523.57
1008,25,8,69.19937172687801,-57.8591949875275,523.4
1009,25,9,60.190693721089694,-57.859201817716674,522.675
1010,25,10,51.18543422498097,-57.859201817716674,521.577
1011,25,11,42.183651295159784,-57.859201817716674,520.328
1012,25,12,33.1853961580449,-57.859201817716674,519.167
1013,25,13,24.190648323068825,-57.859201817716674,518.324
1014,25,14,15.199354856265483,-57.859201817716674,517.992
1015,25,15,6.211422696307432,-57.859201817716674,518.311
1016,25,16,-2.7733054645996478,-57.859201817716674,519.347
1017,25,17,-11.755041575763439,-57.859201817716674,521.086
1018,25,18,-20.734116687915275,-57.859201817716674,523.432
1019,25,19,-29.710899417826926,-57.859201817716674,526.219
1020,25,20,-38.685856779682894,-57.859201817716674,529.219
1021,25,21,-47.65956763201533,-57.859208647905845,532.166
1022,25,22,-56.63265352203871,-57.859208647905845,534.783
1023,25,23,-65.60581112904838,-57.859208647905845,536.805
1024,25,24,-74.57977128328552,-57.859208647905845,538.008
1025,25,25,-83.55531604141011,-57.85922230828418,538.228
1026,25,26,-87.46686975642803,122.14085783275301,537.381
1027,25,27,-78.48602477150752,122.14080319123966,535.475
1028,25,28,-69.5015597863269,122.14080319123966,532.604
1029,25,29,-60.51296253669841,122.14080319123966,528.949
1030,25,30,-51.51984711693397,122.14080319123966,524.76
1031,25,31,-42.52198471569636,122.14080319123966,520.331
1032,25,32,-33.519310446188484,122.14080319123966,515.98
1033,25,33,-24.51191651596413,122.14080319123966,512.016
1034,25,34,-15.50009320806302,122.14080319123966,508.714
1035,25,35,-6.484191423453769,122.14080319123966,506.291
1036,25,36,2.535230043012156,122.14080319123966,504.885
1037,25,37,11.55753982572335,122.14080319123966,504.545
1038,25,38,20.582039110950355,122.14078953086131,505.231
1039,25,39,29.60799237269693,122.14078953086131,506.816
1040,26,0,34.121268678120046,131.14080685678206,507.885
1041,26,1,43.148015949357635,131.14080685678206,510.424
1042,26,2,52.174418296042134,131.14080685678206,513.274
1043,26,3,61.19983368039157,131.14080685678206,516.153
1044,26,4,70.22369519670482,131.14080685678206,518.797
1045,26,5,79.24551448645624,131.14080685678206,520.982
1046,26,6,88.2648885684848,131.14073855489036,522.546
1047,26,7,82.71851541524599,-48.85916741632301,523.407
1048,26,8,73.70494699401195,-48.859177661606765,523.563
1049,26,9,64.69460925225532,-48.85918107670135,523.097
1050,26,10,55.68762854847574,-48.85918107670135,522.16
1051,26,11,46.684103920416206,-48.859184491795936,520.957
1052,26,12,37.68407976430629,-48.859184491795936,519.722
1053,26,13,28.68757657071352,-48.859184491795936,518.693
1054,26,14,19.69457384907038,-48.859184491795936,518.084
1055,26,15,10.70497683050214,-48.859184491795936,518.064
1056,26,16,1.718670575731671,-48.859184491795936,518.738
1057,26,17,-7.264521753107508,-48.859184491795936,520.132
1058,26,18,-16.24489118610706,-48.85918790689052,522.192
1059,26,19,-25.222766746285913,-48.85918790689052,524.784
1060,26,20,-34.198579589335424,-48.85918790689052,527.708
1061,26,21,-43.172830026612296,-48.85918790689052,530.716
1062,26,22,-52.14614472797287,-48.85918790689052,533.533
1063,26,23,-61.11917597648289,-48.8591913219851,535.884
1064,26,24,-70.09265118728896,-48.8591913219851,537.521
1065,26,25,-79.06729436044311,-48.85919815217427,538.248
1066,26,26,-88.04390462807821,-48.8592596238768,537.94
1067,26,27,-82.97686049041256,131.14083417753875,536.557
1068,26,28,-73.99428063744286,131.1408205171604,534.15
1069,26,29,-65.00780757664624,131.1408205171604,530.861
1070,26,30,-56.01698710044293,131.1408205171604,526.904
1071,26,31,-47.021518680509416,131.1408205171604,522.556
1072,26,32,-38.02124863758939,131.1408205171604,518.126
1073,26,33,-29.016190632061175,131.1408205171604,513.931
1074,26,34,-20.00655298469447,131.1408205171604,510.267
1075,26,35,-10.99261829456618,131.1408205171604,507.382
1076,26,36,-1.9748834579384256,131.1408205171604,505.455
1077,26,37,7.046066263354289,131.1408205171604,504.582
1078,26,38,16.069560230112835,131.1408205171604,504.766
1079,26,39,25.094879991813887,131.14080685678206,505.922
1080,27,0,38.634644021286135,140.14078320156779,509.098
1081,27,1,47.661302500064515,140.14078320156779,511.828
1082,27,2,56.68728479011506,140.14078320156779,514.727
1083,27,3,65.71198641969623,140.14078320156779,517.52
1084,27,4,74.7348848793365,140.14078320156779,519.958
1085,27,5,83.75552937655068,140.14076954118946,521.849
1086,27,6,87.22644709764359,-39.85915692059144,523.066
1087,27,7,78.21134188384627,-39.85919790172645,523.57
1088,27,8,69.19937172687801,-39.85920131682104,523.4
1089,27,9,60.190693721089694,-39.859204731915625,522.675
1090,27,10,51.18543422498097,-39.859204731915625,521.577
1091,27,11,42.183651295159784,-39.859208147010214,520.328
1092,27,12,33.1853961580449,-39.859208147010214,519.167
1093,27,13,24.190648323068825,-39.859208147010214,518.324
1094,27,14,15.199354856265483,-39.859208147010214,517.992
1095,27,15,6.211422696307432,-39.859208147010214,518.311
1096,27,16,-2.7733054645996478,-39.859208147010214,519.347
1097,27,17,-11.755041575763439,-39.859208147010214,521.086
1098,27,18,-20.734116687915275,-39.8592115621048,523.432
1099,27,19,-29.710899417826926,-39.8592115621048,526.219
1100,27,20,-38.685856779682894,-39.8592115621048,529.219
1101,27,21,-47.65956763201533,-39.8592115621048,532.166
1102,27,22,-56.63265352203871,-39.8592115621048,534.783
1103,27,23,-65.60581112904838,-39.85921497719938,536.805
1104,27,24,-74.57977128328552,-39.85921839229397,538.008
1105,27,25,-83.55531604141011,-39.859232052672304,538.228
1106,27,26,-87.46686975642803,140.1408515034595,537.381
1107,27,27,-78.48602477150752,140.14079686194611,535.475
1108,27,28,-69.5015597863269,140.14079686194611,532.604
1109,27,29,-60.51296253669841,140.14079686194611,528.949
1110,27,30,-51.51984711693397,140.14079686194611,524.76
1111,27,31,-42.52198471569636,140.14079686194611,520.331
1112,27,32,-33.519310446188484,140.14079686194611,515.98
1113,27,33,-24.51191651596413,140.14079686194611,512.016
1114,27,34,-15.50009320806302,140.14079686194611,508.714
1115,27,35,-6.484191423453769,140.14079686194611,506.291
1116,27,36,2.535230043012156,140.14079686194611,504.885
1117,27,37,11.55753982572335,140.14079686194611,504.545
1118,27,38,20.582039110950355,140.14078320156779,505.231
1119,27,39,29.60799237269693,140.14078320156779,506.816
1120,28,0,34.121268678120046,149.1407868671102,507.885
1121,28,1,43.148015949357635,149.1407868671102,510.424
1122,28,2,52.174418296042134,149.1407868671102,513.274
1123,28,3,61.19983368039157,149.1407868671102,516.153
1124,28,4,70.22369519670482,149.1407868671102,518.797
1125,28,5,79.24551448645624,149.1407868671102,520.982
1126,28,6,88.2648885684848,149.1407185652185,522.546
1127,28,7,82.71851541524599,-30.859187405994884,523.407
1128,28,8,73.70494699401195,-30.859197651278638,523.563
1129,28,9,64.69460925225532,-30.859201066373224,523.097
1130,28,10,55.68762854847574,-30.859201066373224,522.16
1131,28,11,46.684103920416206,-30.85920448146781,520.957
1132,28,12,37.68407976430629,-30.85920448146781,519.722
1133,28,13,28.68757657071352,-30.85920448146781,518.693
1134,28,14,19.69457384907038,-30.85920448146781,518.084
1135,28,15,10.70497683050214,-30.85920448146781,518.064
1136,28,16,1.718670575731671,-30.85920448146781,518.738
1137,28,17,-7.264521753107508,-30.85920448146781,520.132
1138,28,18,-16.24489118610706,-30.859207896562395,522.192
1139,28,19,-25.222766746285913,-30.859207896562395,524.784
1140,28,20,-34.198579589335424,-30.859207896562395,527.708
1141,28,21,-43.172830026612296,-30.859207896562395,530.716
1142,28,22,-52.14614472797287,-30.859207896562395,533.533
1143,28,23,-61.11917597648289,-30.85921131165698,535.884
1144,28,24,-70.09265118728896,-30.85921131165698,537.521
1145,28,25,-79.06729436044311,-30.85921814184615,538.248
1146,28,26,-88.04390462807821,-30.85927961354868,537.94
1147,28,27,-82.97686049041256,149.14081418786685,536.557
1148,28,28,-73.99428063744286,149.14080052748852,534.15
1149,28,29,-65.00780757664624,149.14080052748852,530.861
1150,28,30,-56.01698710044293,149.14080052748852,526.904
1151,28,31,-47.021518680509416,149.14080052748852,522.556
1152,28,32,-38.02124863758939,149.14080052748852,518.126
1153,28,33,-29.016190632061175,149.14080052748852,513.931
1154,28,34,-20.00655298469447,149.14080052748852,510.267
1155,28,35,-10.99261829456618,149.14080052748852,507.382
1156,28,36,-1.9748834579384256,149.14080052748852,505.455
1157,28,37,7.046066263354289,149.14080052748852,504.582
1158,28,38,16.069560230112835,149.14080052748852,504.766
1159,28,39,25.094879991813887,149.1407868671102,505.922
1160,29,0,38.634644021286135,158.14079053265257,509.098
1161,29,1,47.661302500064515,158.14079053265257,511.828
1162,29,2,56.68728479011506,158.14079053265257,514.727
1163,29,3,65.71198641969623,158.14079053265257,517.52
1164,29,4,74.7348848793365,158.14079053265257,519.958
1165,29,5,83.75552937655068,158.14077687227424,521.849
1166,29,6,87.22644709764359,-21.859149589506632,523.066
1167,29,7,78.21134188384627,-21.85919057064165,523.57
1168,29,8,69.19937172687801,-21.85919569328353,523.4
1169,29,9,60.190693721089694,-21.859197400830823,522.675
1170,29,10,51.18543422498097,-21.859199108378114,521.577
1171,29,11,42.183651295159784,-21.859199108378114,520.328
1172,29,12,33.1853961580449,-21.85920081592541,519.167
1173,29,13,24.190648323068825,-21.85920081592541,518.324
1174,29,14,15.199354856265483,-21.85920081592541,517.992
1175,29,15,6.211422696307432,-21.85920081592541,518.311
1176,29,16,-2.7733054645996478,-21.8592025234727,519.347
1177,29,17,-11.755041575763439,-21.8592025234727,521.086
1178,29,18,-20.734116687915275,-21.8592025234727,523.432
1179,29,19,-29.710899417826926,-21.8592025234727,526.219
1180,29,20,-38.685856779682894,-21.859204231019994,529.219
1181,29,21,-47.65956763201533,-21.859204231019994,532.166
1182,29,22,-56.63265352203871,-21.859205938567285,534.783
1183,29,23,-65.60581112904838,-21.859207646114577,536.805
1184,29,24,-74.57977128328552,-21.859211061209162,538.008
1185,29,25,-83.55531604141011,-21.859224721587502,538.228
1186,29,26,-87.46686975642803,158.14085883454428,537.381
1187,29,27,-78.48602477150752,158.14080419303093,535.475
1188,29,28,-69.5015597863269,158.14080419303093,532.604
1189,29,29,-60.51296253669841,158.14080419303093,528.949
1190,29,30,-51.51984711693397,158.14080419303093,524.76
1191,29,31,-42.52198471569636,158.14080419303093,520.331
1192,29,32,-33.519310446188484,158.14080419303093,515.98
1193,29,33,-24.51191651596413,158.14080419303093,512.016
1194,29,34,-15.50009320806302,158.14080419303093,508.714
1195,29,35,-6.484191423453769,158.14080419303093,506.291
1196,29,36,2.535230043012156,158.14080419303093,504.885
1197,29,37,11.55753982572335,158.14080419303093,504.545
1198,29,38,20.582039110950355,158.14079053265257,505.231
1199,29,39,29.60799237269693,158.14079053265257,506.816
1200,30,0,34.121268678120046,167.14079419819498,507.885
1201,30,1,43.148015949357635,167.14079419819498,510.424
1202,30,2,52.174418296042134,167.14079419819498,513.274
1203,30,3,61.19983368039157,167.14079419819498,516.153
1204,30,4,70.22369519670482,167.14079419819498,518.797
1205,30,5,79.24551448645624,167.14079419819498,520.982
1206,30,6,88.2648885684848,167.14072589630328,522.546
1207,30,7,82.71851541524599,-12.859178367362789,523.407
1208,30,8,73.70494699401195,-12.85918946642019,523.563
1209,30,9,64.69460925225532,-12.859192881514774,523.097
1210,30,10,55.68762854847574,-12.859194589062067,522.16
1211,30,11,46.684103920416206,-12.859195442835714,520.957
1212,30,12,37.68407976430629,-12.85919629660936,519.722
1213,30,13,28.68757657071352,-12.859197150383006,518.693
1214,30,14,19.69457384907038,-12.859197150383006,518.084
1215,30,15,10.70497683050214,-12.859198004156653,518.064
1216,30,16,1.718670575731671,-12.859198004156653,518.738
1217,30,17,-7.264521753107508,-12.859198857930298,520.132
1218,30,18,-16.24489118610706,-12.859198857930298,522.192
1219,30,19,-25.222766746285913,-12.859199711703946,524.784
1220,30,20,-34.198579589335424,-12.859199711703946,527.708
1221,30,21,-43.172830026612296,-12.859200565477591,530.716
1222,30,22,-52.14614472797287,-12.859201419251237,533.533
1223,30,23,-61.11917597648289,-12.859202273024884,535.884
1224,30,24,-70.09265118728896,-12.859204834345823,537.521
1225,30,25,-79.06729436044311,-12.859210810761347,538.248
1226,30,26,-88.04390462807821,-12.85927142869023,537.94
1227,30,27,-82.97686049041256,167.14082151895167,536.557
1228,30,28,-73.99428063744286,167.14080785857334,534.15
1229,30,29,-65.00780757664624,167.14080785857334,530.861
1230,30,30,-56.01698710044293,167.14080785857334,526.904
1231,30,31,-47.021518680509416,167.14080785857334,522.556
1232,30,32,-38.02124863758939,167.14080785857334,518.126
1233,30,33,-29.016190632061175,167.14080785857334,513.931
1234,30,34,-20.00655298469447,167.14080785857334,510.267
1235,30,35,-10.99261829456618,167.14080785857334,507.382
1236,30,36,-1.9748834579384256,167.14080785857334,505.455
1237,30,37,7.046066263354289,167.14080785857334,504.582
1238,30,38,16.069560230112835,167.14080785857334,504.766
1239,30,39,25.094879991813887,167.14079419819498,505.922
1240,31,0,38.634644021286135,176.1407978637374,509.098
1241,31,1,47.661302500064515,176.1407978637374,511.828
1242,31,2,56.68728479011506,176.1407978637374,514.727
1243,31,3,65.71198641969623,176.1407978637374,517.52
1244,31,4,74.7348848793365,176.1407978637374,519.958
1245,31,5,83.75552937655068,176.14078420335906,521.849
1246,31,6,87.22644709764359,-3.859142685308653,523.066
1247,31,7,78.21134188384627,-3.8591823857832033,523.57
1248,31,8,69.19937172687801,-3.859187935311904,523.4
1249,31,9,60.190693721089694,-3.8591900697460195,522.675
1250,31,10,51.18543422498097,-3.8591913504064888,521.577
1251,31,11,42.183651295159784,-3.859192204180135,520.328
1252,31,12,33.1853961580449,-3.8591930579537816,519.167
1253,31,13,24.190648323068825,-3.8591934848406044,518.324
1254,31,14,15.199354856265483,-3.8591939117274277,517.992
1255,31,15,6.211422696307432,-3.859194338614251,518.311
1256,31,16,-2.7733054645996478,-3.859194765501074,519.347
1257,31,17,-11.755041575763439,-3.859195192387897,521.086
1258,31,18,-20.734116687915275,-3.85919561927472,523.432
1259,31,19,-29.710899417826926,-3.8591960461615433,526.219
1260,31,20,-38.685856779682894,-3.8591964730483665,529.219
1261,31,21,-47.65956763201533,-3.8591973268220126,532.166
1262,31,22,-56.63265352203871,-3.859198180595659,534.783
1263,31,23,-65.60581112904838,-3.8591998881429515,536.805
1264,31,24,-74.57977128328552,-3.8592037301243596,538.008
1265,31,25,-83.55531604141011,-3.859216536729053,538.228
1266,31,26,-87.46686975642803,176.1408661656291,537.381
1267,31,27,-78.48602477150752,176.14081152411572,535.475
1268,31,28,-69.5015597863269,176.14081152411572,532.604
1269,31,29,-60.51296253669841,176.14081152411572,528.949
1270,31,30,-51.51984711693397,176.14081152411572,524.76
1271,31,31,-42.52198471569636,176.14081152411572,520.331
1272,31,32,-33.519310446188484,176.14081152411572,515.98
1273,31,33,-24.51191651596413,176.14081152411572,512.016
1274,31,34,-15.50009320806302,176.14081152411572,508.714
1275,31,35,-6.484191423453769,176.14081152411572,506.291
1276,31,36,2.535230043012156,176.14081152411572,504.885
1277,31,37,11.55753982572335,176.14081152411572,504.545
1278,31,38,20.582039110950355,176.1407978637374,505.231
1279,31,39,29.60799237269693,176.1407978637374,506.816
1280,32,0,34.121268678120046,-174.85919482825454,507.885
1281,32,1,43.148015949357635,-174.85919482825454,510.424
1282,32,2,52.174418296042134,-174.85919482825454,513.274
1283,32,3,61.19983368039157,-174.85919482825454,516.153
1284,32,4,70.22369519670482,-174.85919482825454,518.797
1285,32,5,79.24551448645624,-174.85920848863287,520.982
1286,32,6,88.2648885684848,-174.85927679052458,522.546
1287,32,7,82.71851541524599,5.140828963722015,523.407
1288,32,8,73.70494699401195,5.140817864664613,523.563
1289,32,9,64.69460925225532,5.140814449570028,523.097
1290,32,10,55.68762854847574,5.140812742022736,522.16
1291,32,11,46.684103920416206,5.14081188824909,520.957
1292,32,12,37.68407976430629,5.140811034475443,519.722
1293,32,13,28.68757657071352,5.14081060758862,518.693
1294,32,14,19.69457384907038,5.140810180701797,518.084
1295,32,15,10.70497683050214,5.140809753814974,518.064
1296,32,16,1.718670575731671,5.140809326928151,518.738
1297,32,17,-7.264521753107508,5.1408089000413275,520.132
1298,32,18,-16.24489118610706,5.140808473154505,522.192
1299,32,19,-25.222766746285913,5.140808046267682,524.784
1300,32,20,-34.198579589335424,5.140807619380858,527.708
1301,32,21,-43.172830026612296,5.140806765607212,530.716
1302,32,22,-52.14614472797287,5.140805911833566,533.533
1303,32,23,-61.11917597648289,5.140804631173096,535.884
1304,32,24,-70.09265118728896,5.140802069852158,537.521
1305,32,25,-79.06729436044311,5.140796093436634,538.248
1306,32,26,-88.04390462807821,5.140735902394574,537.94
1307,32,27,-82.97686049041256,-174.85916750749786,536.557
1308,32,28,-73.99428063744286,-174.8591811678762,534.15
1309,32,29,-65.00780757664624,-174.8591811678762,530.861
1310,32,30,-56.01698710044293,-174.8591811678762,526.904
1311,32,31,-47.021518680509416,-174.85919482825454,522.556
1312,32,32,-38.02124863758939,-174.85919482825454,518.126
1313,32,33,-29.016190632061175,-174.85919482825454,513.931
1314,32,34,-20.00655298469447,-174.85919482825454,510.267
1315,32,35,-10.99261829456618,-174.85919482825454,507.382
1316,32,36,-1.9748834579384256,-174.85919482825454,505.455
1317,32,37,7.046066263354289,-174.85919482825454,504.582
1318,32,38,16.069560230112835,-174.85919482825454,504.766
1319,32,39,25.094879991813887,-174.85919482825454,505.922
1320,33,0,38.634644021286135,-165.85919116271214,509.098
1321,33,1,47.661302500064515,-165.85919116271214,511.828
1322,33,2,56.68728479011506,-165.85919116271214,514.727
1323,33,3,65.71198641969623,-165.85919116271214,517.52
1324,33,4,74.7348848793365,-165.85919116271214,519.958
1325,33,5,83.75552937655068,-165.85920482309047,521.849
1326,33,6,87.22644709764359,14.140864218889329,523.066
1327,33,7,78.21134188384627,14.1408249453016,523.57
1328,33,8,69.19937172687801,14.140819822659722,523.4
1329,33,9,60.190693721089694,14.140817261338784,522.675
1330,33,10,51.18543422498097,14.14081555379149,521.577
1331,33,11,42.183651295159784,14.140814700017845,520.328
1332,33,12,33.1853961580449,14.140814700017845,519.167
1333,33,13,24.190648323068825,14.1408138462442,518.324
1334,33,14,15.199354856265483,14.1408138462442,517.992
1335,33,15,6.211422696307432,14.140812992470552,518.311
1336,33,16,-2.7733054645996478,14.140812992470552,519.347
1337,33,17,-11.755041575763439,14.140812138696907,521.086
1338,33,18,-20.734116687915275,14.140812138696907,523.432
1339,33,19,-29.710899417826926,14.14081128492326,526.219
1340,33,20,-38.685856779682894,14.140810431149614,529.219
1341,33,21,-47.65956763201533,14.140810431149614,532.166
1342,33,22,-56.63265352203871,14.140808723602321,534.783
1343,33,23,-65.60581112904838,14.140807016055028,536.805
1344,33,24,-74.57977128328552,14.140803600960444,538.008
1345,33,25,-83.55531604141011,14.14079079435575,538.228
1346,33,26,-87.46686975642803,-165.85913652119876,537.381
1347,33,27,-78.48602477150752,-165.8591775023338,535.475
1348,33,28,-69.5015597863269,-165.8591775023338,532.604
1349,33,29,-60.51296253669841,-165.8591775023338,528.949
1350,33,30,-51.51984711693397,-165.8591775023338,524.76
1351,33,31,-42.52198471569636,-165.85919116271214,520.331
1352,33,32,-33.519310446188484,-165.85919116271214,515.98
1353,33,33,-24.51191651596413,-165.85919116271214,512.016
1354,33,34,-15.50009320806302,-165.85919116271214,508.714
1355,33,35,-6.484191423453769,-165.85919116271214,506.291
1356,33,36,2.535230043012156,-165.85919116271214,504.885
1357,33,37,11.55753982572335,-165.85919116271214,504.545
1358,33,38,20.582039110950355,-165.85919116271214,505.231
1359,33,39,29.60799237269693,-165.85919116271214,506.816
1360,34,0,34.121268678120046,-156.85921481792641,507.885
1361,34,1,43.148015949357635,-156.85921481792641,510.424
1362,34,2,52.174418296042134,-156.85921481792641,513.274
1363,34,3,61.19983368039157,-156.85921481792641,516.153
1364,34,4,70.22369519670482,-156.85921481792641,518.797
1365,34,5,79.24551448645624,-156.85922847830474,520.982
1366,34,6,88.2648885684848,-156.85929678019644,522.546
1367,34,7,82.71851541524599,23.140808974050138,523.407
1368,34,8,73.70494699401195,23.14079702121909,523.563
1369,34,9,64.69460925225532,23.1407953136718,523.097
1370,34,10,55.68762854847574,23.140793606124504,522.16
1371,34,11,46.684103920416206,23.140791898577213,520.957
1372,34,12,37.68407976430629,23.140791898577213,519.722
1373,34,13,28.68757657071352,23.14079019102992,518.693
1374,34,14,19.69457384907038,23.14079019102992,518.084
1375,34,15,10.70497683050214,23.14079019102992,518.064
1376,34,16,1.718670575731671,23.140788483482627,518.738
1377,34,17,-7.264521753107508,23.140788483482627,520.132
1378,34,18,-16.24489118610706,23.140788483482627,522.192
1379,34,19,-25.222766746285913,23.140788483482627,524.784
1380,34,20,-34.198579589335424,23.140786775935336,527.708
1381,34,21,-43.172830026612296,23.140786775935336,530.716
1382,34,22,-52.14614472797287,23.140786775935336,533.533
1383,34,23,-61.11917597648289,23.140785068388045,535.884
1384,34,24,-70.09265118728896,23.14078165329346,537.521
1385,34,25,-79.06729436044311,23.140776530651582,538.248
1386,34,26,-88.04390462807821,23.140715058949052,537.94
1387,34,27,-82.97686049041256,-156.85918749716973,536.557
1388,34,28,-73.99428063744286,-156.85920115754809,534.15
1389,34,29,-65.00780757664624,-156.85920115754809,530.861
1390,34,30,-56.01698710044293,-156.85920115754809,526.904
1391,34,31,-47.021518680509416,-156.85921481792641,522.556
1392,34,32,-38.02124863758939,-156.85921481792641,518.126
1393,34,33,-29.016190632061175,-156.85921481792641,513.931
1394,34,34,-20.00655298469447,-156.85921481792641,510.267
1395,34,35,-10.99261829456618,-156.85921481792641,507.382
1396,34,36,-1.9748834579384256,-156.85921481792641,505.455
1397,34,37,7.046066263354289,-156.85921481792641,504.582
1398,34,38,16.069560230112835,-156.85921481792641,504.766
1399,34,39,25.094879991813887,-156.85921481792641,505.922
1400,35,0,38.634644021286135,-147.859211152384,509.098
1401,35,1,47.661302500064515,-147.859211152384,511.828
1402,35,2,56.68728479011506,-147.859211152384,514.727
1403,35,3,65.71198641969623,-147.859211152384,517.52
1404,35,4,74.7348848793365,-147.859211152384,519.958
1405,35,5,83.75552937655068,-147.85922481276236,521.849
1406,35,6,87.22644709764359,32.1408450829911,523.066
1407,35,7,78.21134188384627,32.14080410185608,523.57
1408,35,8,69.19937172687801,32.140800686761494,523.4
1409,35,9,60.190693721089694,32.140797271666905,522.675
1410,35,10,51.18543422498097,32.140797271666905,521.577
1411,35,11,42.183651295159784,32.14079385657232,520.328
1412,35,12,33.1853961580449,32.14079385657232,519.167
1413,35,13,24.190648323068825,32.14079385657232,518.324
1414,35,14,15.199354856265483,32.14079385657232,517.992
1415,35,15,6.211422696307432,32.14079385657232,518.311
1416,35,16,-2.7733054645996478,32.14079385657232,519.347
1417,35,17,-11.755041575763439,32.14079385657232,521.086
1418,35,18,-20.734116687915275,32.14079044147774,523.432
1419,35,19,-29.710899417826926,32.14079044147774,526.219
1420,35,20,-38.685856779682894,32.14079044147774,529.219
1421,35,21,-47.65956763201533,32.14079044147774,532.166
1422,35,22,-56.63265352203871,32.14079044147774,534.783
1423,35,23,-65.60581112904838,32.14078702638315,536.805
1424,35,24,-74.57977128328552,32.14078361128857,538.008
1425,35,25,-83.55531604141011,32.140769950910226,538.228
1426,35,26,-87.46686975642803,-147.85915651087066,537.381
1427,35,27,-78.48602477150752,-147.85919749200568,535.475
1428,35,28,-69.5015597863269,-147.85919749200568,532.604
1429,35,29,-60.51296253669841,-147.85919749200568,528.949
1430,35,30,-51.51984711693397,-147.85919749200568,524.76
1431,35,31,-42.52198471569636,-147.859211152384,520.331
1432,35,32,-33.519310446188484,-147.859211152384,515.98
1433,35,33,-24.51191651596413,-147.859211152384,512.016
1434,35,34,-15.50009320806302,-147.859211152384,508.714
1435,35,35,-6.484191423453769,-147.859211152384,506.291
1436,35,36,2.535230043012156,-147.859211152384,504.885
1437,35,37,11.55753982572335,-147.859211152384,504.545
1438,35,38,20.582039110950355,-147.859211152384,505.231
1439,35,39,29.60799237269693,-147.859211152384,506.816
1440,36,0,34.121268678120046,-138.8592074868416,507.885
1441,36,1,43.148015949357635,-138.8592074868416,510.424
1442,36,2,52.174418296042134,-138.8592074868416,513.274
1443,36,3,61.19983368039157,-138.8592074868416,516.153
1444,36,4,70.22369519670482,-138.8592074868416,518.797
1445,36,5,79.24551448645624,-138.85922114721996,520.982
1446,36,6,88.2648885684848,-138.85928944911166,522.546
1447,36,7,82.71851541524599,41.14081459758765,523.407
1448,36,8,73.70494699401195,41.140804352303896,523.563
1449,36,9,64.69460925225532,41.140800937209306,523.097
1450,36,10,55.68762854847574,41.140800937209306,522.16
1451,36,11,46.684103920416206,41.140797522114724,520.957
1452,36,12,37.68407976430629,41.140797522114724,519.722
1453,36,13,28.68757657071352,41.140797522114724,518.693
1454,36,14,19.69457384907038,41.140797522114724,518.084
1455,36,15,10.70497683050214,41.140797522114724,518.064
1456,36,16,1.718670575731671,41.140797522114724,518.738
1457,36,17,-7.264521753107508,41.140797522114724,520.132
1458,36,18,-16.24489118610706,41.14079410702014,522.192
1459,36,19,-25.222766746285913,41.14079410702014,524.784
1460,36,20,-34.198579589335424,41.14079410702014,527.708
1461,36,21,-43.172830026612296,41.14079410702014,530.716
1462,36,22,-52.14614472797287,41.14079410702014,533.533
1463,36,23,-61.11917597648289,41.14079069192555,535.884
1464,36,24,-70.09265118728896,41.14079069192555,537.521
1465,36,25,-79.06729436044311,41.14078386173638,538.248
1466,36,26,-88.04390462807821,41.14072239003385,537.94
1467,36,27,-82.97686049041256,-138.85918016608494,536.557
1468,36,28,-73.99428063744286,-138.85919382646327,534.15
1469,36,29,-65.00780757664624,-138.85919382646327,530.861
1470,36,30,-56.01698710044293,-138.85919382646327,526.904
1471,36,31,-47.021518680509416,-138.8592074868416,522.556
1472,36,32,-38.02124863758939,-138.8592074868416,518.126
1473,36,33,-29.016190632061175,-138.8592074868416,513.931
1474,36,34,-20.00655298469447,-138.8592074868416,510.267
1475,36,35,-10.99261829456618,-138.8592074868416,507.382
1476,36,36,-1.9748834579384256,-138.8592074868416,505.455
1477,36,37,7.046066263354289,-138.8592074868416,504.582
1478,36,38,16.069560230112835,-138.8592074868416,504.766
1479,36,39,25.094879991813887,-138.8592074868416,505.922
1480,37,0,38.634644021286135,-129.85920382129922,509.098
1481,37,1,47.661302500064515,-129.85920382129922,511.828
1482,37,2,56.68728479011506,-129.85920382129922,514.727
1483,37,3,65.71198641969623,-129.85920382129922,517.52
1484,37,4,74.7348848793365,-129.85920382129922,519.958
1485,37,5,83.75552937655068,-129.85921748167755,521.849
1486,37,6,87.22644709764359,50.1408524140759,523.066
1487,37,7,78.21134188384627,50.14081143294088,523.57
1488,37,8,69.19937172687801,50.1408080178463,523.4
1489,37,9,60.190693721089694,50.14080460275171,522.675
1490,37,10,51.18543422498097,50.14080460275171,521.577
1491,37,11,42.183651295159784,50.140801187657125,520.328
1492,37,12,33.1853961580449,50.140801187657125,519.167
1493,37,13,24.190648323068825,50.140801187657125,518.324
1494,37,14,15.199354856265483,50.140801187657125,517.992
1495,37,15,6.211422696307432,50.140801187657125,518.311
1496,37,16,-2.7733054645996478,50.140801187657125,519.347
1497,37,17,-11.755041575763439,50.140801187657125,521.086
1498,37,18,-20.734116687915275,50.14079777256254,523.432
1499,37,19,-29.710899417826926,50.14079777256254,526.219
1500,37,20,-38.685856779682894,50.14079777256254,529.219
1501,37,21,-47.65956763201533,50.14079777256254,532.166
1502,37,22,-56.63265352203871,50.14079777256254,534.783
1503,37,23,-65.60581112904838,50.14079435746795,536.805
1504,37,24,-74.57977128328552,50.14079094237337,538.008
1505,37,25,-83.55531604141011,50.14077728199503,538.228
1506,37,26,-87.46686975642803,-129.85914917978585,537.381
1507,37,27,-78.48602477150752,-129.85919016092086,535.475
1508,37,28,-69.5015597863269,-129.85919016092086,532.604
1509,37,29,-60.51296253669841,-129.85919016092086,528.949
1510,37,30,-51.51984711693397,-129.85919016092086,524.76
1511,37,31,-42.52198471569636,-129.85920382129922,520.331
1512,37,32,-33.519310446188484,-129.85920382129922,515.98
1513,37,33,-24.51191651596413,-129.85920382129922,512.016
1514,37,34,-15.50009320806302,-129.85920382129922,508.714
1515,37,35,-6.484191423453769,-129.85920382129922,506.291
1516,37,36,2.535230043012156,-129.85920382129922,504.885
1517,37,37,11.55753982572335,-129.85920382129922,504.545
1518,37,38,20.582039110950355,-129.85920382129922,505.231
1519,37,39,29.60799237269693,-129.85920382129922,506.816
1520,38,0,34.121268678120046,-120.85920015575681,507.885
1521,38,1,43.148015949357635,-120.85920015575681,510.424
1522,38,2,52.174418296042134,-120.85920015575681,513.274
1523,38,3,61.19983368039157,-120.85920015575681,516.153
1524,38,4,70.22369519670482,-120.85920015575681,518.797
1525,38,5,79.24551448645624,-120.85921381613515,520.982
1526,38,6,88.2648885684848,-120.85928211802684,522.546
1527,38,7,82.71851541524599,59.140825343767034,523.407
1528,38,8,73.70494699401195,59.1408116833887,523.563
1529,38,9,64.69460925225532,59.1408116833887,523.097
1530,38,10,55.68762854847574,59.140804853199526,522.16
1531,38,11,46.684103920416206,59.140804853199526,520.957
1532,38,12,37.68407976430629,59.140804853199526,519.722
1533,38,13,28.68757657071352,59.140804853199526,518.693
1534,38,14,19.69457384907038,59.140804853199526,518.084
1535,38,15,10.70497683050214,59.140804853199526,518.064
1536,38,16,1.718670575731671,59.140804853199526,518.738
1537,38,17,-7.264521753107508,59.140804853199526,520.132
1538,38,18,-16.24489118610706,59.140804853199526,522.192
1539,38,19,-25.222766746285913,59.140804853199526,524.784
1540,38,20,-34.198579589335424,59.140804853199526,527.708
1541,38,21,-43.172830026612296,59.140804853199526,530.716
1542,38,22,-52.14614472797287,59.140798023010355,533.533
1543,38,23,-61.11917597648289,59.140798023010355,535.884
1544,38,24,-70.09265118728896,59.140798023010355,537.521
1545,38,25,-79.06729436044311,59.14079119282119,538.248
1546,38,26,-88.04390462807821,59.14072972111866,537.94
1547,38,27,-82.97686049041256,-120.85917283500012,536.557
1548,38,28,-73.99428063744286,-120.85918649537847,534.15
1549,38,29,-65.00780757664624,-120.85918649537847,530.861
1550,38,30,-56.01698710044293,-120.85918649537847,526.904
1551,38,31,-47.021518680509416,-120.85920015575681,522.556
1552,38,32,-38.02124863758939,-120.85920015575681,518.126
1553,38,33,-29.016190632061175,-120.85920015575681,513.931
1554,38,34,-20.00655298469447,-120.85920015575681,510.267
1555,38,35,-10.99261829456618,-120.85920015575681,507.382
1556,38,36,-1.9748834579384256,-120.85920015575681,505.455
1557,38,37,7.046066263354289,-120.85920015575681,504.582
1558,38,38,16.069560230112835,-120.85920015575681,504.766
1559,38,39,25.094879991813887,-120.85920015575681,505.922
1560,39,0,38.634644021286135,-111.8591964902144,509.098
1561,39,1,47.661302500064515,-111.8591964902144,511.828
1562,39,2,56.68728479011506,-111.8591964902144,514.727
1563,39,3,65.71198641969623,-111.8591964902144,517.52
1564,39,4,74.7348848793365,-111.85920332040358,519.958
1565,39,5,83.75552937655068,-111.85921698078191,521.849
1566,39,6,87.22644709764359,68.14085633006611,523.066
1567,39,7,78.21134188384627,68.14082217912026,523.57
1568,39,8,69.19937172687801,68.1408153489311,523.4
1569,39,9,60.190693721089694,68.14080851874193,522.675
1570,39,10,51.18543422498097,68.14080851874193,521.577
1571,39,11,42.183651295159784,68.14080851874193,520.328
1572,39,12,33.1853961580449,68.14080851874193,519.167
1573,39,13,24.190648323068825,68.14080851874193,518.324
1574,39,14,15.199354856265483,68.14080851874193,517.992
1575,39,15,6.211422696307432,68.14080851874193,518.311
1576,39,16,-2.7733054645996478,68.14080851874193,519.347
1577,39,17,-11.755041575763439,68.14080851874193,521.086
1578,39,18,-20.734116687915275,68.14080851874193,523.432
1579,39,19,-29.710899417826926,68.14080851874193,526.219
1580,39,20,-38.685856779682894,68.14080851874193,529.219
1581,39,21,-47.65956763201533,68.14080168855276,532.166
1582,39,22,-56.63265352203871,68.14080168855276,534.783
1583,39,23,-65.60581112904838,68.14080168855276,536.805
1584,39,24,-74.57977128328552,68.14080168855276,538.008
1585,39,25,-83.55531604141011,68.14078802817441,538.228
1586,39,26,-87.46686975642803,-111.85913501851188,537.381
1587,39,27,-78.48602477150752,-111.85918282983606,535.475
1588,39,28,-69.5015597863269,-111.85918282983606,532.604
1589,39,29,-60.51296253669841,-111.85918966002524,528.949
1590,39,30,-51.51984711693397,-111.85918966002524,524.76
1591,39,31,-42.52198471569636,-111.85918966002524,520.331
1592,39,32,-33.519310446188484,-111.85918966002524,515.98
1593,39,33,-24.51191651596413,-111.85918966002524,512.016
1594,39,34,-15.50009320806302,-111.85918966002524,508.714
1595,39,35,-6.484191423453769,-111.85918966002524,506.291
1596,39,36,2.535230043012156,-111.85918966002524,504.885
1597,39,37,11.55753982572335,-111.85918966002524,504.545
1598,39,38,20.582039110950355,-111.8591964902144,505.231
1599,39,39,29.60799237269693,-111.8591964902144,506.816
