0,0,0,68.37267978068552,-105.1153682320673,518.288
1,0,1,77.39494986292216,-105.1153682320673,520.583
2,0,2,86.41484303932765,-105.11540238301315,522.284
3,0,3,84.56797354813453,74.88466409764573,523.292
4,0,4,75.55377674949685,74.88465043726738,523.588
5,0,5,66.54276281901238,74.8846436070782,523.239
6,0,6,57.53509568122123,74.8846436070782,522.384
7,0,7,48.530860713488,74.8846436070782,521.216
8,0,8,39.530122802609824,74.8846436070782,519.968
9,0,9,30.532905854248792,74.8846436070782,518.877
10,0,10,21.539184255195508,74.8846436070782,518.166
11,0,11,12.548903363936619,74.8846436070782,518.015
12,0,12,3.561936181642245,74.8846436070782,518.541
13,0,13,-5.421887406086631,74.8846436070782,519.789
14,0,14,-14.40280111978567,74.8846436070782,521.72
15,0,15,-23.38115820830101,74.88463677688904,524.216
16,0,16,-32.35735866458592,74.88463677688904,527.091
17,0,17,-41.33188572452417,74.88463677688904,530.104
18,0,18,-50.305347274951906,74.88463677688904,532.982
19,0,19,-59.278385353651096,74.88463677688904,535.45
20,0,20,-68.2517171304846,74.88463677688904,537.251
21,0,21,-77.22605977531526,74.88462994669987,538.178
22,0,22,-86.2022055900868,74.88460262594319,538.088
23,0,23,-84.81912643410507,-105.11533408112145,536.924
24,0,24,-75.8372705811874,-105.11534774149979,534.719
25,0,25,-66.85164446384788,-105.11535457168895,531.595
26,0,26,-57.86172215752041,-105.11535457168895,527.755
27,0,27,-48.867247530111136,-105.11535457168895,523.463
28,0,28,-39.86796103443158,-105.11535457168895,519.024
29,0,29,-30.86386950067093,-105.11535457168895,514.756
30,0,30,-21.855126608085495,-105.11536140187812,510.962
31,0,31,-12.84203117745147,-105.11536140187812,507.9
32,0,32,-3.82503015927267,-105.11536140187812,505.766
33,0,33,5.195312102070737,-105.11536140187812,504.674
34,0,34,14.218313441435395,-105.11536140187812,504.646
35,0,35,23.24331645311369,-105.11536140187812,505.614
36,0,36,32.269549752616236,-105.11536140187812,507.428
37,0,37,41.29628336347548,-105.11536140187812,509.871
38,0,38,50.32280865356504,-105.11536140187812,512.68
39,0,39,59.3484699247246,-105.11536140187812,515.576
40,1,0,72.88408802937064,-96.11536456652489,519.5
41,1,1,81.9052174700159,-96.11537822690323,521.516
42,1,2,89.07620575885561,83.88479753678234,522.878
43,1,3,80.060485828033,83.88465410280978,523.527
44,1,4,71.04785997290442,83.88464727262061,523.487
45,1,5,62.03850577838827,83.88464727262061,522.864
46,1,6,53.03253935770044,83.88464727262061,521.825
47,1,7,44.030052918394745,83.88464044243145,520.587
48,1,8,35.03107719632243,83.88464044243145,519.388
49,1,9,26.035610483936207,83.88464044243145,518.462
50,1,10,17.043623752932106,83.88464044243145,518.011
51,1,11,8.05501455047258,83.88464044243145,518.188
52,1,12,-0.9303481776970762,83.88464044243145,519.075
53,1,13,-9.912680863196185,83.88464044243145,520.674
54,1,14,-18.892277631045882,83.88464044243145,522.908
55,1,15,-27.869499200611706,83.88464044243145,525.621
56,1,16,-36.84480319456805,83.88464044243145,528.597
57,1,17,-45.818712122386415,83.88464044243145,531.577
58,1,18,-54.791876559585255,83.88464044243145,534.284
59,1,19,-63.76497269489239,83.88463361224227,536.448
60,1,20,-72.73870745288693,83.88463361224227,537.834
61,1,21,-81.71386289022882,83.8846267820531,538.265
62,1,22,-89.30882151141873,-96.11515283066062,537.64
63,1,23,-80.3286390548477,-96.11534407595738,535.946
64,1,24,-71.3449663716108,-96.11535090614656,533.261
65,1,25,-62.35722972581774,-96.11535090614656,529.749
66,1,26,-53.36509102310461,-96.11535773633572,525.647
67,1,27,-44.36820533891832,-96.11535773633572,521.242
68,1,28,-35.36651120155634,-96.11535773633572,516.849
69,1,29,-26.360064960079324,-96.11535773633572,512.782
70,1,30,-17.349097133371757,-96.11535773633572,509.325
71,1,31,-8.333985943158934,-96.11535773633572,506.708
72,1,32,0.6847625895911853,-96.11535773633572,505.086
73,1,33,9.706533801214153,-96.11535773633572,504.529
74,1,34,18.73061388358085,-96.11535773633572,505.013
75,1,35,27.75632638115918,-96.11535773633572,506.428
76,1,36,36.78290119012022,-96.11535773633572,508.587
77,1,37,45.80961431041196,-96.11536456652489,511.247
78,1,38,54.83578443066468,-96.11536456652489,514.135
79,1,39,63.8607934187585,-96.11536456652489,516.971
80,2,0,68.37267978068552,-87.11536773117166,518.288
81,2,1,77.39494986292216,-87.11536773117166,520.583
82,2,2,86.41484303932765,-87.11540188211751,522.284
83,2,3,84.56797354813453,92.88466459854135,523.292
84,2,4,75.55377674949685,92.884650938163,523.588
85,2,5,66.54276281901238,92.88464410797384,523.239
86,2,6,57.53509568122123,92.88464410797384,522.384
87,2,7,48.530860713488,92.88464410797384,521.216
88,2,8,39.530122802609824,92.88464410797384,519.968
89,2,9,30.532905854248792,92.88464410797384,518.877
90,2,10,21.539184255195508,92.88464410797384,518.166
91,2,11,12.548903363936619,92.88464410797384,518.015
92,2,12,3.561936181642245,92.88464410797384,518.541
93,2,13,-5.421887406086631,92.88464410797384,519.789
94,2,14,-14.40280111978567,92.88464410797384,521.72
95,2,15,-23.38115820830101,92.88463727778468,524.216
96,2,16,-32.35735866458592,92.88463727778468,527.091
97,2,17,-41.33188572452417,92.88463727778468,530.104
98,2,18,-50.305347274951906,92.88463727778468,532.982
99,2,19,-59.278385353651096,92.88463727778468,535.45
100,2,20,-68.2517171304846,92.88463727778468,537.251
101,2,21,-77.22605977531526,92.8846304475955,538.178
102,2,22,-86.2022055900868,92.88460312683883,538.088
103,2,23,-84.81912643410507,-87.11533358022581,536.924
104,2,24,-75.8372705811874,-87.11534724060415,534.719
105,2,25,-66.85164446384788,-87.11535407079332,531.595
106,2,26,-57.86172215752041,-87.11535407079332,527.755
107,2,27,-48.867247530111136,-87.11535407079332,523.463
108,2,28,-39.86796103443158,-87.11535407079332,519.024
109,2,29,-30.86386950067093,-87.11535407079332,514.756
110,2,30,-21.855126608085495,-87.1153609009825,510.962
111,2,31,-12.84203117745147,-87.1153609009825,507.9
112,2,32,-3.82503015927267,-87.1153609009825,505.766
113,2,33,5.195312102070737,-87.1153609009825,504.674
114,2,34,14.218313441435395,-87.1153609009825,504.646
115,2,35,23.24331645311369,-87.1153609009825,505.614
116,2,36,32.269549752616236,-87.1153609009825,507.428
117,2,37,41.29628336347548,-87.1153609009825,509.871
118,2,38,50.32280865356504,-87.1153609009825,512.68
119,2,39,59.3484699247246,-87.1153609009825,515.576
120,3,0,72.88408802937064,-78.11536406562927,519.5
121,3,1,81.9052174700159,-78.1153777260076,521.516
122,3,2,89.07620575885561,101.88479803767798,522.878
123,3,3,80.060485828033,101.88465460370541,523.527
124,3,4,71.04785997290442,101.88464777351625,523.487
125,3,5,62.03850577838827,101.88464777351625,522.864
126,3,6,53.03253935770044,101.88464777351625,521.825
127,3,7,44.030052918394745,101.88464094332707,520.587
128,3,8,35.03107719632243,101.88464094332707,519.388
129,3,9,26.035610483936207,101.88464094332707,518.462
130,3,10,17.043623752932106,101.88464094332707,518.011
131,3,11,8.05501455047258,101.88464094332707,518.188
132,3,12,-0.9303481776970762,101.88464094332707,519.075
133,3,13,-9.912680863196185,101.88464094332707,520.674
134,3,14,-18.892277631045882,101.88464094332707,522.908
135,3,15,-27.869499200611706,101.88464094332707,525.621
136,3,16,-36.84480319456805,101.88464094332707,528.597
137,3,17,-45.818712122386415,101.88464094332707,531.577
138,3,18,-54.791876559585255,101.88464094332707,534.284
139,3,19,-63.76497269489239,101.8846341131379,536.448
140,3,20,-72.73870745288693,101.8846341131379,537.834
141,3,21,-81.71386289022882,101.88462728294873,538.265
142,3,22,-89.30882151141873,-78.115152329765,537.64
143,3,23,-80.3286390548477,-78.11534357506174,535.946
144,3,24,-71.3449663716108,-78.11535040525092,533.261
145,3,25,-62.35722972581774,-78.11535040525092,529.749
146,3,26,-53.36509102310461,-78.11535723544009,525.647
147,3,27,-44.36820533891832,-78.11535723544009,521.242
148,3,28,-35.36651120155634,-78.11535723544009,516.849
149,3,29,-26.360064960079324,-78.11535723544009,512.782
150,3,30,-17.349097133371757,-78.11535723544009,509.325
151,3,31,-8.333985943158934,-78.11535723544009,506.708
152,3,32,0.6847625895911853,-78.11535723544009,505.086
153,3,33,9.706533801214153,-78.11535723544009,504.529
154,3,34,18.73061388358085,-78.11535723544009,505.013
155,3,35,27.75632638115918,-78.11535723544009,506.428
156,3,36,36.78290119012022,-78.11535723544009,508.587
157,3,37,45.80961431041196,-78.11536406562927,511.247
158,3,38,54.83578443066468,-78.11536406562927,514.135
159,3,39,63.8607934187585,-78.11536406562927,516.971
160,4,0,68.37267978068552,-69.11536723027602,518.288
161,4,1,77.39494986292216,-69.11536723027602,520.583
162,4,2,86.41484303932765,-69.11540138122187,522.284
163,4,3,84.56797354813453,110.88466509943699,523.292
164,4,4,75.55377674949685,110.88465143905864,523.588
165,4,5,66.54276281901238,110.88464460886948,523.239
166,4,6,57.53509568122123,110.88464460886948,522.384
167,4,7,48.530860713488,110.88464460886948,521.216
168,4,8,39.530122802609824,110.88464460886948,519.968
169,4,9,30.532905854248792,110.88464460886948,518.877
170,4,10,21.539184255195508,110.88464460886948,518.166
171,4,11,12.548903363936619,110.88464460886948,518.015
172,4,12,3.561936181642245,110.88464460886948,518.541
173,4,13,-5.421887406086631,110.88464460886948,519.789
174,4,14,-14.40280111978567,110.88464460886948,521.72
175,4,15,-23.38115820830101,110.8846377786803,524.216
176,4,16,-32.35735866458592,110.8846377786803,527.091
177,4,17,-41.33188572452417,110.8846377786803,530.104
178,4,18,-50.305347274951906,110.8846377786803,532.982
179,4,19,-59.278385353651096,110.8846377786803,535.45
180,4,20,-68.2517171304846,110.8846377786803,537.251
181,4,21,-77.22605977531526,110.88463094849114,538.178
182,4,22,-86.2022055900868,110.88460362773445,538.088
183,4,23,-84.81912643410507,-69.11533307933018,536.924
184,4,24,-75.8372705811874,-69.11534673970851,534.719
185,4,25,-66.85164446384788,-69.11535356989769,531.595
186,4,26,-57.86172215752041,-69.11535356989769,527.755
187,4,27,-48.867247530111136,-69.11535356989769,523.463
188,4,28,-39.86796103443158,-69.11535356989769,519.024
189,4,29,-30.86386950067093,-69.11535356989769,514.756
190,4,30,-21.855126608085495,-69.11536040008686,510.962
191,4,31,-12.84203117745147,-69.11536040008686,507.9
192,4,32,-3.82503015927267,-69.11536040008686,505.766
193,4,33,5.195312102070737,-69.11536040008686,504.674
194,4,34,14.218313441435395,-69.11536040008686,504.646
195,4,35,23.24331645311369,-69.11536040008686,505.614
196,4,36,32.269549752616236,-69.11536040008686,507.428
197,4,37,41.29628336347548,-69.11536040008686,509.871
198,4,38,50.32280865356504,-69.11536040008686,512.68
199,4,39,59.3484699247246,-69.11536040008686,515.576
200,5,0,72.88408802937064,-60.11536356473363,519.5
201,5,1,81.9052174700159,-60.11537722511196,521.516
202,5,2,89.07620575885561,119.88479170838444,522.878
203,5,3,80.060485828033,119.88465510460105,523.527
204,5,4,71.04785997290442,119.88465510460105,523.487
205,5,5,62.03850577838827,119.88464144422271,522.864
206,5,6,53.03253935770044,119.88464144422271,521.825
207,5,7,44.030052918394745,119.88464144422271,520.587
208,5,8,35.03107719632243,119.88464144422271,519.388
209,5,9,26.035610483936207,119.88464144422271,518.462
210,5,10,17.043623752932106,119.88464144422271,518.011
211,5,11,8.05501455047258,119.88464144422271,518.188
212,5,12,-0.9303481776970762,119.88464144422271,519.075
213,5,13,-9.912680863196185,119.88464144422271,520.674
214,5,14,-18.892277631045882,119.88464144422271,522.908
215,5,15,-27.869499200611706,119.88464144422271,525.621
216,5,16,-36.84480319456805,119.88464144422271,528.597
217,5,17,-45.818712122386415,119.88464144422271,531.577
218,5,18,-54.791876559585255,119.88464144422271,534.284
219,5,19,-63.76497269489239,119.88464144422271,536.448
220,5,20,-72.73870745288693,119.88462778384437,537.834
221,5,21,-81.71386289022882,119.88462778384437,538.265
222,5,22,-89.30882151141873,-60.11515182886936,537.64
223,5,23,-80.3286390548477,-60.11534307416612,535.946
224,5,24,-71.3449663716108,-60.115349904355284,533.261
225,5,25,-62.35722972581774,-60.115349904355284,529.749
226,5,26,-53.36509102310461,-60.115356734544456,525.647
227,5,27,-44.36820533891832,-60.115356734544456,521.242
228,5,28,-35.36651120155634,-60.115356734544456,516.849
229,5,29,-26.360064960079324,-60.115356734544456,512.782
230,5,30,-17.349097133371757,-60.115356734544456,509.325
231,5,31,-8.333985943158934,-60.115356734544456,506.708
232,5,32,0.6847625895911853,-60.115356734544456,505.086
233,5,33,9.706533801214153,-60.115356734544456,504.529
234,5,34,18.73061388358085,-60.115356734544456,505.013
235,5,35,27.75632638115918,-60.115356734544456,506.428
236,5,36,36.78290119012022,-60.115356734544456,508.587
237,5,37,45.80961431041196,-60.11536356473363,511.247
238,5,38,54.83578443066468,-60.11536356473363,514.135
239,5,39,63.8607934187585,-60.11536356473363,516.971
240,6,0,68.37267978068552,-51.11536331428581,518.288
241,6,1,77.39494986292216,-51.11537014447498,520.583
242,6,2,86.41484303932765,-51.11539746523166,522.284
243,6,3,84.56797354813453,128.8846724305218,523.292
244,6,4,75.55377674949685,128.88465877014346,523.588
245,6,5,66.54276281901238,128.8846451097651,523.239
246,6,6,57.53509568122123,128.8846451097651,522.384
247,6,7,48.530860713488,128.8846451097651,521.216
248,6,8,39.530122802609824,128.8846451097651,519.968
249,6,9,30.532905854248792,128.8846451097651,518.877
250,6,10,21.539184255195508,128.8846451097651,518.166
251,6,11,12.548903363936619,128.8846451097651,518.015
252,6,12,3.561936181642245,128.8846451097651,518.541
253,6,13,-5.421887406086631,128.8846451097651,519.789
254,6,14,-14.40280111978567,128.8846451097651,521.72
255,6,15,-23.38115820830101,128.8846451097651,524.216
256,6,16,-32.35735866458592,128.8846451097651,527.091
257,6,17,-41.33188572452417,128.8846451097651,530.104
258,6,18,-50.305347274951906,128.8846451097651,532.982
259,6,19,-59.278385353651096,128.88463144938677,535.45
260,6,20,-68.2517171304846,128.88463144938677,537.251
261,6,21,-77.22605977531526,128.88463144938677,538.178
262,6,22,-86.2022055900868,128.8846041286301,538.088
263,6,23,-84.81912643410507,-51.11532916333996,536.924
264,6,24,-75.8372705811874,-51.11534623881288,534.719
265,6,25,-66.85164446384788,-51.115353069002055,531.595
266,6,26,-57.86172215752041,-51.115353069002055,527.755
267,6,27,-48.867247530111136,-51.115353069002055,523.463
268,6,28,-39.86796103443158,-51.11535648409664,519.024
269,6,29,-30.86386950067093,-51.11535648409664,514.756
270,6,30,-21.855126608085495,-51.11535648409664,510.962
271,6,31,-12.84203117745147,-51.11535648409664,507.9
272,6,32,-3.82503015927267,-51.11535648409664,505.766
273,6,33,5.195312102070737,-51.11535648409664,504.674
274,6,34,14.218313441435395,-51.115359899191226,504.646
275,6,35,23.24331645311369,-51.115359899191226,505.614
276,6,36,32.269549752616236,-51.115359899191226,507.428
277,6,37,41.29628336347548,-51.115359899191226,509.871
278,6,38,50.32280865356504,-51.115359899191226,512.68
279,6,39,59.3484699247246,-51.11536331428581,515.576
280,7,0,72.88408802937064,-42.11536989402716,519.5
281,7,1,81.9052174700159,-42.11537672421633,521.516
282,7,2,89.07620575885561,137.88479903946924,522.878
283,7,3,80.060485828033,137.8846487753075,523.527
284,7,4,71.04785997290442,137.8846487753075,523.487
285,7,5,62.03850577838827,137.8846487753075,522.864
286,7,6,53.03253935770044,137.8846487753075,521.825
287,7,7,44.030052918394745,137.88463511492918,520.587
288,7,8,35.03107719632243,137.88463511492918,519.388
289,7,9,26.035610483936207,137.88463511492918,518.462
290,7,10,17.043623752932106,137.88463511492918,518.011
291,7,11,8.05501455047258,137.88463511492918,518.188
292,7,12,-0.9303481776970762,137.88463511492918,519.075
293,7,13,-9.912680863196185,137.88463511492918,520.674
294,7,14,-18.892277631045882,137.88463511492918,522.908
295,7,15,-27.869499200611706,137.88463511492918,525.621
296,7,16,-36.84480319456805,137.88463511492918,528.597
297,7,17,-45.818712122386415,137.88463511492918,531.577
298,7,18,-54.791876559585255,137.88463511492918,534.284
299,7,19,-63.76497269489239,137.88463511492918,536.448
300,7,20,-72.73870745288693,137.88463511492918,537.834
301,7,21,-81.71386289022882,137.88462145455082,538.265
302,7,22,-89.30882151141873,-42.11515474306831,537.64
303,7,23,-80.3286390548477,-42.11534598836507,535.946
304,7,24,-71.3449663716108,-42.115352818554236,533.261
305,7,25,-62.35722972581774,-42.115356233648825,529.749
306,7,26,-53.36509102310461,-42.115356233648825,525.647
307,7,27,-44.36820533891832,-42.11535964874341,521.242
308,7,28,-35.36651120155634,-42.11535964874341,516.849
309,7,29,-26.360064960079324,-42.11535964874341,512.782
310,7,30,-17.349097133371757,-42.11535964874341,509.325
311,7,31,-8.333985943158934,-42.11535964874341,506.708
312,7,32,0.6847625895911853,-42.11535964874341,505.086
313,7,33,9.706533801214153,-42.11535964874341,504.529
314,7,34,18.73061388358085,-42.115363063838,505.013
315,7,35,27.75632638115918,-42.115363063838,506.428
316,7,36,36.78290119012022,-42.115363063838,508.587
317,7,37,45.80961431041196,-42.115363063838,511.247
318,7,38,54.83578443066468,-42.115363063838,514.135
319,7,39,63.8607934187585,-42.11536647893258,516.971
320,8,0,68.37267978068552,-33.11536281339018,518.288
321,8,1,77.39494986292216,-33.11536964357935,520.583
322,8,2,86.41484303932765,-33.11539696433603,522.284
323,8,3,84.56797354813453,146.88466610122825,523.292
324,8,4,75.55377674949685,146.88465244084992,523.588
325,8,5,66.54276281901238,146.88465244084992,523.239
326,8,6,57.53509568122123,146.88465244084992,522.384
327,8,7,48.530860713488,146.88465244084992,521.216
328,8,8,39.530122802609824,146.88463878047156,519.968
329,8,9,30.532905854248792,146.88463878047156,518.877
330,8,10,21.539184255195508,146.88463878047156,518.166
331,8,11,12.548903363936619,146.88463878047156,518.015
332,8,12,3.561936181642245,146.88463878047156,518.541
333,8,13,-5.421887406086631,146.88463878047156,519.789
334,8,14,-14.40280111978567,146.88463878047156,521.72
335,8,15,-23.38115820830101,146.88463878047156,524.216
336,8,16,-32.35735866458592,146.88463878047156,527.091
337,8,17,-41.33188572452417,146.88463878047156,530.104
338,8,18,-50.305347274951906,146.88463878047156,532.982
339,8,19,-59.278385353651096,146.88463878047156,535.45
340,8,20,-68.2517171304846,146.88463878047156,537.251
341,8,21,-77.22605977531526,146.88462512009323,538.178
342,8,22,-86.2022055900868,146.8846114597149,538.088
343,8,23,-84.81912643410507,-33.11532866244433,536.924
344,8,24,-75.8372705811874,-33.11534573791725,534.719
345,8,25,-66.85164446384788,-33.115352568106424,531.595
346,8,26,-57.86172215752041,-33.115352568106424,527.755
347,8,27,-48.867247530111136,-33.115352568106424,523.463
348,8,28,-39.86796103443158,-33.115355983201006,519.024
349,8,29,-30.86386950067093,-33.115355983201006,514.756
350,8,30,-21.855126608085495,-33.115355983201006,510.962
351,8,31,-12.84203117745147,-33.115355983201006,507.9
352,8,32,-3.82503015927267,-33.115355983201006,505.766
353,8,33,5.195312102070737,-33.115355983201006,504.674
354,8,34,14.218313441435395,-33.11535939829559,504.646
355,8,35,23.24331645311369,-33.11535939829559,505.614
356,8,36,32.269549752616236,-33.11535939829559,507.428
357,8,37,41.29628336347548,-33.11535939829559,509.871
358,8,38,50.32280865356504,-33.11535939829559,512.68
359,8,39,59.3484699247246,-33.11536281339018,515.576
360,9,0,72.88408802937064,-24.115367685584236,519.5
361,9,1,81.9052174700159,-24.115377930867993,521.516
362,9,2,89.07620575885561,155.8847927101757,522.878
363,9,3,80.060485828033,155.88465610639233,523.527
364,9,4,71.04785997290442,155.88464244601397,523.487
365,9,5,62.03850577838827,155.88464244601397,522.864
366,9,6,53.03253935770044,155.88464244601397,521.825
367,9,7,44.030052918394745,155.88464244601397,520.587
368,9,8,35.03107719632243,155.88464244601397,519.388
369,9,9,26.035610483936207,155.88464244601397,518.462
370,9,10,17.043623752932106,155.88464244601397,518.011
371,9,11,8.05501455047258,155.88464244601397,518.188
372,9,12,-0.9303481776970762,155.88464244601397,519.075
373,9,13,-9.912680863196185,155.88464244601397,520.674
374,9,14,-18.892277631045882,155.88464244601397,522.908
375,9,15,-27.869499200611706,155.88464244601397,525.621
376,9,16,-36.84480319456805,155.88464244601397,528.597
377,9,17,-45.818712122386415,155.88464244601397,531.577
378,9,18,-54.791876559585255,155.88464244601397,534.284
379,9,19,-63.76497269489239,155.88462878563564,536.448
380,9,20,-72.73870745288693,155.88462878563564,537.834
381,9,21,-81.71386289022882,155.88462878563564,538.265
382,9,22,-89.30882151141873,-24.11515253462538,537.64
383,9,23,-80.3286390548477,-24.115345487469433,535.946
384,9,24,-71.3449663716108,-24.115352317658605,533.261
385,9,25,-62.35722972581774,-24.11535573275319,529.749
386,9,26,-53.36509102310461,-24.115357440300482,525.647
387,9,27,-44.36820533891832,-24.115357440300482,521.242
388,9,28,-35.36651120155634,-24.115359147847776,516.849
389,9,29,-26.360064960079324,-24.115359147847776,512.782
390,9,30,-17.349097133371757,-24.115359147847776,509.325
391,9,31,-8.333985943158934,-24.115359147847776,506.708
392,9,32,0.6847625895911853,-24.115360855395068,505.086
393,9,33,9.706533801214153,-24.115360855395068,504.529
394,9,34,18.73061388358085,-24.115360855395068,505.013
395,9,35,27.75632638115918,-24.115360855395068,506.428
396,9,36,36.78290119012022,-24.11536256294236,508.587
397,9,37,45.80961431041196,-24.11536256294236,511.247
398,9,38,54.83578443066468,-24.115364270489653,514.135
399,9,39,63.8607934187585,-24.115365978036944,516.971
400,10,0,68.37267978068552,-15.115362312494543,518.288
401,10,1,77.39494986292216,-15.11536743513642,520.583
402,10,2,86.41484303932765,-15.115396463440394,522.284
403,10,3,84.56797354813453,164.88467343231306,523.292
404,10,4,75.55377674949685,164.8846597719347,523.588
405,10,5,66.54276281901238,164.88464611155638,523.239
406,10,6,57.53509568122123,164.88464611155638,522.384
407,10,7,48.530860713488,164.88464611155638,521.216
408,10,8,39.530122802609824,164.88464611155638,519.968
409,10,9,30.532905854248792,164.88464611155638,518.877
410,10,10,21.539184255195508,164.88464611155638,518.166
411,10,11,12.548903363936619,164.88464611155638,518.015
412,10,12,3.561936181642245,164.88464611155638,518.541
413,10,13,-5.421887406086631,164.88464611155638,519.789
414,10,14,-14.40280111978567,164.88464611155638,521.72
415,10,15,-23.38115820830101,164.88464611155638,524.216
416,10,16,-32.35735866458592,164.88464611155638,527.091
417,10,17,-41.33188572452417,164.88464611155638,530.104
418,10,18,-50.305347274951906,164.88464611155638,532.982
419,10,19,-59.278385353651096,164.88463245117805,535.45
420,10,20,-68.2517171304846,164.88463245117805,537.251
421,10,21,-77.22605977531526,164.88463245117805,538.178
422,10,22,-86.2022055900868,164.88460513042136,538.088
423,10,23,-84.81912643410507,-15.115328161548693,536.924
424,10,24,-75.8372705811874,-15.11534694456891,534.719
425,10,25,-66.85164446384788,-15.115350359663495,531.595
426,10,26,-57.86172215752041,-15.115352067210788,527.755
427,10,27,-48.867247530111136,-15.11535377475808,523.463
428,10,28,-39.86796103443158,-15.11535377475808,519.024
429,10,29,-30.86386950067093,-15.115355482305374,514.756
430,10,30,-21.855126608085495,-15.115355482305374,510.962
431,10,31,-12.84203117745147,-15.115355482305374,507.9
432,10,32,-3.82503015927267,-15.115357189852666,505.766
433,10,33,5.195312102070737,-15.115357189852666,504.674
434,10,34,14.218313441435395,-15.115357189852666,504.646
435,10,35,23.24331645311369,-15.115357189852666,505.614
436,10,36,32.269549752616236,-15.115358897399958,507.428
437,10,37,41.29628336347548,-15.115358897399958,509.871
438,10,38,50.32280865356504,-15.115358897399958,512.68
439,10,39,59.3484699247246,-15.11536060494725,515.576
440,11,0,72.88408802937064,-6.11536803846225,519.5
441,11,1,81.9052174700159,-6.115377429972359,521.516
442,11,2,89.07620575885561,173.88480004126052,522.878
443,11,3,80.060485828033,173.8846497770988,523.527
444,11,4,71.04785997290442,173.8846497770988,523.487
445,11,5,62.03850577838827,173.8846497770988,522.864
446,11,6,53.03253935770044,173.8846497770988,521.825
447,11,7,44.030052918394745,173.88463611672043,520.587
448,11,8,35.03107719632243,173.88463611672043,519.388
449,11,9,26.035610483936207,173.88463611672043,518.462
450,11,10,17.043623752932106,173.88463611672043,518.011
451,11,11,8.05501455047258,173.88463611672043,518.188
452,11,12,-0.9303481776970762,173.88463611672043,519.075
453,11,13,-9.912680863196185,173.88463611672043,520.674
454,11,14,-18.892277631045882,173.88463611672043,522.908
455,11,15,-27.869499200611706,173.88463611672043,525.621
456,11,16,-36.84480319456805,173.88463611672043,528.597
457,11,17,-45.818712122386415,173.88463611672043,531.577
458,11,18,-54.791876559585255,173.88463611672043,534.284
459,11,19,-63.76497269489239,173.88463611672043,536.448
460,11,20,-72.73870745288693,173.88463611672043,537.834
461,11,21,-81.71386289022882,173.8846224563421,538.265
462,11,22,-89.30882151141873,-6.115152033729749,537.64
463,11,23,-80.3286390548477,-6.115344986573802,535.946
464,11,24,-71.3449663716108,-6.115352243649794,533.261
465,11,25,-62.35722972581774,-6.115354804970734,529.749
466,11,26,-53.36509102310461,-6.115356512518026,525.647
467,11,27,-44.36820533891832,-6.115357366291672,521.242
468,11,28,-35.36651120155634,-6.1153582200653185,516.849
469,11,29,-26.360064960079324,-6.115358646952141,512.782
470,11,30,-17.349097133371757,-6.115359073838965,509.325
471,11,31,-8.333985943158934,-6.115359500725788,506.708
472,11,32,0.6847625895911853,-6.1153599276126105,505.086
473,11,33,9.706533801214153,-6.115360354499434,504.529
474,11,34,18.73061388358085,-6.115360781386257,505.013
475,11,35,27.75632638115918,-6.115361208273081,506.428
476,11,36,36.78290119012022,-6.115361635159903,508.587
477,11,37,45.80961431041196,-6.11536248893355,511.247
478,11,38,54.83578443066468,-6.115363342707196,514.135
479,11,39,63.8607934187585,-6.115365050254488,516.971
480,12,0,68.37267978068552,2.8846375480708555,518.288
481,12,1,77.39494986292216,2.8846326388723895,520.583
482,12,2,86.41484303932765,2.8846038240118284,522.284
483,12,3,84.56797354813453,-177.11532925451482,523.292
484,12,4,75.55377674949685,-177.11534291489315,523.588
485,12,5,66.54276281901238,-177.11535657527148,523.239
486,12,6,57.53509568122123,-177.11535657527148,522.384
487,12,7,48.530860713488,-177.11535657527148,521.216
488,12,8,39.530122802609824,-177.11535657527148,519.968
489,12,9,30.532905854248792,-177.11535657527148,518.877
490,12,10,21.539184255195508,-177.11535657527148,518.166
491,12,11,12.548903363936619,-177.11535657527148,518.015
492,12,12,3.561936181642245,-177.11535657527148,518.541
493,12,13,-5.421887406086631,-177.11535657527148,519.789
494,12,14,-14.40280111978567,-177.11535657527148,521.72
495,12,15,-23.38115820830101,-177.11535657527148,524.216
496,12,16,-32.35735866458592,-177.11535657527148,527.091
497,12,17,-41.33188572452417,-177.11535657527148,530.104
498,12,18,-50.305347274951906,-177.11535657527148,532.982
499,12,19,-59.278385353651096,-177.11535657527148,535.45
500,12,20,-68.2517171304846,-177.11535657527148,537.251
501,12,21,-77.22605977531526,-177.11537023564983,538.178
502,12,22,-86.2022055900868,-177.11539755640652,538.088
503,12,23,-84.81912643410507,2.884671485573294,536.924
504,12,24,-75.8372705811874,2.8846537697701344,534.719
505,12,25,-66.85164446384788,2.8846497143453145,531.595
506,12,26,-57.86172215752041,2.8846477933546106,527.755
507,12,27,-48.867247530111136,2.884646726137553,523.463
508,12,28,-39.86796103443158,2.8846458723639063,519.024
509,12,29,-30.86386950067093,2.884645445477083,514.756
510,12,30,-21.855126608085495,2.8846448051468485,510.962
511,12,31,-12.84203117745147,2.8846443782600257,507.9
512,12,32,-3.82503015927267,2.8846439513732025,505.766
513,12,33,5.195312102070737,2.8846437379297907,504.674
514,12,34,14.218313441435395,2.884643311042968,504.646
515,12,35,23.24331645311369,2.8846428841561447,505.614
516,12,36,32.269549752616236,2.88464224382591,507.428
517,12,37,41.29628336347548,2.884641603495675,509.871
518,12,38,50.32280865356504,2.884640749722029,512.68
519,12,39,59.3484699247246,2.884639682504971,515.576
520,13,0,72.88408802937064,11.884639292622554,519.5
521,13,1,81.9052174700159,11.884629901112444,521.516
522,13,2,89.07620575885561,-168.11520264556734,522.878
523,13,3,80.060485828033,-168.11533924935074,523.527
524,13,4,71.04785997290442,-168.11533924935074,523.487
525,13,5,62.03850577838827,-168.1153529097291,522.864
526,13,6,53.03253935770044,-168.1153529097291,521.825
527,13,7,44.030052918394745,-168.1153529097291,520.587
528,13,8,35.03107719632243,-168.1153529097291,519.388
529,13,9,26.035610483936207,-168.1153529097291,518.462
530,13,10,17.043623752932106,-168.1153529097291,518.011
531,13,11,8.05501455047258,-168.1153529097291,518.188
532,13,12,-0.9303481776970762,-168.1153529097291,519.075
533,13,13,-9.912680863196185,-168.1153529097291,520.674
534,13,14,-18.892277631045882,-168.1153529097291,522.908
535,13,15,-27.869499200611706,-168.1153529097291,525.621
536,13,16,-36.84480319456805,-168.1153529097291,528.597
537,13,17,-45.818712122386415,-168.1153529097291,531.577
538,13,18,-54.791876559585255,-168.1153529097291,534.284
539,13,19,-63.76497269489239,-168.1153529097291,536.448
540,13,20,-72.73870745288693,-168.11536657010743,537.834
541,13,21,-81.71386289022882,-168.11536657010743,538.265
542,13,22,-89.30882151141873,11.884855297355054,537.64
543,13,23,-80.3286390548477,11.884662344511002,535.946
544,13,24,-71.3449663716108,11.884654660548186,533.261
545,13,25,-62.35722972581774,11.884652099227248,529.749
546,13,26,-53.36509102310461,11.8846512454536,525.647
547,13,27,-44.36820533891832,11.884650391679955,521.242
548,13,28,-35.36651120155634,11.884649537906308,516.849
549,13,29,-26.360064960079324,11.884648684132662,512.782
550,13,30,-17.349097133371757,11.884648684132662,509.325
551,13,31,-8.333985943158934,11.884647830359016,506.708
552,13,32,0.6847625895911853,11.884647830359016,505.086
553,13,33,9.706533801214153,11.884646976585369,504.529
554,13,34,18.73061388358085,11.884646976585369,505.013
555,13,35,27.75632638115918,11.884646122811724,506.428
556,13,36,36.78290119012022,11.884645269038076,508.587
557,13,37,45.80961431041196,11.884645269038076,511.247
558,13,38,54.83578443066468,11.884643561490785,514.135
559,13,39,63.8607934187585,11.884642707717138,516.971
560,14,0,68.37267978068552,20.884631859107554,518.288
561,14,1,77.39494986292216,20.884626736465677,520.583
562,14,2,86.41484303932765,20.884597708161703,522.284
563,14,3,84.56797354813453,-159.11533558380833,523.292
564,14,4,75.55377674949685,-159.1153492441867,523.588
565,14,5,66.54276281901238,-159.11536290456502,523.239
566,14,6,57.53509568122123,-159.11536290456502,522.384
567,14,7,48.530860713488,-159.11536290456502,521.216
568,14,8,39.530122802609824,-159.11536290456502,519.968
569,14,9,30.532905854248792,-159.11536290456502,518.877
570,14,10,21.539184255195508,-159.11536290456502,518.166
571,14,11,12.548903363936619,-159.11536290456502,518.015
572,14,12,3.561936181642245,-159.11536290456502,518.541
573,14,13,-5.421887406086631,-159.11536290456502,519.789
574,14,14,-14.40280111978567,-159.11536290456502,521.72
575,14,15,-23.38115820830101,-159.11536290456502,524.216
576,14,16,-32.35735866458592,-159.11536290456502,527.091
577,14,17,-41.33188572452417,-159.11536290456502,530.104
578,14,18,-50.305347274951906,-159.11536290456502,532.982
579,14,19,-59.278385353651096,-159.11536290456502,535.45
580,14,20,-68.2517171304846,-159.11536290456502,537.251
581,14,21,-77.22605977531526,-159.11537656494338,538.178
582,14,22,-86.2022055900868,-159.11540388570003,538.088
583,14,23,-84.81912643410507,20.884666010053405,536.924
584,14,24,-75.8372705811874,20.884647227033184,534.719
585,14,25,-66.85164446384788,20.884643811938602,531.595
586,14,26,-57.86172215752041,20.884642104391308,527.755
587,14,27,-48.867247530111136,20.884640396844016,523.463
588,14,28,-39.86796103443158,20.884640396844016,519.024
589,14,29,-30.86386950067093,20.884638689296725,514.756
590,14,30,-21.855126608085495,20.884638689296725,510.962
591,14,31,-12.84203117745147,20.884638689296725,507.9
592,14,32,-3.82503015927267,20.88463698174943,505.766
593,14,33,5.195312102070737,20.88463698174943,504.674
594,14,34,14.218313441435395,20.88463698174943,504.646
595,14,35,23.24331645311369,20.88463698174943,505.614
596,14,36,32.269549752616236,20.88463527420214,507.428
597,14,37,41.29628336347548,20.88463527420214,509.871
598,14,38,50.32280865356504,20.88463527420214,512.68
599,14,39,59.3484699247246,20.884633566654845,515.576
600,15,0,72.88408802937064,29.88463210955537,519.5
601,15,1,81.9052174700159,29.8846252793662,521.516
602,15,2,89.07620575885561,-150.11520897486088,522.878
603,15,3,80.060485828033,-150.11534557864428,523.527
604,15,4,71.04785997290442,-150.11534557864428,523.487
605,15,5,62.03850577838827,-150.1153592390226,522.864
606,15,6,53.03253935770044,-150.1153592390226,521.825
607,15,7,44.030052918394745,-150.1153592390226,520.587
608,15,8,35.03107719632243,-150.1153592390226,519.388
609,15,9,26.035610483936207,-150.1153592390226,518.462
610,15,10,17.043623752932106,-150.1153592390226,518.011
611,15,11,8.05501455047258,-150.1153592390226,518.188
612,15,12,-0.9303481776970762,-150.1153592390226,519.075
613,15,13,-9.912680863196185,-150.1153592390226,520.674
614,15,14,-18.892277631045882,-150.1153592390226,522.908
615,15,15,-27.869499200611706,-150.1153592390226,525.621
616,15,16,-36.84480319456805,-150.1153592390226,528.597
617,15,17,-45.818712122386415,-150.1153592390226,531.577
618,15,18,-54.791876559585255,-150.1153592390226,534.284
619,15,19,-63.76497269489239,-150.1153592390226,536.448
620,15,20,-72.73870745288693,-150.11537289940097,537.834
621,15,21,-81.71386289022882,-150.11537289940097,538.265
622,15,22,-89.30882151141873,29.884847260514224,537.64
623,15,23,-80.3286390548477,29.884656015217466,535.946
624,15,24,-71.3449663716108,29.884649185028294,533.261
625,15,25,-62.35722972581774,29.88464576993371,529.749
626,15,26,-53.36509102310461,29.88464576993371,525.647
627,15,27,-44.36820533891832,29.884642354839126,521.242
628,15,28,-35.36651120155634,29.884642354839126,516.849
629,15,29,-26.360064960079324,29.884642354839126,512.782
630,15,30,-17.349097133371757,29.884642354839126,509.325
631,15,31,-8.333985943158934,29.884642354839126,506.708
632,15,32,0.6847625895911853,29.884642354839126,505.086
633,15,33,9.706533801214153,29.884642354839126,504.529
634,15,34,18.73061388358085,29.88463893974454,505.013
635,15,35,27.75632638115918,29.88463893974454,506.428
636,15,36,36.78290119012022,29.88463893974454,508.587
637,15,37,45.80961431041196,29.88463893974454,511.247
638,15,38,54.83578443066468,29.88463893974454,514.135
639,15,39,63.8607934187585,29.884635524649955,516.971
640,16,0,68.37267978068552,38.88463919019236,518.288
641,16,1,77.39494986292216,38.88463236000319,520.583
642,16,2,86.41484303932765,38.88460503924651,522.284
643,16,3,84.56797354813453,-141.11532825272354,523.292
644,16,4,75.55377674949685,-141.11534191310187,523.588
645,16,5,66.54276281901238,-141.11535557348023,523.239
646,16,6,57.53509568122123,-141.11535557348023,522.384
647,16,7,48.530860713488,-141.11535557348023,521.216
648,16,8,39.530122802609824,-141.11535557348023,519.968
649,16,9,30.532905854248792,-141.11535557348023,518.877
650,16,10,21.539184255195508,-141.11535557348023,518.166
651,16,11,12.548903363936619,-141.11535557348023,518.015
652,16,12,3.561936181642245,-141.11535557348023,518.541
653,16,13,-5.421887406086631,-141.11535557348023,519.789
654,16,14,-14.40280111978567,-141.11535557348023,521.72
655,16,15,-23.38115820830101,-141.11535557348023,524.216
656,16,16,-32.35735866458592,-141.11535557348023,527.091
657,16,17,-41.33188572452417,-141.11535557348023,530.104
658,16,18,-50.305347274951906,-141.11535557348023,532.982
659,16,19,-59.278385353651096,-141.11535557348023,535.45
660,16,20,-68.2517171304846,-141.11535557348023,537.251
661,16,21,-77.22605977531526,-141.11536923385856,538.178
662,16,22,-86.2022055900868,-141.11539655461524,538.088
663,16,23,-84.81912643410507,38.88467334113821,536.924
664,16,24,-75.8372705811874,38.884656265665285,534.719
665,16,25,-66.85164446384788,38.88464943547611,531.595
666,16,26,-57.86172215752041,38.88464943547611,527.755
667,16,27,-48.867247530111136,38.88464943547611,523.463
668,16,28,-39.86796103443158,38.884646020381524,519.024
669,16,29,-30.86386950067093,38.884646020381524,514.756
670,16,30,-21.855126608085495,38.884646020381524,510.962
671,16,31,-12.84203117745147,38.884646020381524,507.9
672,16,32,-3.82503015927267,38.884646020381524,505.766
673,16,33,5.195312102070737,38.884646020381524,504.674
674,16,34,14.218313441435395,38.88464260528694,504.646
675,16,35,23.24331645311369,38.88464260528694,505.614
676,16,36,32.269549752616236,38.88464260528694,507.428
677,16,37,41.29628336347548,38.88464260528694,509.871
678,16,38,50.32280865356504,38.88464260528694,512.68
679,16,39,59.3484699247246,38.88463919019236,515.576
680,17,0,72.88408802937064,47.884625780261835,519.5
681,17,1,81.9052174700159,47.884618950072664,521.516
682,17,2,89.07620575885561,-132.11521530415442,522.878
683,17,3,80.060485828033,-132.11535190793782,523.527
684,17,4,71.04785997290442,-132.11535190793782,523.487
685,17,5,62.03850577838827,-132.11536556831615,522.864
686,17,6,53.03253935770044,-132.11536556831615,521.825
687,17,7,44.030052918394745,-132.11536556831615,520.587
688,17,8,35.03107719632243,-132.11536556831615,519.388
689,17,9,26.035610483936207,-132.11536556831615,518.462
690,17,10,17.043623752932106,-132.11536556831615,518.011
691,17,11,8.05501455047258,-132.11536556831615,518.188
692,17,12,-0.9303481776970762,-132.11536556831615,519.075
693,17,13,-9.912680863196185,-132.11536556831615,520.674
694,17,14,-18.892277631045882,-132.11536556831615,522.908
695,17,15,-27.869499200611706,-132.11536556831615,525.621
696,17,16,-36.84480319456805,-132.11536556831615,528.597
697,17,17,-45.818712122386415,-132.11536556831615,531.577
698,17,18,-54.791876559585255,-132.11536556831615,534.284
699,17,19,-63.76497269489239,-132.11536556831615,536.448
700,17,20,-72.73870745288693,-132.1153792286945,537.834
701,17,21,-81.71386289022882,-132.1153792286945,538.265
702,17,22,-89.30882151141873,47.88484093122069,537.64
703,17,23,-80.3286390548477,47.884649685923925,535.946
704,17,24,-71.3449663716108,47.88464285573476,533.261
705,17,25,-62.35722972581774,47.88463944064017,529.749
706,17,26,-53.36509102310461,47.88463944064017,525.647
707,17,27,-44.36820533891832,47.88463602554559,521.242
708,17,28,-35.36651120155634,47.88463602554559,516.849
709,17,29,-26.360064960079324,47.88463602554559,512.782
710,17,30,-17.349097133371757,47.88463602554559,509.325
711,17,31,-8.333985943158934,47.88463602554559,506.708
712,17,32,0.6847625895911853,47.88463602554559,505.086
713,17,33,9.706533801214153,47.88463602554559,504.529
714,17,34,18.73061388358085,47.88463261045101,505.013
715,17,35,27.75632638115918,47.88463261045101,506.428
716,17,36,36.78290119012022,47.88463261045101,508.587
717,17,37,45.80961431041196,47.88463261045101,511.247
718,17,38,54.83578443066468,47.88463261045101,514.135
719,17,39,63.8607934187585,47.88462919535642,516.971
720,18,0,68.37267978068552,56.88463286089882,518.288
721,18,1,77.39494986292216,56.88462603070965,520.583
722,18,2,86.41484303932765,56.88459870995297,522.284
723,18,3,84.56797354813453,-123.11533458201708,523.292
724,18,4,75.55377674949685,-123.11534824239541,523.588
725,18,5,66.54276281901238,-123.11536190277376,523.239
726,18,6,57.53509568122123,-123.11536190277376,522.384
727,18,7,48.530860713488,-123.11536190277376,521.216
728,18,8,39.530122802609824,-123.11536190277376,519.968
729,18,9,30.532905854248792,-123.11536190277376,518.877
730,18,10,21.539184255195508,-123.11536190277376,518.166
731,18,11,12.548903363936619,-123.11536190277376,518.015
732,18,12,3.561936181642245,-123.11536190277376,518.541
733,18,13,-5.421887406086631,-123.11536190277376,519.789
734,18,14,-14.40280111978567,-123.11536190277376,521.72
735,18,15,-23.38115820830101,-123.11536190277376,524.216
736,18,16,-32.35735866458592,-123.11536190277376,527.091
737,18,17,-41.33188572452417,-123.11536190277376,530.104
738,18,18,-50.305347274951906,-123.11536190277376,532.982
739,18,19,-59.278385353651096,-123.11536190277376,535.45
740,18,20,-68.2517171304846,-123.11536190277376,537.251
741,18,21,-77.22605977531526,-123.1153755631521,538.178
742,18,22,-86.2022055900868,-123.11540288390877,538.088
743,18,23,-84.81912643410507,56.88466701184467,536.924
744,18,24,-75.8372705811874,56.884649936371744,534.719
745,18,25,-66.85164446384788,56.88464310618257,531.595
746,18,26,-57.86172215752041,56.88464310618257,527.755
747,18,27,-48.867247530111136,56.88464310618257,523.463
748,18,28,-39.86796103443158,56.88463969108799,519.024
749,18,29,-30.86386950067093,56.88463969108799,514.756
750,18,30,-21.855126608085495,56.88463969108799,510.962
751,18,31,-12.84203117745147,56.88463969108799,507.9
752,18,32,-3.82503015927267,56.88463969108799,505.766
753,18,33,5.195312102070737,56.88463969108799,504.674
754,18,34,14.218313441435395,56.88463627599341,504.646
755,18,35,23.24331645311369,56.88463627599341,505.614
756,18,36,32.269549752616236,56.88463627599341,507.428
757,18,37,41.29628336347548,56.88463627599341,509.871
758,18,38,50.32280865356504,56.88463627599341,512.68
759,18,39,59.3484699247246,56.88463286089882,515.576
760,19,0,72.88408802937064,65.88463311134663,519.5
761,19,1,81.9052174700159,65.88462628115747,521.516
762,19,2,89.07620575885561,-114.11520114288045,522.878
763,19,3,80.060485828033,-114.11534457685302,523.527
764,19,4,71.04785997290442,-114.11535140704218,523.487
765,19,5,62.03850577838827,-114.11535140704218,522.864
766,19,6,53.03253935770044,-114.11535140704218,521.825
767,19,7,44.030052918394745,-114.11535823723136,520.587
768,19,8,35.03107719632243,-114.11535823723136,519.388
769,19,9,26.035610483936207,-114.11535823723136,518.462
770,19,10,17.043623752932106,-114.11535823723136,518.011
771,19,11,8.05501455047258,-114.11535823723136,518.188
772,19,12,-0.9303481776970762,-114.11535823723136,519.075
773,19,13,-9.912680863196185,-114.11535823723136,520.674
774,19,14,-18.892277631045882,-114.11535823723136,522.908
775,19,15,-27.869499200611706,-114.11535823723136,525.621
776,19,16,-36.84480319456805,-114.11535823723136,528.597
777,19,17,-45.818712122386415,-114.11535823723136,531.577
778,19,18,-54.791876559585255,-114.11535823723136,534.284
779,19,19,-63.76497269489239,-114.11536506742053,536.448
780,19,20,-72.73870745288693,-114.11536506742053,537.834
781,19,21,-81.71386289022882,-114.11537189760969,538.265
782,19,22,-89.30882151141873,65.88485167740008,537.64
783,19,23,-80.3286390548477,65.88465360191415,535.946
784,19,24,-71.3449663716108,65.88464677172497,533.261
785,19,25,-62.35722972581774,65.88464677172497,529.749
786,19,26,-53.36509102310461,65.88464677172497,525.647
787,19,27,-44.36820533891832,65.88464677172497,521.242
788,19,28,-35.36651120155634,65.88464677172497,516.849
789,19,29,-26.360064960079324,65.88464677172497,512.782
790,19,30,-17.349097133371757,65.88463994153581,509.325
791,19,31,-8.333985943158934,65.88463994153581,506.708
792,19,32,0.6847625895911853,65.88463994153581,505.086
793,19,33,9.706533801214153,65.88463994153581,504.529
794,19,34,18.73061388358085,65.88463994153581,505.013
795,19,35,27.75632638115918,65.88463994153581,506.428
796,19,36,36.78290119012022,65.88463994153581,508.587
797,19,37,45.80961431041196,65.88463994153581,511.247
798,19,38,54.83578443066468,65.88463994153581,514.135
799,19,39,63.8607934187585,65.88463994153581,516.971
800,20,0,68.37267978068552,74.88463677688904,518.288
801,20,1,77.39494986292216,74.88463677688904,520.583
802,20,2,86.41484303932765,74.88460262594319,522.284
803,20,3,84.56797354813453,-105.11532725093228,523.292
804,20,4,75.55377674949685,-105.11534774149979,523.588
805,20,5,66.54276281901238,-105.11534774149979,523.239
806,20,6,57.53509568122123,-105.11534774149979,522.384
807,20,7,48.530860713488,-105.11535457168895,521.216
808,20,8,39.530122802609824,-105.11535457168895,519.968
809,20,9,30.532905854248792,-105.11535457168895,518.877
810,20,10,21.539184255195508,-105.11535457168895,518.166
811,20,11,12.548903363936619,-105.11535457168895,518.015
812,20,12,3.561936181642245,-105.11535457168895,518.541
813,20,13,-5.421887406086631,-105.11535457168895,519.789
814,20,14,-14.40280111978567,-105.11535457168895,521.72
815,20,15,-23.38115820830101,-105.11535457168895,524.216
816,20,16,-32.35735866458592,-105.11535457168895,527.091
817,20,17,-41.33188572452417,-105.11535457168895,530.104
818,20,18,-50.305347274951906,-105.11535457168895,532.982
819,20,19,-59.278385353651096,-105.11536140187812,535.45
820,20,20,-68.2517171304846,-105.11536140187812,537.251
821,20,21,-77.22605977531526,-105.1153682320673,538.178
822,20,22,-86.2022055900868,-105.1153887226348,538.088
823,20,23,-84.81912643410507,74.88467092783489,536.924
824,20,24,-75.8372705811874,74.88465726745655,534.719
825,20,25,-66.85164446384788,74.88465043726738,531.595
826,20,26,-57.86172215752041,74.88465043726738,527.755
827,20,27,-48.867247530111136,74.88465043726738,523.463
828,20,28,-39.86796103443158,74.88465043726738,519.024
829,20,29,-30.86386950067093,74.88465043726738,514.756
830,20,30,-21.855126608085495,74.8846436070782,510.962
831,20,31,-12.84203117745147,74.8846436070782,507.9
832,20,32,-3.82503015927267,74.8846436070782,505.766
833,20,33,5.195312102070737,74.8846436070782,504.674
834,20,34,14.218313441435395,74.8846436070782,504.646
835,20,35,23.24331645311369,74.8846436070782,505.614
836,20,36,32.269549752616236,74.8846436070782,507.428
837,20,37,41.29628336347548,74.8846436070782,509.871
838,20,38,50.32280865356504,74.8846436070782,512.68
839,20,39,59.3484699247246,74.8846436070782,515.576
840,21,0,72.88408802937064,83.8846267820531,519.5
841,21,1,81.9052174700159,83.88461995186393,521.516
842,21,2,89.07620575885561,-96.11520747217398,522.878
843,21,3,80.060485828033,-96.11535090614656,523.527
844,21,4,71.04785997290442,-96.11535773633572,523.487
845,21,5,62.03850577838827,-96.11535773633572,522.864
846,21,6,53.03253935770044,-96.11535773633572,521.825
847,21,7,44.030052918394745,-96.11536456652489,520.587
848,21,8,35.03107719632243,-96.11536456652489,519.388
849,21,9,26.035610483936207,-96.11536456652489,518.462
850,21,10,17.043623752932106,-96.11536456652489,518.011
851,21,11,8.05501455047258,-96.11536456652489,518.188
852,21,12,-0.9303481776970762,-96.11536456652489,519.075
853,21,13,-9.912680863196185,-96.11536456652489,520.674
854,21,14,-18.892277631045882,-96.11536456652489,522.908
855,21,15,-27.869499200611706,-96.11536456652489,525.621
856,21,16,-36.84480319456805,-96.11536456652489,528.597
857,21,17,-45.818712122386415,-96.11536456652489,531.577
858,21,18,-54.791876559585255,-96.11536456652489,534.284
859,21,19,-63.76497269489239,-96.11537139671407,536.448
860,21,20,-72.73870745288693,-96.11537139671407,537.834
861,21,21,-81.71386289022882,-96.11537822690323,538.265
862,21,22,-89.30882151141873,83.88484534810654,537.64
863,21,23,-80.3286390548477,83.88464727262061,535.946
864,21,24,-71.3449663716108,83.88464044243145,533.261
865,21,25,-62.35722972581774,83.88464044243145,529.749
866,21,26,-53.36509102310461,83.88464044243145,525.647
867,21,27,-44.36820533891832,83.88464044243145,521.242
868,21,28,-35.36651120155634,83.88464044243145,516.849
869,21,29,-26.360064960079324,83.88464044243145,512.782
870,21,30,-17.349097133371757,83.88463361224227,509.325
871,21,31,-8.333985943158934,83.88463361224227,506.708
872,21,32,0.6847625895911853,83.88463361224227,505.086
873,21,33,9.706533801214153,83.88463361224227,504.529
874,21,34,18.73061388358085,83.88463361224227,505.013
875,21,35,27.75632638115918,83.88463361224227,506.428
876,21,36,36.78290119012022,83.88463361224227,508.587
877,21,37,45.80961431041196,83.88463361224227,511.247
878,21,38,54.83578443066468,83.88463361224227,514.135
879,21,39,63.8607934187585,83.88463361224227,516.971
880,22,0,68.37267978068552,92.8846304475955,518.288
881,22,1,77.39494986292216,92.8846304475955,520.583
882,22,2,86.41484303932765,92.88459629664965,522.284
883,22,3,84.56797354813453,-87.11533358022581,523.292
884,22,4,75.55377674949685,-87.11535407079332,523.588
885,22,5,66.54276281901238,-87.11535407079332,523.239
886,22,6,57.53509568122123,-87.11535407079332,522.384
887,22,7,48.530860713488,-87.1153609009825,521.216
888,22,8,39.530122802609824,-87.1153609009825,519.968
889,22,9,30.532905854248792,-87.1153609009825,518.877
890,22,10,21.539184255195508,-87.1153609009825,518.166
891,22,11,12.548903363936619,-87.1153609009825,518.015
892,22,12,3.561936181642245,-87.1153609009825,518.541
893,22,13,-5.421887406086631,-87.1153609009825,519.789
894,22,14,-14.40280111978567,-87.1153609009825,521.72
895,22,15,-23.38115820830101,-87.1153609009825,524.216
896,22,16,-32.35735866458592,-87.1153609009825,527.091
897,22,17,-41.33188572452417,-87.1153609009825,530.104
898,22,18,-50.305347274951906,-87.1153609009825,532.982
899,22,19,-59.278385353651096,-87.11536773117166,535.45
900,22,20,-68.2517171304846,-87.11536773117166,537.251
901,22,21,-77.22605977531526,-87.11537456136084,538.178
902,22,22,-86.2022055900868,-87.11539505192835,538.088
903,22,23,-84.81912643410507,92.88466459854135,536.924
904,22,24,-75.8372705811874,92.884650938163,534.719
905,22,25,-66.85164446384788,92.88464410797384,531.595
906,22,26,-57.86172215752041,92.88464410797384,527.755
907,22,27,-48.867247530111136,92.88464410797384,523.463
908,22,28,-39.86796103443158,92.88464410797384,519.024
909,22,29,-30.86386950067093,92.88464410797384,514.756
910,22,30,-21.855126608085495,92.88463727778468,510.962
911,22,31,-12.84203117745147,92.88463727778468,507.9
912,22,32,-3.82503015927267,92.88463727778468,505.766
913,22,33,5.195312102070737,92.88463727778468,504.674
914,22,34,14.218313441435395,92.88463727778468,504.646
915,22,35,23.24331645311369,92.88463727778468,505.614
916,22,36,32.269549752616236,92.88463727778468,507.428
917,22,37,41.29628336347548,92.88463727778468,509.871
918,22,38,50.32280865356504,92.88463727778468,512.68
919,22,39,59.3484699247246,92.88463727778468,515.576
920,23,0,72.88408802937064,101.8846341131379,519.5
921,23,1,81.9052174700159,101.88462728294873,521.516
922,23,2,89.07620575885561,-78.11520014108918,522.878
923,23,3,80.060485828033,-78.11534357506174,523.527
924,23,4,71.04785997290442,-78.11535040525092,523.487
925,23,5,62.03850577838827,-78.11535040525092,522.864
926,23,6,53.03253935770044,-78.11535040525092,521.825
927,23,7,44.030052918394745,-78.11535723544009,520.587
928,23,8,35.03107719632243,-78.11535723544009,519.388
929,23,9,26.035610483936207,-78.11535723544009,518.462
930,23,10,17.043623752932106,-78.11535723544009,518.011
931,23,11,8.05501455047258,-78.11535723544009,518.188
932,23,12,-0.9303481776970762,-78.11535723544009,519.075
933,23,13,-9.912680863196185,-78.11535723544009,520.674
934,23,14,-18.892277631045882,-78.11535723544009,522.908
935,23,15,-27.869499200611706,-78.11535723544009,525.621
936,23,16,-36.84480319456805,-78.11535723544009,528.597
937,23,17,-45.818712122386415,-78.11535723544009,531.577
938,23,18,-54.791876559585255,-78.11535723544009,534.284
939,23,19,-63.76497269489239,-78.11536406562927,536.448
940,23,20,-72.73870745288693,-78.11536406562927,537.834
941,23,21,-81.71386289022882,-78.11537089581843,538.265
942,23,22,-89.30882151141873,101.88485267919134,537.64
943,23,23,-80.3286390548477,101.88465460370541,535.946
944,23,24,-71.3449663716108,101.88464777351625,533.261
945,23,25,-62.35722972581774,101.88464777351625,529.749
946,23,26,-53.36509102310461,101.88464777351625,525.647
947,23,27,-44.36820533891832,101.88464777351625,521.242
948,23,28,-35.36651120155634,101.88464777351625,516.849
949,23,29,-26.360064960079324,101.88464777351625,512.782
950,23,30,-17.349097133371757,101.88464094332707,509.325
951,23,31,-8.333985943158934,101.88464094332707,506.708
952,23,32,0.6847625895911853,101.88464094332707,505.086
953,23,33,9.706533801214153,101.88464094332707,504.529
954,23,34,18.73061388358085,101.88464094332707,505.013
955,23,35,27.75632638115918,101.88464094332707,506.428
956,23,36,36.78290119012022,101.88464094332707,508.587
957,23,37,45.80961431041196,101.88464094332707,511.247
958,23,38,54.83578443066468,101.88464094332707,514.135
959,23,39,63.8607934187585,101.88464094332707,516.971
960,24,0,68.37267978068552,110.8846377786803,518.288
961,24,1,77.39494986292216,110.8846377786803,520.583
962,24,2,86.41484303932765,110.88460362773445,522.284
963,24,3,84.56797354813453,-69.115326249141,523.292
964,24,4,75.55377674949685,-69.11534673970851,523.588
965,24,5,66.54276281901238,-69.11534673970851,523.239
966,24,6,57.53509568122123,-69.11534673970851,522.384
967,24,7,48.530860713488,-69.11535356989769,521.216
968,24,8,39.530122802609824,-69.11535356989769,519.968
969,24,9,30.532905854248792,-69.11535356989769,518.877
970,24,10,21.539184255195508,-69.11535356989769,518.166
971,24,11,12.548903363936619,-69.11535356989769,518.015
972,24,12,3.561936181642245,-69.11535356989769,518.541
973,24,13,-5.421887406086631,-69.11535356989769,519.789
974,24,14,-14.40280111978567,-69.11535356989769,521.72
975,24,15,-23.38115820830101,-69.11535356989769,524.216
976,24,16,-32.35735866458592,-69.11535356989769,527.091
977,24,17,-41.33188572452417,-69.11535356989769,530.104
978,24,18,-50.305347274951906,-69.11535356989769,532.982
979,24,19,-59.278385353651096,-69.11536040008686,535.45
980,24,20,-68.2517171304846,-69.11536040008686,537.251
981,24,21,-77.22605977531526,-69.11536723027602,538.178
982,24,22,-86.2022055900868,-69.11538772084354,538.088
983,24,23,-84.81912643410507,110.88467192962615,536.924
984,24,24,-75.8372705811874,110.88465826924782,534.719
985,24,25,-66.85164446384788,110.88465143905864,531.595
986,24,26,-57.86172215752041,110.88465143905864,527.755
987,24,27,-48.867247530111136,110.88465143905864,523.463
988,24,28,-39.86796103443158,110.88465143905864,519.024
989,24,29,-30.86386950067093,110.88465143905864,514.756
990,24,30,-21.855126608085495,110.88464460886948,510.962
991,24,31,-12.84203117745147,110.88464460886948,507.9
992,24,32,-3.82503015927267,110.88464460886948,505.766
993,24,33,5.195312102070737,110.88464460886948,504.674
994,24,34,14.218313441435395,110.88464460886948,504.646
995,24,35,23.24331645311369,110.88464460886948,505.614
996,24,36,32.269549752616236,110.88464460886948,507.428
997,24,37,41.29628336347548,110.88464460886948,509.871
998,24,38,50.32280865356504,110.88464460886948,512.68
999,24,39,59.3484699247246,110.88464460886948,515.576
1000,25,0,72.88408802937064,119.88462778384437,519.5
1001,25,1,81.9052174700159,119.88461412346602,521.516
1002,25,2,89.07620575885561,-60.11520647038272,522.878
1003,25,3,80.060485828033,-60.115349904355284,523.527
1004,25,4,71.04785997290442,-60.115356734544456,523.487
1005,25,5,62.03850577838827,-60.115356734544456,522.864
1006,25,6,53.03253935770044,-60.115356734544456,521.825
1007,25,7,44.030052918394745,-60.11536356473363,520.587
1008,25,8,35.03107719632243,-60.11536356473363,519.388
1009,25,9,26.035610483936207,-60.11536356473363,518.462
1010,25,10,17.043623752932106,-60.11536356473363,518.011
1011,25,11,8.05501455047258,-60.11536356473363,518.188
1012,25,12,-0.9303481776970762,-60.11536356473363,519.075
1013,25,13,-9.912680863196185,-60.11536356473363,520.674
1014,25,14,-18.892277631045882,-60.11536356473363,522.908
1015,25,15,-27.869499200611706,-60.11536356473363,525.621
1016,25,16,-36.84480319456805,-60.11536356473363,528.597
1017,25,17,-45.818712122386415,-60.11536356473363,531.577
1018,25,18,-54.791876559585255,-60.11536356473363,534.284
1019,25,19,-63.76497269489239,-60.1153703949228,536.448
1020,25,20,-72.73870745288693,-60.1153703949228,537.834
1021,25,21,-81.71386289022882,-60.11537722511196,538.265
1022,25,22,-89.30882151141873,119.88484634989781,537.64
1023,25,23,-80.3286390548477,119.88465510460105,535.946
1024,25,24,-71.3449663716108,119.88464144422271,533.261
1025,25,25,-62.35722972581774,119.88464144422271,529.749
1026,25,26,-53.36509102310461,119.88464144422271,525.647
1027,25,27,-44.36820533891832,119.88464144422271,521.242
1028,25,28,-35.36651120155634,119.88464144422271,516.849
1029,25,29,-26.360064960079324,119.88464144422271,512.782
1030,25,30,-17.349097133371757,119.88464144422271,509.325
1031,25,31,-8.333985943158934,119.88464144422271,506.708
1032,25,32,0.6847625895911853,119.88464144422271,505.086
1033,25,33,9.706533801214153,119.88464144422271,504.529
1034,25,34,18.73061388358085,119.88464144422271,505.013
1035,25,35,27.75632638115918,119.88464144422271,506.428
1036,25,36,36.78290119012022,119.88464144422271,508.587
1037,25,37,45.80961431041196,119.88462778384437,511.247
1038,25,38,54.83578443066468,119.88462778384437,514.135
1039,25,39,63.8607934187585,119.88462778384437,516.971
1040,26,0,68.37267978068552,128.8846451097651,518.288
1041,26,1,77.39494986292216,128.8846451097651,520.583
1042,26,2,86.41484303932765,128.88461778900842,522.284
1043,26,3,84.56797354813453,-51.115318918056204,523.292
1044,26,4,75.55377674949685,-51.11533599352913,523.588
1045,26,5,66.54276281901238,-51.11533940862371,523.239
1046,26,6,57.53509568122123,-51.1153428237183,522.384
1047,26,7,48.530860713488,-51.1153428237183,521.216
1048,26,8,39.530122802609824,-51.1153428237183,519.968
1049,26,9,30.532905854248792,-51.1153428237183,518.877
1050,26,10,21.539184255195508,-51.11534623881288,518.166
1051,26,11,12.548903363936619,-51.11534623881288,518.015
1052,26,12,3.561936181642245,-51.11534623881288,518.541
1053,26,13,-5.421887406086631,-51.11534623881288,519.789
1054,26,14,-14.40280111978567,-51.11534623881288,521.72
1055,26,15,-23.38115820830101,-51.11534623881288,524.216
1056,26,16,-32.35735866458592,-51.11534623881288,527.091
1057,26,17,-41.33188572452417,-51.11534965390747,530.104
1058,26,18,-50.305347274951906,-51.11534965390747,532.982
1059,26,19,-59.278385353651096,-51.11534965390747,535.45
1060,26,20,-68.2517171304846,-51.115353069002055,537.251
1061,26,21,-77.22605977531526,-51.11535648409664,538.178
1062,26,22,-86.2022055900868,-51.11538380485332,538.088
1063,26,23,-84.81912643410507,128.88468609090012,536.924
1064,26,24,-75.8372705811874,128.88465877014346,534.719
1065,26,25,-66.85164446384788,128.88465877014346,531.595
1066,26,26,-57.86172215752041,128.88465877014346,527.755
1067,26,27,-48.867247530111136,128.88465877014346,523.463
1068,26,28,-39.86796103443158,128.88465877014346,519.024
1069,26,29,-30.86386950067093,128.88465877014346,514.756
1070,26,30,-21.855126608085495,128.88465877014346,510.962
1071,26,31,-12.84203117745147,128.88465877014346,507.9
1072,26,32,-3.82503015927267,128.88465877014346,505.766
1073,26,33,5.195312102070737,128.88465877014346,504.674
1074,26,34,14.218313441435395,128.88465877014346,504.646
1075,26,35,23.24331645311369,128.88465877014346,505.614
1076,26,36,32.269549752616236,128.88465877014346,507.428
1077,26,37,41.29628336347548,128.88465877014346,509.871
1078,26,38,50.32280865356504,128.8846451097651,512.68
1079,26,39,59.3484699247246,128.8846451097651,515.576
1080,27,0,72.88408802937064,137.88462145455082,519.5
1081,27,1,81.9052174700159,137.8846077941725,521.516
1082,27,2,89.07620575885561,-42.11521279967625,522.878
1083,27,3,80.060485828033,-42.115356233648825,523.527
1084,27,4,71.04785997290442,-42.115363063838,523.487
1085,27,5,62.03850577838827,-42.115363063838,522.864
1086,27,6,53.03253935770044,-42.11536647893258,521.825
1087,27,7,44.030052918394745,-42.11536647893258,520.587
1088,27,8,35.03107719632243,-42.11536647893258,519.388
1089,27,9,26.035610483936207,-42.11536989402716,518.462
1090,27,10,17.043623752932106,-42.11536989402716,518.011
1091,27,11,8.05501455047258,-42.11536989402716,518.188
1092,27,12,-0.9303481776970762,-42.11536989402716,519.075
1093,27,13,-9.912680863196185,-42.11536989402716,520.674
1094,27,14,-18.892277631045882,-42.11536989402716,522.908
1095,27,15,-27.869499200611706,-42.11536989402716,525.621
1096,27,16,-36.84480319456805,-42.11536989402716,528.597
1097,27,17,-45.818712122386415,-42.11537330912175,531.577
1098,27,18,-54.791876559585255,-42.11537330912175,534.284
1099,27,19,-63.76497269489239,-42.11537330912175,536.448
1100,27,20,-72.73870745288693,-42.11537672421633,537.834
1101,27,21,-81.71386289022882,-42.115386969500086,538.265
1102,27,22,-89.30882151141873,137.88484002060426,537.64
1103,27,23,-80.3286390548477,137.8846487753075,535.946
1104,27,24,-71.3449663716108,137.88463511492918,533.261
1105,27,25,-62.35722972581774,137.88463511492918,529.749
1106,27,26,-53.36509102310461,137.88463511492918,525.647
1107,27,27,-44.36820533891832,137.88463511492918,521.242
1108,27,28,-35.36651120155634,137.88463511492918,516.849
1109,27,29,-26.360064960079324,137.88463511492918,512.782
1110,27,30,-17.349097133371757,137.88463511492918,509.325
1111,27,31,-8.333985943158934,137.88463511492918,506.708
1112,27,32,0.6847625895911853,137.88463511492918,505.086
1113,27,33,9.706533801214153,137.88463511492918,504.529
1114,27,34,18.73061388358085,137.88463511492918,505.013
1115,27,35,27.75632638115918,137.88463511492918,506.428
1116,27,36,36.78290119012022,137.88463511492918,508.587
1117,27,37,45.80961431041196,137.88462145455082,511.247
1118,27,38,54.83578443066468,137.88462145455082,514.135
1119,27,39,63.8607934187585,137.88462145455082,516.971
1120,28,0,68.37267978068552,146.88462512009323,518.288
1121,28,1,77.39494986292216,146.88462512009323,520.583
1122,28,2,86.41484303932765,146.88459779933655,522.284
1123,28,3,84.56797354813453,-33.11533890772808,523.292
1124,28,4,75.55377674949685,-33.115355983201006,523.588
1125,28,5,66.54276281901238,-33.11535939829559,523.239
1126,28,6,57.53509568122123,-33.11536281339018,522.384
1127,28,7,48.530860713488,-33.11536281339018,521.216
1128,28,8,39.530122802609824,-33.11536281339018,519.968
1129,28,9,30.532905854248792,-33.11536281339018,518.877
1130,28,10,21.539184255195508,-33.11536622848476,518.166
1131,28,11,12.548903363936619,-33.11536622848476,518.015
1132,28,12,3.561936181642245,-33.11536622848476,518.541
1133,28,13,-5.421887406086631,-33.11536622848476,519.789
1134,28,14,-14.40280111978567,-33.11536622848476,521.72
1135,28,15,-23.38115820830101,-33.11536622848476,524.216
1136,28,16,-32.35735866458592,-33.11536622848476,527.091
1137,28,17,-41.33188572452417,-33.11536964357935,530.104
1138,28,18,-50.305347274951906,-33.11536964357935,532.982
1139,28,19,-59.278385353651096,-33.11536964357935,535.45
1140,28,20,-68.2517171304846,-33.11537305867393,537.251
1141,28,21,-77.22605977531526,-33.115376473768514,538.178
1142,28,22,-86.2022055900868,-33.1154037945252,538.088
1143,28,23,-84.81912643410507,146.88466610122825,536.924
1144,28,24,-75.8372705811874,146.88463878047156,534.719
1145,28,25,-66.85164446384788,146.88463878047156,531.595
1146,28,26,-57.86172215752041,146.88463878047156,527.755
1147,28,27,-48.867247530111136,146.88463878047156,523.463
1148,28,28,-39.86796103443158,146.88463878047156,519.024
1149,28,29,-30.86386950067093,146.88463878047156,514.756
1150,28,30,-21.855126608085495,146.88463878047156,510.962
1151,28,31,-12.84203117745147,146.88463878047156,507.9
1152,28,32,-3.82503015927267,146.88463878047156,505.766
1153,28,33,5.195312102070737,146.88463878047156,504.674
1154,28,34,14.218313441435395,146.88463878047156,504.646
1155,28,35,23.24331645311369,146.88463878047156,505.614
1156,28,36,32.269549752616236,146.88463878047156,507.428
1157,28,37,41.29628336347548,146.88463878047156,509.871
1158,28,38,50.32280865356504,146.88462512009323,512.68
1159,28,39,59.3484699247246,146.88462512009323,515.576
1160,29,0,72.88408802937064,155.88462878563564,519.5
1161,29,1,81.9052174700159,155.88461512525728,521.516
1162,29,2,89.07620575885561,-24.115207176138743,522.878
1163,29,3,80.060485828033,-24.115347195016728,523.527
1164,29,4,71.04785997290442,-24.115354025205896,523.487
1165,29,5,62.03850577838827,-24.115357440300482,522.864
1166,29,6,53.03253935770044,-24.115359147847776,521.825
1167,29,7,44.030052918394745,-24.115359147847776,520.587
1168,29,8,35.03107719632243,-24.115360855395068,519.388
1169,29,9,26.035610483936207,-24.115360855395068,518.462
1170,29,10,17.043623752932106,-24.115360855395068,518.011
1171,29,11,8.05501455047258,-24.11536256294236,518.188
1172,29,12,-0.9303481776970762,-24.11536256294236,519.075
1173,29,13,-9.912680863196185,-24.11536256294236,520.674
1174,29,14,-18.892277631045882,-24.11536256294236,522.908
1175,29,15,-27.869499200611706,-24.115364270489653,525.621
1176,29,16,-36.84480319456805,-24.115364270489653,528.597
1177,29,17,-45.818712122386415,-24.115364270489653,531.577
1178,29,18,-54.791876559585255,-24.115365978036944,534.284
1179,29,19,-63.76497269489239,-24.115367685584236,536.448
1180,29,20,-72.73870745288693,-24.11536939313153,537.834
1181,29,21,-81.71386289022882,-24.115379638415284,538.265
1182,29,22,-89.30882151141873,155.88484735168907,537.64
1183,29,23,-80.3286390548477,155.88465610639233,535.946
1184,29,24,-71.3449663716108,155.88464244601397,533.261
1185,29,25,-62.35722972581774,155.88464244601397,529.749
1186,29,26,-53.36509102310461,155.88464244601397,525.647
1187,29,27,-44.36820533891832,155.88464244601397,521.242
1188,29,28,-35.36651120155634,155.88464244601397,516.849
1189,29,29,-26.360064960079324,155.88464244601397,512.782
1190,29,30,-17.349097133371757,155.88464244601397,509.325
1191,29,31,-8.333985943158934,155.88464244601397,506.708
1192,29,32,0.6847625895911853,155.88464244601397,505.086
1193,29,33,9.706533801214153,155.88464244601397,504.529
1194,29,34,18.73061388358085,155.88464244601397,505.013
1195,29,35,27.75632638115918,155.88464244601397,506.428
1196,29,36,36.78290119012022,155.88464244601397,508.587
1197,29,37,45.80961431041196,155.88462878563564,511.247
1198,29,38,54.83578443066468,155.88462878563564,514.135
1199,29,39,63.8607934187585,155.88462878563564,516.971
1200,30,0,68.37267978068552,164.88463245117805,518.288
1201,30,1,77.39494986292216,164.88463245117805,520.583
1202,30,2,86.41484303932765,164.88460513042136,522.284
1203,30,3,84.56797354813453,-15.115331576643278,523.292
1204,30,4,75.55377674949685,-15.115348652116204,523.588
1205,30,5,66.54276281901238,-15.115352067210788,523.239
1206,30,6,57.53509568122123,-15.11535377475808,522.384
1207,30,7,48.530860713488,-15.115355482305374,521.216
1208,30,8,39.530122802609824,-15.115357189852666,519.968
1209,30,9,30.532905854248792,-15.115357189852666,518.877
1210,30,10,21.539184255195508,-15.115357189852666,518.166
1211,30,11,12.548903363936619,-15.115357189852666,518.015
1212,30,12,3.561936181642245,-15.115358897399958,518.541
1213,30,13,-5.421887406086631,-15.115358897399958,519.789
1214,30,14,-14.40280111978567,-15.115358897399958,521.72
1215,30,15,-23.38115820830101,-15.115358897399958,524.216
1216,30,16,-32.35735866458592,-15.11536060494725,527.091
1217,30,17,-41.33188572452417,-15.11536060494725,530.104
1218,30,18,-50.305347274951906,-15.115362312494543,532.982
1219,30,19,-59.278385353651096,-15.115362312494543,535.45
1220,30,20,-68.2517171304846,-15.115364020041836,537.251
1221,30,21,-77.22605977531526,-15.115369142683713,538.178
1222,30,22,-86.2022055900868,-15.115396463440394,538.088
1223,30,23,-84.81912643410507,164.88467343231306,536.924
1224,30,24,-75.8372705811874,164.88464611155638,534.719
1225,30,25,-66.85164446384788,164.88464611155638,531.595
1226,30,26,-57.86172215752041,164.88464611155638,527.755
1227,30,27,-48.867247530111136,164.88464611155638,523.463
1228,30,28,-39.86796103443158,164.88464611155638,519.024
1229,30,29,-30.86386950067093,164.88464611155638,514.756
1230,30,30,-21.855126608085495,164.88464611155638,510.962
1231,30,31,-12.84203117745147,164.88464611155638,507.9
1232,30,32,-3.82503015927267,164.88464611155638,505.766
1233,30,33,5.195312102070737,164.88464611155638,504.674
1234,30,34,14.218313441435395,164.88464611155638,504.646
1235,30,35,23.24331645311369,164.88464611155638,505.614
1236,30,36,32.269549752616236,164.88464611155638,507.428
1237,30,37,41.29628336347548,164.88464611155638,509.871
1238,30,38,50.32280865356504,164.88463245117805,512.68
1239,30,39,59.3484699247246,164.88463245117805,515.576
1240,31,0,72.88408802937064,173.88463611672043,519.5
1241,31,1,81.9052174700159,173.8846224563421,521.516
1242,31,2,89.07620575885561,-6.115199418167116,522.878
1243,31,3,80.060485828033,-6.115340290818747,523.527
1244,31,4,71.04785997290442,-6.11534754789474,523.487
1245,31,5,62.03850577838827,-6.115350109215679,522.864
1246,31,6,53.03253935770044,-6.115351389876149,521.825
1247,31,7,44.030052918394745,-6.115352243649794,520.587
1248,31,8,35.03107719632243,-6.115353097423441,519.388
1249,31,9,26.035610483936207,-6.115353524310264,518.462
1250,31,10,17.043623752932106,-6.115353951197087,518.011
1251,31,11,8.05501455047258,-6.11535437808391,518.188
1252,31,12,-0.9303481776970762,-6.115354804970734,519.075
1253,31,13,-9.912680863196185,-6.115355231857556,520.674
1254,31,14,-18.892277631045882,-6.11535565874438,522.908
1255,31,15,-27.869499200611706,-6.115356085631203,525.621
1256,31,16,-36.84480319456805,-6.115356512518026,528.597
1257,31,17,-45.818712122386415,-6.115357366291672,531.577
1258,31,18,-54.791876559585255,-6.1153582200653185,534.284
1259,31,19,-63.76497269489239,-6.1153599276126105,536.448
1260,31,20,-72.73870745288693,-6.115362915820373,537.834
1261,31,21,-81.71386289022882,-6.115371880443658,538.265
1262,31,22,-89.30882151141873,173.8848546827739,537.64
1263,31,23,-80.3286390548477,173.88466343747712,535.946
1264,31,24,-71.3449663716108,173.8846497770988,533.261
1265,31,25,-62.35722972581774,173.8846497770988,529.749
1266,31,26,-53.36509102310461,173.8846497770988,525.647
1267,31,27,-44.36820533891832,173.8846497770988,521.242
1268,31,28,-35.36651120155634,173.8846497770988,516.849
1269,31,29,-26.360064960079324,173.8846497770988,512.782
1270,31,30,-17.349097133371757,173.8846497770988,509.325
1271,31,31,-8.333985943158934,173.8846497770988,506.708
1272,31,32,0.6847625895911853,173.8846497770988,505.086
1273,31,33,9.706533801214153,173.8846497770988,504.529
1274,31,34,18.73061388358085,173.8846497770988,505.013
1275,31,35,27.75632638115918,173.8846497770988,506.428
1276,31,36,36.78290119012022,173.8846497770988,508.587
1277,31,37,45.80961431041196,173.88463611672043,511.247
1278,31,38,54.83578443066468,173.88463611672043,514.135
1279,31,39,63.8607934187585,173.88463611672043,516.971
1280,32,0,68.37267978068552,-177.11535657527148,518.288
1281,32,1,77.39494986292216,-177.11535657527148,520.583
1282,32,2,86.41484303932765,-177.11539755640652,522.284
1283,32,3,84.56797354813453,2.884675327554702,523.292
1284,32,4,75.55377674949685,2.8846586789686004,523.588
1285,32,5,66.54276281901238,2.8846546235437804,523.239
1286,32,6,57.53509568122123,2.884652915996488,522.384
1287,32,7,48.530860713488,2.8846516353360188,521.216
1288,32,8,39.530122802609824,2.884650995005784,519.968
1289,32,9,30.532905854248792,2.884650354675549,518.877
1290,32,10,21.539184255195508,2.8846499277887263,518.166
1291,32,11,12.548903363936619,2.884649500901903,518.015
1292,32,12,3.561936181642245,2.88464907401508,518.541
1293,32,13,-5.421887406086631,2.8846486471282566,519.789
1294,32,14,-14.40280111978567,2.884648220241434,521.72
1295,32,15,-23.38115820830101,2.8846477933546106,524.216
1296,32,16,-32.35735866458592,2.8846473664677874,527.091
1297,32,17,-41.33188572452417,2.884646726137553,530.104
1298,32,18,-50.305347274951906,2.8846458723639063,532.982
1299,32,19,-59.278385353651096,2.884644591703437,535.45
1300,32,20,-68.2517171304846,2.884642670712733,537.251
1301,32,21,-77.22605977531526,2.884637761514267,538.178
1302,32,22,-86.2022055900868,2.884611081087822,538.088
1303,32,23,-84.81912643410507,-177.11532925451482,536.924
1304,32,24,-75.8372705811874,-177.11534291489315,534.719
1305,32,25,-66.85164446384788,-177.11534291489315,531.595
1306,32,26,-57.86172215752041,-177.11534291489315,527.755
1307,32,27,-48.867247530111136,-177.11534291489315,523.463
1308,32,28,-39.86796103443158,-177.11534291489315,519.024
1309,32,29,-30.86386950067093,-177.11534291489315,514.756
1310,32,30,-21.855126608085495,-177.11535657527148,510.962
1311,32,31,-12.84203117745147,-177.11535657527148,507.9
1312,32,32,-3.82503015927267,-177.11535657527148,505.766
1313,32,33,5.195312102070737,-177.11535657527148,504.674
1314,32,34,14.218313441435395,-177.11535657527148,504.646
1315,32,35,23.24331645311369,-177.11535657527148,505.614
1316,32,36,32.269549752616236,-177.11535657527148,507.428
1317,32,37,41.29628336347548,-177.11535657527148,509.871
1318,32,38,50.32280865356504,-177.11535657527148,512.68
1319,32,39,59.3484699247246,-177.11535657527148,515.576
1320,33,0,72.88408802937064,-168.1153529097291,519.5
1321,33,1,81.9052174700159,-168.11536657010743,521.516
1322,33,2,89.07620575885561,11.884808339804511,522.878
1323,33,3,80.060485828033,11.884666613379233,523.527
1324,33,4,71.04785997290442,11.884659783190063,523.487
1325,33,5,62.03850577838827,11.884657221869125,522.864
1326,33,6,53.03253935770044,11.884655514321832,521.825
1327,33,7,44.030052918394745,11.884654660548186,520.587
1328,33,8,35.03107719632243,11.884654660548186,519.388
1329,33,9,26.035610483936207,11.884653806774539,518.462
1330,33,10,17.043623752932106,11.884652953000893,518.011
1331,33,11,8.05501455047258,11.884652953000893,518.188
1332,33,12,-0.9303481776970762,11.884652099227248,519.075
1333,33,13,-9.912680863196185,11.884652099227248,520.674
1334,33,14,-18.892277631045882,11.884652099227248,522.908
1335,33,15,-27.869499200611706,11.8846512454536,525.621
1336,33,16,-36.84480319456805,11.884650391679955,528.597
1337,33,17,-45.818712122386415,11.884650391679955,531.577
1338,33,18,-54.791876559585255,11.884648684132662,534.284
1339,33,19,-63.76497269489239,11.884647830359016,536.448
1340,33,20,-72.73870745288693,11.88464441526443,537.834
1341,33,21,-81.71386289022882,11.884635023754322,538.265
1342,33,22,-89.30882151141873,-168.11513434367563,537.64
1343,33,23,-80.3286390548477,-168.11533924935074,535.946
1344,33,24,-71.3449663716108,-168.11533924935074,533.261
1345,33,25,-62.35722972581774,-168.11533924935074,529.749
1346,33,26,-53.36509102310461,-168.11533924935074,525.647
1347,33,27,-44.36820533891832,-168.11533924935074,521.242
1348,33,28,-35.36651120155634,-168.11533924935074,516.849
1349,33,29,-26.360064960079324,-168.1153529097291,512.782
1350,33,30,-17.349097133371757,-168.1153529097291,509.325
1351,33,31,-8.333985943158934,-168.1153529097291,506.708
1352,33,32,0.6847625895911853,-168.1153529097291,505.086
1353,33,33,9.706533801214153,-168.1153529097291,504.529
1354,33,34,18.73061388358085,-168.1153529097291,505.013
1355,33,35,27.75632638115918,-168.1153529097291,506.428
1356,33,36,36.78290119012022,-168.1153529097291,508.587
1357,33,37,45.80961431041196,-168.1153529097291,511.247
1358,33,38,54.83578443066468,-168.1153529097291,514.135
1359,33,39,63.8607934187585,-168.1153529097291,516.971
1360,34,0,68.37267978068552,-159.11537656494338,518.288
1361,34,1,77.39494986292216,-159.11537656494338,520.583
1362,34,2,86.41484303932765,-159.1154175460784,522.284
1363,34,3,84.56797354813453,20.884655764769647,523.292
1364,34,4,75.55377674949685,20.884638689296725,523.588
1365,34,5,66.54276281901238,20.88463527420214,523.239
1366,34,6,57.53509568122123,20.884633566654845,522.384
1367,34,7,48.530860713488,20.884631859107554,521.216
1368,34,8,39.530122802609824,20.884630151560263,519.968
1369,34,9,30.532905854248792,20.884630151560263,518.877
1370,34,10,21.539184255195508,20.884630151560263,518.166
1371,34,11,12.548903363936619,20.884630151560263,518.015
1372,34,12,3.561936181642245,20.884628444012968,518.541
1373,34,13,-5.421887406086631,20.884628444012968,519.789
1374,34,14,-14.40280111978567,20.884628444012968,521.72
1375,34,15,-23.38115820830101,20.884628444012968,524.216
1376,34,16,-32.35735866458592,20.884626736465677,527.091
1377,34,17,-41.33188572452417,20.884626736465677,530.104
1378,34,18,-50.305347274951906,20.884625028918382,532.982
1379,34,19,-59.278385353651096,20.884625028918382,535.45
1380,34,20,-68.2517171304846,20.88462332137109,537.251
1381,34,21,-77.22605977531526,20.884618198729214,538.178
1382,34,22,-86.2022055900868,20.884590877972535,538.088
1383,34,23,-84.81912643410507,-159.1153492441867,536.924
1384,34,24,-75.8372705811874,-159.11536290456502,534.719
1385,34,25,-66.85164446384788,-159.11536290456502,531.595
1386,34,26,-57.86172215752041,-159.11536290456502,527.755
1387,34,27,-48.867247530111136,-159.11536290456502,523.463
1388,34,28,-39.86796103443158,-159.11536290456502,519.024
1389,34,29,-30.86386950067093,-159.11536290456502,514.756
1390,34,30,-21.855126608085495,-159.11537656494338,510.962
1391,34,31,-12.84203117745147,-159.11537656494338,507.9
1392,34,32,-3.82503015927267,-159.11537656494338,505.766
1393,34,33,5.195312102070737,-159.11537656494338,504.674
1394,34,34,14.218313441435395,-159.11537656494338,504.646
1395,34,35,23.24331645311369,-159.11537656494338,505.614
1396,34,36,32.269549752616236,-159.11537656494338,507.428
1397,34,37,41.29628336347548,-159.11537656494338,509.871
1398,34,38,50.32280865356504,-159.11537656494338,512.68
1399,34,39,59.3484699247246,-159.11537656494338,515.576
1400,35,0,72.88408802937064,-150.11537289940097,519.5
1401,35,1,81.9052174700159,-150.1153865597793,521.516
1402,35,2,89.07620575885561,29.88478920390628,522.878
1403,35,3,80.060485828033,29.88464576993371,523.527
1404,35,4,71.04785997290442,29.88463893974454,523.487
1405,35,5,62.03850577838827,29.88463893974454,522.864
1406,35,6,53.03253935770044,29.884635524649955,521.825
1407,35,7,44.030052918394745,29.884635524649955,520.587
1408,35,8,35.03107719632243,29.884635524649955,519.388
1409,35,9,26.035610483936207,29.88463210955537,518.462
1410,35,10,17.043623752932106,29.88463210955537,518.011
1411,35,11,8.05501455047258,29.88463210955537,518.188
1412,35,12,-0.9303481776970762,29.88463210955537,519.075
1413,35,13,-9.912680863196185,29.88463210955537,520.674
1414,35,14,-18.892277631045882,29.88463210955537,522.908
1415,35,15,-27.869499200611706,29.88463210955537,525.621
1416,35,16,-36.84480319456805,29.88463210955537,528.597
1417,35,17,-45.818712122386415,29.884628694460787,531.577
1418,35,18,-54.791876559585255,29.884628694460787,534.284
1419,35,19,-63.76497269489239,29.884628694460787,536.448
1420,35,20,-72.73870745288693,29.8846252793662,537.834
1421,35,21,-81.71386289022882,29.884615034082444,538.265
1422,35,22,-89.30882151141873,-150.11515433334753,537.64
1423,35,23,-80.3286390548477,-150.1153592390226,535.946
1424,35,24,-71.3449663716108,-150.1153592390226,533.261
1425,35,25,-62.35722972581774,-150.1153592390226,529.749
1426,35,26,-53.36509102310461,-150.1153592390226,525.647
1427,35,27,-44.36820533891832,-150.1153592390226,521.242
1428,35,28,-35.36651120155634,-150.1153592390226,516.849
1429,35,29,-26.360064960079324,-150.11537289940097,512.782
1430,35,30,-17.349097133371757,-150.11537289940097,509.325
1431,35,31,-8.333985943158934,-150.11537289940097,506.708
1432,35,32,0.6847625895911853,-150.11537289940097,505.086
1433,35,33,9.706533801214153,-150.11537289940097,504.529
1434,35,34,18.73061388358085,-150.11537289940097,505.013
1435,35,35,27.75632638115918,-150.11537289940097,506.428
1436,35,36,36.78290119012022,-150.11537289940097,508.587
1437,35,37,45.80961431041196,-150.11537289940097,511.247
1438,35,38,54.83578443066468,-150.11537289940097,514.135
1439,35,39,63.8607934187585,-150.11537289940097,516.971
1440,36,0,68.37267978068552,-141.11536923385856,518.288
1441,36,1,77.39494986292216,-141.11536923385856,520.583
1442,36,2,86.41484303932765,-141.11541021499357,522.284
1443,36,3,84.56797354813453,38.88466309585445,523.292
1444,36,4,75.55377674949685,38.884646020381524,523.588
1445,36,5,66.54276281901238,38.88464260528694,523.239
1446,36,6,57.53509568122123,38.88463919019236,522.384
1447,36,7,48.530860713488,38.88463919019236,521.216
1448,36,8,39.530122802609824,38.88463919019236,519.968
1449,36,9,30.532905854248792,38.88463919019236,518.877
1450,36,10,21.539184255195508,38.88463577509777,518.166
1451,36,11,12.548903363936619,38.88463577509777,518.015
1452,36,12,3.561936181642245,38.88463577509777,518.541
1453,36,13,-5.421887406086631,38.88463577509777,519.789
1454,36,14,-14.40280111978567,38.88463577509777,521.72
1455,36,15,-23.38115820830101,38.88463577509777,524.216
1456,36,16,-32.35735866458592,38.88463577509777,527.091
1457,36,17,-41.33188572452417,38.88463236000319,530.104
1458,36,18,-50.305347274951906,38.88463236000319,532.982
1459,36,19,-59.278385353651096,38.88463236000319,535.45
1460,36,20,-68.2517171304846,38.8846289449086,537.251
1461,36,21,-77.22605977531526,38.884625529814016,538.178
1462,36,22,-86.2022055900868,38.88459820905734,538.088
1463,36,23,-84.81912643410507,-141.11534191310187,536.924
1464,36,24,-75.8372705811874,-141.11535557348023,534.719
1465,36,25,-66.85164446384788,-141.11535557348023,531.595
1466,36,26,-57.86172215752041,-141.11535557348023,527.755
1467,36,27,-48.867247530111136,-141.11535557348023,523.463
1468,36,28,-39.86796103443158,-141.11535557348023,519.024
1469,36,29,-30.86386950067093,-141.11535557348023,514.756
1470,36,30,-21.855126608085495,-141.11536923385856,510.962
1471,36,31,-12.84203117745147,-141.11536923385856,507.9
1472,36,32,-3.82503015927267,-141.11536923385856,505.766
1473,36,33,5.195312102070737,-141.11536923385856,504.674
1474,36,34,14.218313441435395,-141.11536923385856,504.646
1475,36,35,23.24331645311369,-141.11536923385856,505.614
1476,36,36,32.269549752616236,-141.11536923385856,507.428
1477,36,37,41.29628336347548,-141.11536923385856,509.871
1478,36,38,50.32280865356504,-141.11536923385856,512.68
1479,36,39,59.3484699247246,-141.11536923385856,515.576
1480,37,0,72.88408802937064,-132.11536556831615,519.5
1481,37,1,81.9052174700159,-132.1153792286945,521.516
1482,37,2,89.07620575885561,47.88479653499108,522.878
1483,37,3,80.060485828033,47.884653101018515,523.527
1484,37,4,71.04785997290442,47.88464627082934,523.487
1485,37,5,62.03850577838827,47.88464627082934,522.864
1486,37,6,53.03253935770044,47.88464285573476,521.825
1487,37,7,44.030052918394745,47.88464285573476,520.587
1488,37,8,35.03107719632243,47.88464285573476,519.388
1489,37,9,26.035610483936207,47.88463944064017,518.462
1490,37,10,17.043623752932106,47.88463944064017,518.011
1491,37,11,8.05501455047258,47.88463944064017,518.188
1492,37,12,-0.9303481776970762,47.88463944064017,519.075
1493,37,13,-9.912680863196185,47.88463944064017,520.674
1494,37,14,-18.892277631045882,47.88463944064017,522.908
1495,37,15,-27.869499200611706,47.88463944064017,525.621
1496,37,16,-36.84480319456805,47.88463944064017,528.597
1497,37,17,-45.818712122386415,47.88463602554559,531.577
1498,37,18,-54.791876559585255,47.88463602554559,534.284
1499,37,19,-63.76497269489239,47.88463602554559,536.448
1500,37,20,-72.73870745288693,47.88463261045101,537.834
1501,37,21,-81.71386289022882,47.884622365167246,538.265
1502,37,22,-89.30882151141873,-132.11514700226272,537.64
1503,37,23,-80.3286390548477,-132.11535190793782,535.946
1504,37,24,-71.3449663716108,-132.11535190793782,533.261
1505,37,25,-62.35722972581774,-132.11535190793782,529.749
1506,37,26,-53.36509102310461,-132.11535190793782,525.647
1507,37,27,-44.36820533891832,-132.11535190793782,521.242
1508,37,28,-35.36651120155634,-132.11535190793782,516.849
1509,37,29,-26.360064960079324,-132.11536556831615,512.782
1510,37,30,-17.349097133371757,-132.11536556831615,509.325
1511,37,31,-8.333985943158934,-132.11536556831615,506.708
1512,37,32,0.6847625895911853,-132.11536556831615,505.086
1513,37,33,9.706533801214153,-132.11536556831615,504.529
1514,37,34,18.73061388358085,-132.11536556831615,505.013
1515,37,35,27.75632638115918,-132.11536556831615,506.428
1516,37,36,36.78290119012022,-132.11536556831615,508.587
1517,37,37,45.80961431041196,-132.11536556831615,511.247
1518,37,38,54.83578443066468,-132.11536556831615,514.135
1519,37,39,63.8607934187585,-132.11536556831615,516.971
1520,38,0,68.37267978068552,-123.11536190277376,518.288
1521,38,1,77.39494986292216,-123.11536190277376,520.583
1522,38,2,86.41484303932765,-123.11540288390877,522.284
1523,38,3,84.56797354813453,56.88467042693926,523.292
1524,38,4,75.55377674949685,56.88465335146633,523.588
1525,38,5,66.54276281901238,56.884649936371744,523.239
1526,38,6,57.53509568122123,56.88464652127716,522.384
1527,38,7,48.530860713488,56.88464652127716,521.216
1528,38,8,39.530122802609824,56.88464652127716,519.968
1529,38,9,30.532905854248792,56.88464652127716,518.877
1530,38,10,21.539184255195508,56.88464310618257,518.166
1531,38,11,12.548903363936619,56.88464310618257,518.015
1532,38,12,3.561936181642245,56.88464310618257,518.541
1533,38,13,-5.421887406086631,56.88464310618257,519.789
1534,38,14,-14.40280111978567,56.88464310618257,521.72
1535,38,15,-23.38115820830101,56.88464310618257,524.216
1536,38,16,-32.35735866458592,56.88464310618257,527.091
1537,38,17,-41.33188572452417,56.88463969108799,530.104
1538,38,18,-50.305347274951906,56.88463969108799,532.982
1539,38,19,-59.278385353651096,56.88463969108799,535.45
1540,38,20,-68.2517171304846,56.88463627599341,537.251
1541,38,21,-77.22605977531526,56.88463286089882,538.178
1542,38,22,-86.2022055900868,56.88460554014214,538.088
1543,38,23,-84.81912643410507,-123.11533458201708,536.924
1544,38,24,-75.8372705811874,-123.11534824239541,534.719
1545,38,25,-66.85164446384788,-123.11534824239541,531.595
1546,38,26,-57.86172215752041,-123.11534824239541,527.755
1547,38,27,-48.867247530111136,-123.11534824239541,523.463
1548,38,28,-39.86796103443158,-123.11534824239541,519.024
1549,38,29,-30.86386950067093,-123.11534824239541,514.756
1550,38,30,-21.855126608085495,-123.11536190277376,510.962
1551,38,31,-12.84203117745147,-123.11536190277376,507.9
1552,38,32,-3.82503015927267,-123.11536190277376,505.766
1553,38,33,5.195312102070737,-123.11536190277376,504.674
1554,38,34,14.218313441435395,-123.11536190277376,504.646
1555,38,35,23.24331645311369,-123.11536190277376,505.614
1556,38,36,32.269549752616236,-123.11536190277376,507.428
1557,38,37,41.29628336347548,-123.11536190277376,509.871
1558,38,38,50.32280865356504,-123.11536190277376,512.68
1559,38,39,59.3484699247246,-123.11536190277376,515.576
1560,39,0,72.88408802937064,-114.11535823723136,519.5
1561,39,1,81.9052174700159,-114.11537189760969,521.516
1562,39,2,89.07620575885561,65.88480386607588,522.878
1563,39,3,80.060485828033,65.88466043210332,523.527
1564,39,4,71.04785997290442,65.88465360191415,523.487
1565,39,5,62.03850577838827,65.88465360191415,522.864
1566,39,6,53.03253935770044,65.88465360191415,521.825
1567,39,7,44.030052918394745,65.88464677172497,520.587
1568,39,8,35.03107719632243,65.88464677172497,519.388
1569,39,9,26.035610483936207,65.88464677172497,518.462
1570,39,10,17.043623752932106,65.88464677172497,518.011
1571,39,11,8.05501455047258,65.88464677172497,518.188
1572,39,12,-0.9303481776970762,65.88464677172497,519.075
1573,39,13,-9.912680863196185,65.88464677172497,520.674
1574,39,14,-18.892277631045882,65.88464677172497,522.908
1575,39,15,-27.869499200611706,65.88464677172497,525.621
1576,39,16,-36.84480319456805,65.88464677172497,528.597
1577,39,17,-45.818712122386415,65.88464677172497,531.577
1578,39,18,-54.791876559585255,65.88464677172497,534.284
1579,39,19,-63.76497269489239,65.88463994153581,536.448
1580,39,20,-72.73870745288693,65.88463994153581,537.834
1581,39,21,-81.71386289022882,65.88463311134663,538.265
1582,39,22,-89.30882151141873,-114.1151465013671,537.64
1583,39,23,-80.3286390548477,-114.11533774666384,535.946
1584,39,24,-71.3449663716108,-114.11534457685302,533.261
1585,39,25,-62.35722972581774,-114.11535140704218,529.749
1586,39,26,-53.36509102310461,-114.11535140704218,525.647
1587,39,27,-44.36820533891832,-114.11535140704218,521.242
1588,39,28,-35.36651120155634,-114.11535140704218,516.849
1589,39,29,-26.360064960079324,-114.11535140704218,512.782
1590,39,30,-17.349097133371757,-114.11535140704218,509.325
1591,39,31,-8.333985943158934,-114.11535140704218,506.708
1592,39,32,0.6847625895911853,-114.11535140704218,505.086
1593,39,33,9.706533801214153,-114.11535140704218,504.529
1594,39,34,18.73061388358085,-114.11535140704218,505.013
1595,39,35,27.75632638115918,-114.11535140704218,506.428
1596,39,36,36.78290119012022,-114.11535140704218,508.587
1597,39,37,45.80961431041196,-114.11535823723136,511.247
1598,39,38,54.83578443066468,-114.11535823723136,514.135
1599,39,39,63.8607934187585,-114.11535823723136,516.971
