0,0,0,85.00474365498934,73.12987921684272,523.262
1,0,1,75.99040342237909,73.12985872627522,523.592
2,0,2,66.97923922773288,73.12985872627522,523.271
3,0,3,57.97140816540164,73.12985189608604,522.436
4,0,4,48.96700927312834,73.12985189608604,521.278
5,0,5,39.96610743771008,73.12985189608604,520.028
6,0,6,30.968719734619793,73.12985189608604,518.924
7,0,7,21.97483933366831,73.12985189608604,518.19
8,0,8,12.984389395227462,73.12985189608604,518.008
9,0,9,3.9972725891015823,73.12985189608604,518.499
10,0,10,-4.986698488024683,73.12985189608604,519.712
11,0,11,-13.967753074375354,73.12985189608604,521.611
12,0,12,-22.946228837427523,73.12984506589687,524.084
13,0,13,-31.92252491636081,73.12984506589687,526.946
14,0,14,-40.89712369328535,73.12984506589687,529.957
15,0,15,-49.8706262248481,73.12984506589687,532.848
16,0,16,-58.843677963925636,73.12984506589687,535.342
17,0,17,-67.81696192943494,73.12984506589687,537.181
18,0,18,-76.7912635931306,73.12983823570771,538.153
19,0,19,-85.76731378525376,73.12981774514019,538.115
20,0,20,-85.25415484272153,-106.87011896192445,537.003
21,0,21,-76.27247657472228,-106.87013945249196,534.846
22,0,22,-67.287021212112,-106.87014628268112,531.763
23,0,23,-58.297331132216314,-106.87014628268112,527.952
24,0,24,-49.30305116519838,-106.87014628268112,523.675
25,0,25,-40.304007141234365,-106.87014628268112,519.236
26,0,26,-31.30013075843257,-106.87014628268112,514.953
27,0,27,-22.29163033756267,-106.87014628268112,511.13
28,0,28,-13.278735543735516,-106.87015311287028,508.028
29,0,29,-4.261910829814665,-106.87015311287028,505.846
30,0,30,4.7582841555747635,-106.87015311287028,504.702
31,0,31,13.781197556253858,-106.87015311287028,504.624
32,0,32,22.80611945943576,-106.87015311287028,505.547
33,0,33,31.832308362708698,-106.87015311287028,507.325
34,0,34,40.85900440752751,-106.87015311287028,509.743
35,0,35,49.88555018818458,-106.87015311287028,512.541
36,0,36,58.91126268576291,-106.87015311287028,515.44
37,0,37,67.93556133418305,-106.87015994305946,518.167
38,0,38,76.95793386925725,-106.87015994305946,520.486
39,0,39,85.97794998906778,-106.87018726381613,522.219
40,1,0,80.4971876329961,82.12986239181761,523.514
41,1,1,71.48441151370578,82.12985556162845,523.506
42,1,2,62.47490022483872,82.12985556162845,522.907
43,1,3,53.46877670979999,82.12985556162845,521.884
44,1,4,44.46611951576504,82.12985556162845,520.65
45,1,5,35.466976454058056,82.12984873143928,519.443
46,1,6,26.47134240203717,82.12984873143928,518.498
47,1,7,17.4791900389457,82.12984873143928,518.02
48,1,8,8.490428011003491,82.12984873143928,518.164
49,1,9,-0.4950936791469261,82.12984873143928,519.015
50,1,10,-9.477567930988755,82.12984873143928,520.581
51,1,11,-18.45729020356445,82.12984873143928,522.786
52,1,12,-27.434612518420533,82.12984873143928,525.48
53,1,13,-36.40999335200504,82.12984873143928,528.449
54,1,14,-45.383973996809694,82.12984873143928,531.435
55,1,15,-54.357165754765205,82.12984873143928,534.162
56,1,16,-63.33025164478859,82.1298419012501,536.358
57,1,17,-72.30393859145893,82.1298419012501,537.786
58,1,18,-81.27901889671996,82.12983507106094,538.266
59,1,19,-89.74377478795431,-97.86958937181595,537.693
60,1,20,-80.76375625592337,-97.87013578694955,536.05
61,1,21,-71.78025432741572,-97.87014261713873,533.41
62,1,22,-62.792736247676096,-97.87014261713873,529.933
63,1,23,-53.80077854497597,-97.87014944732789,525.853
64,1,24,-44.8041387475998,-97.87014944732789,521.456
65,1,25,-35.80265634610209,-97.87014944732789,517.056
66,1,26,-26.796462821624363,-97.87014944732789,512.966
67,1,27,-17.785705023233774,-97.87014944732789,509.474
68,1,28,-8.770781663223127,-97.87014944732789,506.812
69,1,29,0.24780459917335168,-97.87014944732789,505.141
70,1,30,9.26944438301565,-97.87014944732789,504.532
71,1,31,18.293454455943355,-97.87014944732789,504.968
72,1,32,27.319102066724568,-97.87014944732789,506.341
73,1,33,36.34564955492893,-97.87014944732789,508.47
74,1,34,45.37234218465316,-97.87014944732789,511.112
75,1,35,54.39854987094631,-97.87015627751705,513.995
76,1,36,63.42362716093183,-97.87015627751705,516.841
77,1,37,72.44701739419236,-97.87015627751705,519.39
78,1,38,81.46825611786433,-97.8701699378954,521.434
79,1,39,89.51303733741294,82.13014242957358,522.83
80,2,0,85.00474365498934,91.12987971773836,523.262
81,2,1,75.99040342237909,91.12985922717084,523.592
82,2,2,66.97923922773288,91.12985922717084,523.271
83,2,3,57.97140816540164,91.12985239698168,522.436
84,2,4,48.96700927312834,91.12985239698168,521.278
85,2,5,39.96610743771008,91.12985239698168,520.028
86,2,6,30.968719734619793,91.12985239698168,518.924
87,2,7,21.97483933366831,91.12985239698168,518.19
88,2,8,12.984389395227462,91.12985239698168,518.008
89,2,9,3.9972725891015823,91.12985239698168,518.499
90,2,10,-4.986698488024683,91.12985239698168,519.712
91,2,11,-13.967753074375354,91.12985239698168,521.611
92,2,12,-22.946228837427523,91.12984556679251,524.084
93,2,13,-31.92252491636081,91.12984556679251,526.946
94,2,14,-40.89712369328535,91.12984556679251,529.957
95,2,15,-49.8706262248481,91.12984556679251,532.848
96,2,16,-58.843677963925636,91.12984556679251,535.342
97,2,17,-67.81696192943494,91.12984556679251,537.181
98,2,18,-76.7912635931306,91.12983873660333,538.153
99,2,19,-85.76731378525376,91.12981824603582,538.115
100,2,20,-85.25415484272153,-88.87011846102881,537.003
101,2,21,-76.27247657472228,-88.87013895159632,534.846
102,2,22,-67.287021212112,-88.87014578178548,531.763
103,2,23,-58.297331132216314,-88.87014578178548,527.952
104,2,24,-49.30305116519838,-88.87014578178548,523.675
105,2,25,-40.304007141234365,-88.87014578178548,519.236
106,2,26,-31.30013075843257,-88.87014578178548,514.953
107,2,27,-22.29163033756267,-88.87014578178548,511.13
108,2,28,-13.278735543735516,-88.87015261197466,508.028
109,2,29,-4.261910829814665,-88.87015261197466,505.846
110,2,30,4.7582841555747635,-88.87015261197466,504.702
111,2,31,13.781197556253858,-88.87015261197466,504.624
112,2,32,22.80611945943576,-88.87015261197466,505.547
113,2,33,31.832308362708698,-88.87015261197466,507.325
114,2,34,40.85900440752751,-88.87015261197466,509.743
115,2,35,49.88555018818458,-88.87015261197466,512.541
116,2,36,58.91126268576291,-88.87015261197466,515.44
117,2,37,67.93556133418305,-88.87015944216382,518.167
118,2,38,76.95793386925725,-88.87015944216382,520.486
119,2,39,85.97794998906778,-88.87018676292051,522.219
120,3,0,80.4971876329961,100.12986289271325,523.514
121,3,1,71.48441151370578,100.12985606252408,523.506
122,3,2,62.47490022483872,100.12985606252408,522.907
123,3,3,53.46877670979999,100.12985606252408,521.884
124,3,4,44.46611951576504,100.12985606252408,520.65
125,3,5,35.466976454058056,100.1298492323349,519.443
126,3,6,26.47134240203717,100.1298492323349,518.498
127,3,7,17.4791900389457,100.1298492323349,518.02
128,3,8,8.490428011003491,100.1298492323349,518.164
129,3,9,-0.4950936791469261,100.1298492323349,519.015
130,3,10,-9.477567930988755,100.1298492323349,520.581
131,3,11,-18.45729020356445,100.1298492323349,522.786
132,3,12,-27.434612518420533,100.1298492323349,525.48
133,3,13,-36.40999335200504,100.1298492323349,528.449
134,3,14,-45.383973996809694,100.1298492323349,531.435
135,3,15,-54.357165754765205,100.1298492323349,534.162
136,3,16,-63.33025164478859,100.12984240214574,536.358
137,3,17,-72.30393859145893,100.12984240214574,537.786
138,3,18,-81.27901889671996,100.12983557195656,538.266
139,3,19,-89.74377478795431,-79.86958887092031,537.693
140,3,20,-80.76375625592337,-79.87013528605391,536.05
141,3,21,-71.78025432741572,-79.87014211624309,533.41
142,3,22,-62.792736247676096,-79.87014211624309,529.933
143,3,23,-53.80077854497597,-79.87014894643225,525.853
144,3,24,-44.8041387475998,-79.87014894643225,521.456
145,3,25,-35.80265634610209,-79.87014894643225,517.056
146,3,26,-26.796462821624363,-79.87014894643225,512.966
147,3,27,-17.785705023233774,-79.87014894643225,509.474
148,3,28,-8.770781663223127,-79.87014894643225,506.812
149,3,29,0.24780459917335168,-79.87014894643225,505.141
150,3,30,9.26944438301565,-79.87014894643225,504.532
151,3,31,18.293454455943355,-79.87014894643225,504.968
152,3,32,27.319102066724568,-79.87014894643225,506.341
153,3,33,36.34564955492893,-79.87014894643225,508.47
154,3,34,45.37234218465316,-79.87014894643225,511.112
155,3,35,54.39854987094631,-79.87015577662143,513.995
156,3,36,63.42362716093183,-79.87015577662143,516.841
157,3,37,72.44701739419236,-79.87015577662143,519.39
158,3,38,81.46825611786433,-79.87016943699976,521.434
159,3,39,89.51303733741294,100.13014293046922,522.83
160,4,0,85.00474365498934,109.12988021863399,523.262
161,4,1,75.99040342237909,109.12985972806648,523.592
162,4,2,66.97923922773288,109.12985972806648,523.271
163,4,3,57.97140816540164,109.12985289787731,522.436
164,4,4,48.96700927312834,109.12985289787731,521.278
165,4,5,39.96610743771008,109.12985289787731,520.028
166,4,6,30.968719734619793,109.12985289787731,518.924
167,4,7,21.97483933366831,109.12985289787731,518.19
168,4,8,12.984389395227462,109.12985289787731,518.008
169,4,9,3.9972725891015823,109.12985289787731,518.499
170,4,10,-4.986698488024683,109.12985289787731,519.712
171,4,11,-13.967753074375354,109.12985289787731,521.611
172,4,12,-22.946228837427523,109.12984606768813,524.084
173,4,13,-31.92252491636081,109.12984606768813,526.946
174,4,14,-40.89712369328535,109.12984606768813,529.957
175,4,15,-49.8706262248481,109.12984606768813,532.848
176,4,16,-58.843677963925636,109.12984606768813,535.342
177,4,17,-67.81696192943494,109.12984606768813,537.181
178,4,18,-76.7912635931306,109.12983923749897,538.153
179,4,19,-85.76731378525376,109.12981874693146,538.115
180,4,20,-85.25415484272153,-70.87011796013317,537.003
181,4,21,-76.27247657472228,-70.87013845070068,534.846
182,4,22,-67.287021212112,-70.87014528088986,531.763
183,4,23,-58.297331132216314,-70.87014528088986,527.952
184,4,24,-49.30305116519838,-70.87014528088986,523.675
185,4,25,-40.304007141234365,-70.87014528088986,519.236
186,4,26,-31.30013075843257,-70.87014528088986,514.953
187,4,27,-22.29163033756267,-70.87014528088986,511.13
188,4,28,-13.278735543735516,-70.87015211107902,508.028
189,4,29,-4.261910829814665,-70.87015211107902,505.846
190,4,30,4.7582841555747635,-70.87015211107902,504.702
191,4,31,13.781197556253858,-70.87015211107902,504.624
192,4,32,22.80611945943576,-70.87015211107902,505.547
193,4,33,31.832308362708698,-70.87015211107902,507.325
194,4,34,40.85900440752751,-70.87015211107902,509.743
195,4,35,49.88555018818458,-70.87015211107902,512.541
196,4,36,58.91126268576291,-70.87015211107902,515.44
197,4,37,67.93556133418305,-70.8701589412682,518.167
198,4,38,76.95793386925725,-70.8701589412682,520.486
199,4,39,85.97794998906778,-70.87018626202487,522.219
200,5,0,80.4971876329961,118.12987022379805,523.514
201,5,1,71.48441151370578,118.12985656341971,523.506
202,5,2,62.47490022483872,118.12985656341971,522.907
203,5,3,53.46877670979999,118.12985656341971,521.884
204,5,4,44.46611951576504,118.12985656341971,520.65
205,5,5,35.466976454058056,118.12985656341971,519.443
206,5,6,26.47134240203717,118.12985656341971,518.498
207,5,7,17.4791900389457,118.12985656341971,518.02
208,5,8,8.490428011003491,118.12985656341971,518.164
209,5,9,-0.4950936791469261,118.12985656341971,519.015
210,5,10,-9.477567930988755,118.12985656341971,520.581
211,5,11,-18.45729020356445,118.12985656341971,522.786
212,5,12,-27.434612518420533,118.12984290304136,525.48
213,5,13,-36.40999335200504,118.12984290304136,528.449
214,5,14,-45.383973996809694,118.12984290304136,531.435
215,5,15,-54.357165754765205,118.12984290304136,534.162
216,5,16,-63.33025164478859,118.12984290304136,536.358
217,5,17,-72.30393859145893,118.12984290304136,537.786
218,5,18,-81.27901889671996,118.12982924266304,538.266
219,5,19,-89.74377478795431,-61.86958837002468,537.693
220,5,20,-80.76375625592337,-61.870134785158285,536.05
221,5,21,-71.78025432741572,-61.87014161534745,533.41
222,5,22,-62.792736247676096,-61.87014161534745,529.933
223,5,23,-53.80077854497597,-61.87014844553662,525.853
224,5,24,-44.8041387475998,-61.87014844553662,521.456
225,5,25,-35.80265634610209,-61.87014844553662,517.056
226,5,26,-26.796462821624363,-61.87014844553662,512.966
227,5,27,-17.785705023233774,-61.87014844553662,509.474
228,5,28,-8.770781663223127,-61.87014844553662,506.812
229,5,29,0.24780459917335168,-61.87014844553662,505.141
230,5,30,9.26944438301565,-61.87014844553662,504.532
231,5,31,18.293454455943355,-61.87014844553662,504.968
232,5,32,27.319102066724568,-61.87014844553662,506.341
233,5,33,36.34564955492893,-61.87014844553662,508.47
234,5,34,45.37234218465316,-61.87014844553662,511.112
235,5,35,54.39854987094631,-61.87015527572579,513.995
236,5,36,63.42362716093183,-61.87015527572579,516.841
237,5,37,72.44701739419236,-61.87015527572579,519.39
238,5,38,81.46825611786433,-61.870168936104136,521.434
239,5,39,89.51303733741294,118.13014343136486,522.83
240,6,0,85.00474365498934,127.12987388934046,523.262
241,6,1,75.99040342237909,127.12986022896212,523.592
242,6,2,66.97923922773288,127.12986022896212,523.271
243,6,3,57.97140816540164,127.12986022896212,522.436
244,6,4,48.96700927312834,127.12986022896212,521.278
245,6,5,39.96610743771008,127.12984656858377,520.028
246,6,6,30.968719734619793,127.12984656858377,518.924
247,6,7,21.97483933366831,127.12984656858377,518.19
248,6,8,12.984389395227462,127.12984656858377,518.008
249,6,9,3.9972725891015823,127.12984656858377,518.499
250,6,10,-4.986698488024683,127.12984656858377,519.712
251,6,11,-13.967753074375354,127.12984656858377,521.611
252,6,12,-22.946228837427523,127.12984656858377,524.084
253,6,13,-31.92252491636081,127.12984656858377,526.946
254,6,14,-40.89712369328535,127.12984656858377,529.957
255,6,15,-49.8706262248481,127.12984656858377,532.848
256,6,16,-58.843677963925636,127.12984656858377,535.342
257,6,17,-67.81696192943494,127.12984656858377,537.181
258,6,18,-76.7912635931306,127.12984656858377,538.153
259,6,19,-85.76731378525376,127.12981924782709,538.115
260,6,20,-85.25415484272153,-52.87011745923754,537.003
261,6,21,-76.27247657472228,-52.87013794980505,534.846
262,6,22,-67.287021212112,-52.87014136489964,531.763
263,6,23,-58.297331132216314,-52.87014477999422,527.952
264,6,24,-49.30305116519838,-52.87014477999422,523.675
265,6,25,-40.304007141234365,-52.8701481950888,519.236
266,6,26,-31.30013075843257,-52.8701481950888,514.953
267,6,27,-22.29163033756267,-52.8701481950888,511.13
268,6,28,-13.278735543735516,-52.8701481950888,508.028
269,6,29,-4.261910829814665,-52.8701481950888,505.846
270,6,30,4.7582841555747635,-52.8701481950888,504.702
271,6,31,13.781197556253858,-52.8701481950888,504.624
272,6,32,22.80611945943576,-52.87015161018339,505.547
273,6,33,31.832308362708698,-52.87015161018339,507.325
274,6,34,40.85900440752751,-52.87015161018339,509.743
275,6,35,49.88555018818458,-52.87015161018339,512.541
276,6,36,58.91126268576291,-52.87015161018339,515.44
277,6,37,67.93556133418305,-52.870155025277974,518.167
278,6,38,76.95793386925725,-52.87015844037256,520.486
279,6,39,85.97794998906778,-52.87018576112924,522.219
280,7,0,80.4971876329961,136.12986389450452,523.514
281,7,1,71.48441151370578,136.12985023412617,523.506
282,7,2,62.47490022483872,136.12985023412617,522.907
283,7,3,53.46877670979999,136.12985023412617,521.884
284,7,4,44.46611951576504,136.12985023412617,520.65
285,7,5,35.466976454058056,136.12985023412617,519.443
286,7,6,26.47134240203717,136.12985023412617,518.498
287,7,7,17.4791900389457,136.12985023412617,518.02
288,7,8,8.490428011003491,136.12985023412617,518.164
289,7,9,-0.4950936791469261,136.12985023412617,519.015
290,7,10,-9.477567930988755,136.12985023412617,520.581
291,7,11,-18.45729020356445,136.12985023412617,522.786
292,7,12,-27.434612518420533,136.12985023412617,525.48
293,7,13,-36.40999335200504,136.12985023412617,528.449
294,7,14,-45.383973996809694,136.12985023412617,531.435
295,7,15,-54.357165754765205,136.12985023412617,534.162
296,7,16,-63.33025164478859,136.12983657374784,536.358
297,7,17,-72.30393859145893,136.12983657374784,537.786
298,7,18,-81.27901889671996,136.12983657374784,538.266
299,7,19,-89.74377478795431,-43.86959128422363,537.693
300,7,20,-80.76375625592337,-43.87013769935724,536.05
301,7,21,-71.78025432741572,-43.8701445295464,533.41
302,7,22,-62.792736247676096,-43.87014794464099,529.933
303,7,23,-53.80077854497597,-43.87014794464099,525.853
304,7,24,-44.8041387475998,-43.87014794464099,521.456
305,7,25,-35.80265634610209,-43.87015135973557,517.056
306,7,26,-26.796462821624363,-43.87015135973557,512.966
307,7,27,-17.785705023233774,-43.87015135973557,509.474
308,7,28,-8.770781663223127,-43.87015135973557,506.812
309,7,29,0.24780459917335168,-43.87015135973557,505.141
310,7,30,9.26944438301565,-43.87015135973557,504.532
311,7,31,18.293454455943355,-43.87015135973557,504.968
312,7,32,27.319102066724568,-43.87015477483016,506.341
313,7,33,36.34564955492893,-43.87015477483016,508.47
314,7,34,45.37234218465316,-43.87015477483016,511.112
315,7,35,54.39854987094631,-43.87015477483016,513.995
316,7,36,63.42362716093183,-43.870158189924744,516.841
317,7,37,72.44701739419236,-43.87016160501933,519.39
318,7,38,81.46825611786433,-43.8701684352085,521.434
319,7,39,89.51303733741294,136.1301371020713,522.83
320,8,0,85.00474365498934,145.12988122042526,523.262
321,8,1,75.99040342237909,145.1298675600469,523.592
322,8,2,66.97923922773288,145.12985389966857,523.271
323,8,3,57.97140816540164,145.12985389966857,522.436
324,8,4,48.96700927312834,145.12985389966857,521.278
325,8,5,39.96610743771008,145.12985389966857,520.028
326,8,6,30.968719734619793,145.12985389966857,518.924
327,8,7,21.97483933366831,145.12985389966857,518.19
328,8,8,12.984389395227462,145.12985389966857,518.008
329,8,9,3.9972725891015823,145.12985389966857,518.499
330,8,10,-4.986698488024683,145.12985389966857,519.712
331,8,11,-13.967753074375354,145.12985389966857,521.611
332,8,12,-22.946228837427523,145.12985389966857,524.084
333,8,13,-31.92252491636081,145.12985389966857,526.946
334,8,14,-40.89712369328535,145.12985389966857,529.957
335,8,15,-49.8706262248481,145.12985389966857,532.848
336,8,16,-58.843677963925636,145.12985389966857,535.342
337,8,17,-67.81696192943494,145.12984023929025,537.181
338,8,18,-76.7912635931306,145.12984023929025,538.153
339,8,19,-85.76731378525376,145.12981291853356,538.115
340,8,20,-85.25415484272153,-34.87011695834191,537.003
341,8,21,-76.27247657472228,-34.87013744890942,534.846
342,8,22,-67.287021212112,-34.870140864004,531.763
343,8,23,-58.297331132216314,-34.87014427909859,527.952
344,8,24,-49.30305116519838,-34.87014427909859,523.675
345,8,25,-40.304007141234365,-34.87014769419317,519.236
346,8,26,-31.30013075843257,-34.87014769419317,514.953
347,8,27,-22.29163033756267,-34.87014769419317,511.13
348,8,28,-13.278735543735516,-34.87014769419317,508.028
349,8,29,-4.261910829814665,-34.87014769419317,505.846
350,8,30,4.7582841555747635,-34.87014769419317,504.702
351,8,31,13.781197556253858,-34.87014769419317,504.624
352,8,32,22.80611945943576,-34.87015110928776,505.547
353,8,33,31.832308362708698,-34.87015110928776,507.325
354,8,34,40.85900440752751,-34.87015110928776,509.743
355,8,35,49.88555018818458,-34.87015110928776,512.541
356,8,36,58.91126268576291,-34.87015110928776,515.44
357,8,37,67.93556133418305,-34.87015452438234,518.167
358,8,38,76.95793386925725,-34.870157939476925,520.486
359,8,39,85.97794998906778,-34.870185260233605,522.219
360,9,0,80.4971876329961,154.12985756521098,523.514
361,9,1,71.48441151370578,154.12985756521098,523.506
362,9,2,62.47490022483872,154.12985756521098,522.907
363,9,3,53.46877670979999,154.12985756521098,521.884
364,9,4,44.46611951576504,154.12985756521098,520.65
365,9,5,35.466976454058056,154.12984390483263,519.443
366,9,6,26.47134240203717,154.12984390483263,518.498
367,9,7,17.4791900389457,154.12984390483263,518.02
368,9,8,8.490428011003491,154.12984390483263,518.164
369,9,9,-0.4950936791469261,154.12984390483263,519.015
370,9,10,-9.477567930988755,154.12984390483263,520.581
371,9,11,-18.45729020356445,154.12984390483263,522.786
372,9,12,-27.434612518420533,154.12984390483263,525.48
373,9,13,-36.40999335200504,154.12984390483263,528.449
374,9,14,-45.383973996809694,154.12984390483263,531.435
375,9,15,-54.357165754765205,154.12984390483263,534.162
376,9,16,-63.33025164478859,154.12984390483263,536.358
377,9,17,-72.30393859145893,154.12984390483263,537.786
378,9,18,-81.27901889671996,154.1298302444543,538.266
379,9,19,-89.74377478795431,-25.869590783328,537.693
380,9,20,-80.76375625592337,-25.870135490914308,536.05
381,9,21,-71.78025432741572,-25.87014402865077,533.41
382,9,22,-62.792736247676096,-25.870147443745356,529.933
383,9,23,-53.80077854497597,-25.870147443745356,525.853
384,9,24,-44.8041387475998,-25.870149151292647,521.456
385,9,25,-35.80265634610209,-25.870149151292647,517.056
386,9,26,-26.796462821624363,-25.870150858839942,512.966
387,9,27,-17.785705023233774,-25.870150858839942,509.474
388,9,28,-8.770781663223127,-25.870150858839942,506.812
389,9,29,0.24780459917335168,-25.870150858839942,505.141
390,9,30,9.26944438301565,-25.870152566387233,504.532
391,9,31,18.293454455943355,-25.870152566387233,504.968
392,9,32,27.319102066724568,-25.870152566387233,506.341
393,9,33,36.34564955492893,-25.870154273934524,508.47
394,9,34,45.37234218465316,-25.870154273934524,511.112
395,9,35,54.39854987094631,-25.87015598148182,513.995
396,9,36,63.42362716093183,-25.87015598148182,516.841
397,9,37,72.44701739419236,-25.870159396576405,519.39
398,9,38,81.46825611786433,-25.870167934312867,521.434
399,9,39,89.51303733741294,154.13014443315612,522.83
400,10,0,85.00474365498934,163.12987489113172,523.262
401,10,1,75.99040342237909,163.1298612307534,523.592
402,10,2,66.97923922773288,163.1298612307534,523.271
403,10,3,57.97140816540164,163.1298612307534,522.436
404,10,4,48.96700927312834,163.1298612307534,521.278
405,10,5,39.96610743771008,163.12984757037503,520.028
406,10,6,30.968719734619793,163.12984757037503,518.924
407,10,7,21.97483933366831,163.12984757037503,518.19
408,10,8,12.984389395227462,163.12984757037503,518.008
409,10,9,3.9972725891015823,163.12984757037503,518.499
410,10,10,-4.986698488024683,163.12984757037503,519.712
411,10,11,-13.967753074375354,163.12984757037503,521.611
412,10,12,-22.946228837427523,163.12984757037503,524.084
413,10,13,-31.92252491636081,163.12984757037503,526.946
414,10,14,-40.89712369328535,163.12984757037503,529.957
415,10,15,-49.8706262248481,163.12984757037503,532.848
416,10,16,-58.843677963925636,163.12984757037503,535.342
417,10,17,-67.81696192943494,163.12984757037503,537.181
418,10,18,-76.7912635931306,163.12984757037503,538.153
419,10,19,-85.76731378525376,163.12982024961835,538.115
420,10,20,-85.25415484272153,-16.870118164993567,537.003
421,10,21,-76.27247657472228,-16.870136948013783,534.846
422,10,22,-67.287021212112,-16.87014207065566,531.763
423,10,23,-58.297331132216314,-16.870143778202955,527.952
424,10,24,-49.30305116519838,-16.870145485750246,523.675
425,10,25,-40.304007141234365,-16.870145485750246,519.236
426,10,26,-31.30013075843257,-16.87014719329754,514.953
427,10,27,-22.29163033756267,-16.87014719329754,511.13
428,10,28,-13.278735543735516,-16.87014719329754,508.028
429,10,29,-4.261910829814665,-16.87014719329754,505.846
430,10,30,4.7582841555747635,-16.870148900844832,504.702
431,10,31,13.781197556253858,-16.870148900844832,504.624
432,10,32,22.80611945943576,-16.870148900844832,505.547
433,10,33,31.832308362708698,-16.870148900844832,507.325
434,10,34,40.85900440752751,-16.870150608392123,509.743
435,10,35,49.88555018818458,-16.870150608392123,512.541
436,10,36,58.91126268576291,-16.870152315939418,515.44
437,10,37,67.93556133418305,-16.87015402348671,518.167
438,10,38,76.95793386925725,-16.870159146128586,520.486
439,10,39,85.97794998906778,-16.870183051790683,522.219
440,11,0,80.4971876329961,172.12986489629577,523.514
441,11,1,71.48441151370578,172.12985123591744,523.506
442,11,2,62.47490022483872,172.12985123591744,522.907
443,11,3,53.46877670979999,172.12985123591744,521.884
444,11,4,44.46611951576504,172.12985123591744,520.65
445,11,5,35.466976454058056,172.12985123591744,519.443
446,11,6,26.47134240203717,172.12985123591744,518.498
447,11,7,17.4791900389457,172.12985123591744,518.02
448,11,8,8.490428011003491,172.12985123591744,518.164
449,11,9,-0.4950936791469261,172.12985123591744,519.015
450,11,10,-9.477567930988755,172.12985123591744,520.581
451,11,11,-18.45729020356445,172.12985123591744,522.786
452,11,12,-27.434612518420533,172.12985123591744,525.48
453,11,13,-36.40999335200504,172.12985123591744,528.449
454,11,14,-45.383973996809694,172.12985123591744,531.435
455,11,15,-54.357165754765205,172.12985123591744,534.162
456,11,16,-63.33025164478859,172.1298375755391,536.358
457,11,17,-72.30393859145893,172.1298375755391,537.786
458,11,18,-81.27901889671996,172.1298375755391,538.266
459,11,19,-89.74377478795431,-7.869590282432366,537.693
460,11,20,-80.76375625592337,-7.870135843792321,536.05
461,11,21,-71.78025432741572,-7.870143527755137,533.41
462,11,22,-62.792736247676096,-7.870146089076076,529.933
463,11,23,-53.80077854497597,-7.870147796623368,525.853
464,11,24,-44.8041387475998,-7.870148650397015,521.456
465,11,25,-35.80265634610209,-7.870149504170661,517.056
466,11,26,-26.796462821624363,-7.870149504170661,512.966
467,11,27,-17.785705023233774,-7.870150357944308,509.474
468,11,28,-8.770781663223127,-7.870150357944308,506.812
469,11,29,0.24780459917335168,-7.870151211717953,505.141
470,11,30,9.26944438301565,-7.870151211717953,504.532
471,11,31,18.293454455943355,-7.8701520654916,504.968
472,11,32,27.319102066724568,-7.8701520654916,506.341
473,11,33,36.34564955492893,-7.870152919265246,508.47
474,11,34,45.37234218465316,-7.870153773038893,511.112
475,11,35,54.39854987094631,-7.870154626812539,513.995
476,11,36,63.42362716093183,-7.870156334359831,516.841
477,11,37,72.44701739419236,-7.8701588956807695,519.39
478,11,38,81.46825611786433,-7.870167433417232,521.434
479,11,39,89.51303733741294,172.13013810386258,522.83
480,12,0,85.00474365498934,-178.8701141353178,523.262
481,12,1,75.99040342237909,-178.8701414560745,523.592
482,12,2,66.97923922773288,-178.8701414560745,523.271
483,12,3,57.97140816540164,-178.8701414560745,522.436
484,12,4,48.96700927312834,-178.8701414560745,521.278
485,12,5,39.96610743771008,-178.8701414560745,520.028
486,12,6,30.968719734619793,-178.8701414560745,518.924
487,12,7,21.97483933366831,-178.8701414560745,518.19
488,12,8,12.984389395227462,-178.8701414560745,518.008
489,12,9,3.9972725891015823,-178.8701414560745,518.499
490,12,10,-4.986698488024683,-178.8701414560745,519.712
491,12,11,-13.967753074375354,-178.8701414560745,521.611
492,12,12,-22.946228837427523,-178.87015511645282,524.084
493,12,13,-31.92252491636081,-178.87015511645282,526.946
494,12,14,-40.89712369328535,-178.87015511645282,529.957
495,12,15,-49.8706262248481,-178.87015511645282,532.848
496,12,16,-58.843677963925636,-178.87015511645282,535.342
497,12,17,-67.81696192943494,-178.87015511645282,537.181
498,12,18,-76.7912635931306,-178.87015511645282,538.153
499,12,19,-85.76731378525376,-178.8701824372095,538.115
500,12,20,-85.25415484272153,1.1298827627888899,537.003
501,12,21,-76.27247657472228,1.1298628058299087,534.846
502,12,22,-67.287021212112,1.1298585369616776,531.763
503,12,23,-58.297331132216314,1.1298566159709735,527.952
504,12,24,-49.30305116519838,1.12985544203221,523.675
505,12,25,-40.304007141234365,1.1298546949802695,519.236
506,12,26,-31.30013075843257,1.1298540546500346,514.953
507,12,27,-22.29163033756267,1.129853521041506,511.13
508,12,28,-13.278735543735516,1.1298530941546827,508.028
509,12,29,-4.261910829814665,1.1298527739895654,505.846
510,12,30,4.7582841555747635,1.1298523471027422,504.702
511,12,31,13.781197556253858,1.1298519202159192,504.624
512,12,32,22.80611945943576,1.129851493329096,505.547
513,12,33,31.832308362708698,1.129850959720567,507.325
514,12,34,40.85900440752751,1.1298503193903324,509.743
515,12,35,49.88555018818458,1.129849572338392,512.541
516,12,36,58.91126268576291,1.1298483983996284,515.44
517,12,37,67.93556133418305,1.1298463706872184,518.167
518,12,38,76.95793386925725,1.129841674932164,520.486
519,12,39,85.97794998906778,1.1298169154964228,522.219
520,13,0,80.4971876329961,-169.87012413015376,523.514
521,13,1,71.48441151370578,-169.87013779053208,523.506
522,13,2,62.47490022483872,-169.87013779053208,522.907
523,13,3,53.46877670979999,-169.87013779053208,521.884
524,13,4,44.46611951576504,-169.87013779053208,520.65
525,13,5,35.466976454058056,-169.87013779053208,519.443
526,13,6,26.47134240203717,-169.87013779053208,518.498
527,13,7,17.4791900389457,-169.87013779053208,518.02
528,13,8,8.490428011003491,-169.87013779053208,518.164
529,13,9,-0.4950936791469261,-169.87013779053208,519.015
530,13,10,-9.477567930988755,-169.87013779053208,520.581
531,13,11,-18.45729020356445,-169.8701514509104,522.786
532,13,12,-27.434612518420533,-169.8701514509104,525.48
533,13,13,-36.40999335200504,-169.8701514509104,528.449
534,13,14,-45.383973996809694,-169.8701514509104,531.435
535,13,15,-54.357165754765205,-169.8701514509104,534.162
536,13,16,-63.33025164478859,-169.8701514509104,536.358
537,13,17,-72.30393859145893,-169.8701514509104,537.786
538,13,18,-81.27901889671996,-169.87016511128877,538.266
539,13,19,-89.74377478795431,10.130417048652436,537.693
540,13,20,-80.76375625592337,10.129871487292482,536.05
541,13,21,-71.78025432741572,10.129863803329666,533.41
542,13,22,-62.792736247676096,10.129861242008728,529.933
543,13,23,-53.80077854497597,10.129859534461435,525.853
544,13,24,-44.8041387475998,10.12985868068779,521.456
545,13,25,-35.80265634610209,10.129857826914142,517.056
546,13,26,-26.796462821624363,10.129857826914142,512.966
547,13,27,-17.785705023233774,10.129856973140496,509.474
548,13,28,-8.770781663223127,10.129856973140496,506.812
549,13,29,0.24780459917335168,10.129856119366849,505.141
550,13,30,9.26944438301565,10.129856119366849,504.532
551,13,31,18.293454455943355,10.129855265593203,504.968
552,13,32,27.319102066724568,10.129855265593203,506.341
553,13,33,36.34564955492893,10.129854411819558,508.47
554,13,34,45.37234218465316,10.12985355804591,511.112
555,13,35,54.39854987094631,10.129852704272265,513.995
556,13,36,63.42362716093183,10.129850996724972,516.841
557,13,37,72.44701739419236,10.129848435404034,519.39
558,13,38,81.46825611786433,10.129839897667571,521.434
559,13,39,89.51303733741294,-169.86985092258695,522.83
560,14,0,85.00474365498934,-160.87012046461135,523.262
561,14,1,75.99040342237909,-160.87014778536803,523.592
562,14,2,66.97923922773288,-160.87014778536803,523.271
563,14,3,57.97140816540164,-160.87014778536803,522.436
564,14,4,48.96700927312834,-160.87014778536803,521.278
565,14,5,39.96610743771008,-160.87014778536803,520.028
566,14,6,30.968719734619793,-160.87014778536803,518.924
567,14,7,21.97483933366831,-160.87014778536803,518.19
568,14,8,12.984389395227462,-160.87014778536803,518.008
569,14,9,3.9972725891015823,-160.87014778536803,518.499
570,14,10,-4.986698488024683,-160.87014778536803,519.712
571,14,11,-13.967753074375354,-160.87014778536803,521.611
572,14,12,-22.946228837427523,-160.87016144574636,524.084
573,14,13,-31.92252491636081,-160.87016144574636,526.946
574,14,14,-40.89712369328535,-160.87016144574636,529.957
575,14,15,-49.8706262248481,-160.87016144574636,532.848
576,14,16,-58.843677963925636,-160.87016144574636,535.342
577,14,17,-67.81696192943494,-160.87016144574636,537.181
578,14,18,-76.7912635931306,-160.87016144574636,538.153
579,14,19,-85.76731378525376,-160.87018876650305,538.115
580,14,20,-85.25415484272153,19.12987600660853,537.003
581,14,21,-76.27247657472228,19.129857223588314,534.846
582,14,22,-67.287021212112,19.129852100946437,531.763
583,14,23,-58.297331132216314,19.129850393399142,527.952
584,14,24,-49.30305116519838,19.12984868585185,523.675
585,14,25,-40.304007141234365,19.12984868585185,519.236
586,14,26,-31.30013075843257,19.129846978304556,514.953
587,14,27,-22.29163033756267,19.129846978304556,511.13
588,14,28,-13.278735543735516,19.129846978304556,508.028
589,14,29,-4.261910829814665,19.129846978304556,505.846
590,14,30,4.7582841555747635,19.129845270757265,504.702
591,14,31,13.781197556253858,19.129845270757265,504.624
592,14,32,22.80611945943576,19.129845270757265,505.547
593,14,33,31.832308362708698,19.129845270757265,507.325
594,14,34,40.85900440752751,19.129843563209974,509.743
595,14,35,49.88555018818458,19.129843563209974,512.541
596,14,36,58.91126268576291,19.12984185566268,515.44
597,14,37,67.93556133418305,19.129840148115388,518.167
598,14,38,76.95793386925725,19.12983502547351,520.486
599,14,39,85.97794998906778,19.129811119811414,522.219
600,15,0,80.4971876329961,-151.87013045944727,523.514
601,15,1,71.48441151370578,-151.87014411982562,523.506
602,15,2,62.47490022483872,-151.87014411982562,522.907
603,15,3,53.46877670979999,-151.87014411982562,521.884
604,15,4,44.46611951576504,-151.87014411982562,520.65
605,15,5,35.466976454058056,-151.87014411982562,519.443
606,15,6,26.47134240203717,-151.87014411982562,518.498
607,15,7,17.4791900389457,-151.87014411982562,518.02
608,15,8,8.490428011003491,-151.87014411982562,518.164
609,15,9,-0.4950936791469261,-151.87014411982562,519.015
610,15,10,-9.477567930988755,-151.87014411982562,520.581
611,15,11,-18.45729020356445,-151.87015778020395,522.786
612,15,12,-27.434612518420533,-151.87015778020395,525.48
613,15,13,-36.40999335200504,-151.87015778020395,528.449
614,15,14,-45.383973996809694,-151.87015778020395,531.435
615,15,15,-54.357165754765205,-151.87015778020395,534.162
616,15,16,-63.33025164478859,-151.87015778020395,536.358
617,15,17,-72.30393859145893,-151.87015778020395,537.786
618,15,18,-81.27901889671996,-151.8701714405823,538.266
619,15,19,-89.74377478795431,28.1304107193589,537.693
620,15,20,-80.76375625592337,28.12986601177259,536.05
621,15,21,-71.78025432741572,28.12985747403613,533.41
622,15,22,-62.792736247676096,28.129854058941543,529.933
623,15,23,-53.80077854497597,28.129854058941543,525.853
624,15,24,-44.8041387475998,28.129852351394252,521.456
625,15,25,-35.80265634610209,28.129852351394252,517.056
626,15,26,-26.796462821624363,28.12985064384696,512.966
627,15,27,-17.785705023233774,28.12985064384696,509.474
628,15,28,-8.770781663223127,28.12985064384696,506.812
629,15,29,0.24780459917335168,28.12985064384696,505.141
630,15,30,9.26944438301565,28.129848936299666,504.532
631,15,31,18.293454455943355,28.129848936299666,504.968
632,15,32,27.319102066724568,28.129848936299666,506.341
633,15,33,36.34564955492893,28.129847228752375,508.47
634,15,34,45.37234218465316,28.129847228752375,511.112
635,15,35,54.39854987094631,28.12984552120508,513.995
636,15,36,63.42362716093183,28.12984552120508,516.841
637,15,37,72.44701739419236,28.129842106110498,519.39
638,15,38,81.46825611786433,28.129833568374035,521.434
639,15,39,89.51303733741294,-151.8698572518805,522.83
640,16,0,85.00474365498934,-142.87011313352653,523.262
641,16,1,75.99040342237909,-142.87014045428322,523.592
642,16,2,66.97923922773288,-142.87014045428322,523.271
643,16,3,57.97140816540164,-142.87014045428322,522.436
644,16,4,48.96700927312834,-142.87014045428322,521.278
645,16,5,39.96610743771008,-142.87014045428322,520.028
646,16,6,30.968719734619793,-142.87014045428322,518.924
647,16,7,21.97483933366831,-142.87014045428322,518.19
648,16,8,12.984389395227462,-142.87014045428322,518.008
649,16,9,3.9972725891015823,-142.87014045428322,518.499
650,16,10,-4.986698488024683,-142.87014045428322,519.712
651,16,11,-13.967753074375354,-142.87014045428322,521.611
652,16,12,-22.946228837427523,-142.87015411466155,524.084
653,16,13,-31.92252491636081,-142.87015411466155,526.946
654,16,14,-40.89712369328535,-142.87015411466155,529.957
655,16,15,-49.8706262248481,-142.87015411466155,532.848
656,16,16,-58.843677963925636,-142.87015411466155,535.342
657,16,17,-67.81696192943494,-142.87015411466155,537.181
658,16,18,-76.7912635931306,-142.87015411466155,538.153
659,16,19,-85.76731378525376,-142.87018143541823,538.115
660,16,20,-85.25415484272153,37.12988504524063,537.003
661,16,21,-76.27247657472228,37.12986455467312,534.846
662,16,22,-67.287021212112,37.12986113957853,531.763
663,16,23,-58.297331132216314,37.12985772448395,527.952
664,16,24,-49.30305116519838,37.12985772448395,523.675
665,16,25,-40.304007141234365,37.12985430938936,519.236
666,16,26,-31.30013075843257,37.12985430938936,514.953
667,16,27,-22.29163033756267,37.12985430938936,511.13
668,16,28,-13.278735543735516,37.12985430938936,508.028
669,16,29,-4.261910829814665,37.12985430938936,505.846
670,16,30,4.7582841555747635,37.12985430938936,504.702
671,16,31,13.781197556253858,37.12985430938936,504.624
672,16,32,22.80611945943576,37.129850894294776,505.547
673,16,33,31.832308362708698,37.129850894294776,507.325
674,16,34,40.85900440752751,37.129850894294776,509.743
675,16,35,49.88555018818458,37.129850894294776,512.541
676,16,36,58.91126268576291,37.129850894294776,515.44
677,16,37,67.93556133418305,37.129847479200194,518.167
678,16,38,76.95793386925725,37.129844064105605,520.486
679,16,39,85.97794998906778,37.129816743348925,522.219
680,17,0,80.4971876329961,-133.8701367887408,523.514
681,17,1,71.48441151370578,-133.87015044911917,523.506
682,17,2,62.47490022483872,-133.87015044911917,522.907
683,17,3,53.46877670979999,-133.87015044911917,521.884
684,17,4,44.46611951576504,-133.87015044911917,520.65
685,17,5,35.466976454058056,-133.87015044911917,519.443
686,17,6,26.47134240203717,-133.87015044911917,518.498
687,17,7,17.4791900389457,-133.87015044911917,518.02
688,17,8,8.490428011003491,-133.87015044911917,518.164
689,17,9,-0.4950936791469261,-133.87015044911917,519.015
690,17,10,-9.477567930988755,-133.87015044911917,520.581
691,17,11,-18.45729020356445,-133.8701641094975,522.786
692,17,12,-27.434612518420533,-133.8701641094975,525.48
693,17,13,-36.40999335200504,-133.8701641094975,528.449
694,17,14,-45.383973996809694,-133.8701641094975,531.435
695,17,15,-54.357165754765205,-133.8701641094975,534.162
696,17,16,-63.33025164478859,-133.8701641094975,536.358
697,17,17,-72.30393859145893,-133.8701641094975,537.786
698,17,18,-81.27901889671996,-133.87017776987582,538.266
699,17,19,-89.74377478795431,46.130404390065365,537.693
700,17,20,-80.76375625592337,46.12985797493176,536.05
701,17,21,-71.78025432741572,46.129851144742595,533.41
702,17,22,-62.792736247676096,46.129847729648006,529.933
703,17,23,-53.80077854497597,46.129847729648006,525.853
704,17,24,-44.8041387475998,46.129847729648006,521.456
705,17,25,-35.80265634610209,46.129844314553424,517.056
706,17,26,-26.796462821624363,46.129844314553424,512.966
707,17,27,-17.785705023233774,46.129844314553424,509.474
708,17,28,-8.770781663223127,46.129844314553424,506.812
709,17,29,0.24780459917335168,46.129844314553424,505.141
710,17,30,9.26944438301565,46.129844314553424,504.532
711,17,31,18.293454455943355,46.129844314553424,504.968
712,17,32,27.319102066724568,46.129840899458834,506.341
713,17,33,36.34564955492893,46.129840899458834,508.47
714,17,34,45.37234218465316,46.129840899458834,511.112
715,17,35,54.39854987094631,46.129840899458834,513.995
716,17,36,63.42362716093183,46.12983748436425,516.841
717,17,37,72.44701739419236,46.12983406926967,519.39
718,17,38,81.46825611786433,46.1298272390805,521.434
719,17,39,89.51303733741294,-133.869863581174,522.83
720,18,0,85.00474365498934,-124.87011946282007,523.262
721,18,1,75.99040342237909,-124.87014678357676,523.592
722,18,2,66.97923922773288,-124.87014678357676,523.271
723,18,3,57.97140816540164,-124.87014678357676,522.436
724,18,4,48.96700927312834,-124.87014678357676,521.278
725,18,5,39.96610743771008,-124.87014678357676,520.028
726,18,6,30.968719734619793,-124.87014678357676,518.924
727,18,7,21.97483933366831,-124.87014678357676,518.19
728,18,8,12.984389395227462,-124.87014678357676,518.008
729,18,9,3.9972725891015823,-124.87014678357676,518.499
730,18,10,-4.986698488024683,-124.87014678357676,519.712
731,18,11,-13.967753074375354,-124.87014678357676,521.611
732,18,12,-22.946228837427523,-124.8701604439551,524.084
733,18,13,-31.92252491636081,-124.8701604439551,526.946
734,18,14,-40.89712369328535,-124.8701604439551,529.957
735,18,15,-49.8706262248481,-124.8701604439551,532.848
736,18,16,-58.843677963925636,-124.8701604439551,535.342
737,18,17,-67.81696192943494,-124.8701604439551,537.181
738,18,18,-76.7912635931306,-124.8701604439551,538.153
739,18,19,-85.76731378525376,-124.87018776471177,538.115
740,18,20,-85.25415484272153,55.129878715947086,537.003
741,18,21,-76.27247657472228,55.12985822537958,534.846
742,18,22,-67.287021212112,55.129854810284996,531.763
743,18,23,-58.297331132216314,55.12985139519041,527.952
744,18,24,-49.30305116519838,55.12985139519041,523.675
745,18,25,-40.304007141234365,55.129847980095825,519.236
746,18,26,-31.30013075843257,55.129847980095825,514.953
747,18,27,-22.29163033756267,55.129847980095825,511.13
748,18,28,-13.278735543735516,55.129847980095825,508.028
749,18,29,-4.261910829814665,55.129847980095825,505.846
750,18,30,4.7582841555747635,55.129847980095825,504.702
751,18,31,13.781197556253858,55.129847980095825,504.624
752,18,32,22.80611945943576,55.12984456500124,505.547
753,18,33,31.832308362708698,55.12984456500124,507.325
754,18,34,40.85900440752751,55.12984456500124,509.743
755,18,35,49.88555018818458,55.12984456500124,512.541
756,18,36,58.91126268576291,55.12984456500124,515.44
757,18,37,67.93556133418305,55.12984114990665,518.167
758,18,38,76.95793386925725,55.12983773481207,520.486
759,18,39,85.97794998906778,55.12981041405539,522.219
760,19,0,80.4971876329961,-115.870129457656,523.514
761,19,1,71.48441151370578,-115.87014311803435,523.506
762,19,2,62.47490022483872,-115.87014311803435,522.907
763,19,3,53.46877670979999,-115.87014311803435,521.884
764,19,4,44.46611951576504,-115.87014311803435,520.65
765,19,5,35.466976454058056,-115.87014311803435,519.443
766,19,6,26.47134240203717,-115.87014311803435,518.498
767,19,7,17.4791900389457,-115.87014311803435,518.02
768,19,8,8.490428011003491,-115.87014311803435,518.164
769,19,9,-0.4950936791469261,-115.87014311803435,519.015
770,19,10,-9.477567930988755,-115.87014311803435,520.581
771,19,11,-18.45729020356445,-115.87015677841269,522.786
772,19,12,-27.434612518420533,-115.87015677841269,525.48
773,19,13,-36.40999335200504,-115.87015677841269,528.449
774,19,14,-45.383973996809694,-115.87015677841269,531.435
775,19,15,-54.357165754765205,-115.87015677841269,534.162
776,19,16,-63.33025164478859,-115.87015677841269,536.358
777,19,17,-72.30393859145893,-115.87015677841269,537.786
778,19,18,-81.27901889671996,-115.87017043879104,538.266
779,19,19,-89.74377478795431,64.13040830605559,537.693
780,19,20,-80.76375625592337,64.12986872111115,536.05
781,19,21,-71.78025432741572,64.12986189092199,533.41
782,19,22,-62.792736247676096,64.12985506073281,529.933
783,19,23,-53.80077854497597,64.12985506073281,525.853
784,19,24,-44.8041387475998,64.12985506073281,521.456
785,19,25,-35.80265634610209,64.12985506073281,517.056
786,19,26,-26.796462821624363,64.12985506073281,512.966
787,19,27,-17.785705023233774,64.12985506073281,509.474
788,19,28,-8.770781663223127,64.12984823054364,506.812
789,19,29,0.24780459917335168,64.12984823054364,505.141
790,19,30,9.26944438301565,64.12984823054364,504.532
791,19,31,18.293454455943355,64.12984823054364,504.968
792,19,32,27.319102066724568,64.12984823054364,506.341
793,19,33,36.34564955492893,64.12984823054364,508.47
794,19,34,45.37234218465316,64.12984823054364,511.112
795,19,35,54.39854987094631,64.12984823054364,513.995
796,19,36,63.42362716093183,64.12984823054364,516.841
797,19,37,72.44701739419236,64.12984140035447,519.39
798,19,38,81.46825611786433,64.1298345701653,521.434
799,19,39,89.51303733741294,-115.86985625008921,522.83
800,20,0,85.00474365498934,-106.87011896192445,523.262
801,20,1,75.99040342237909,-106.87013262230278,523.592
802,20,2,66.97923922773288,-106.87013945249196,523.271
803,20,3,57.97140816540164,-106.87013945249196,522.436
804,20,4,48.96700927312834,-106.87013945249196,521.278
805,20,5,39.96610743771008,-106.87014628268112,520.028
806,20,6,30.968719734619793,-106.87014628268112,518.924
807,20,7,21.97483933366831,-106.87014628268112,518.19
808,20,8,12.984389395227462,-106.87014628268112,518.008
809,20,9,3.9972725891015823,-106.87014628268112,518.499
810,20,10,-4.986698488024683,-106.87014628268112,519.712
811,20,11,-13.967753074375354,-106.87014628268112,521.611
812,20,12,-22.946228837427523,-106.87014628268112,524.084
813,20,13,-31.92252491636081,-106.87014628268112,526.946
814,20,14,-40.89712369328535,-106.87014628268112,529.957
815,20,15,-49.8706262248481,-106.87014628268112,532.848
816,20,16,-58.843677963925636,-106.87014628268112,535.342
817,20,17,-67.81696192943494,-106.87015311287028,537.181
818,20,18,-76.7912635931306,-106.87015311287028,538.153
819,20,19,-85.76731378525376,-106.87018043362697,538.115
820,20,20,-85.25415484272153,73.12988604703189,537.003
821,20,21,-76.27247657472228,73.12986555646438,534.846
822,20,22,-67.287021212112,73.12985872627522,531.763
823,20,23,-58.297331132216314,73.12985872627522,527.952
824,20,24,-49.30305116519838,73.12985872627522,523.675
825,20,25,-40.304007141234365,73.12985872627522,519.236
826,20,26,-31.30013075843257,73.12985872627522,514.953
827,20,27,-22.29163033756267,73.12985872627522,511.13
828,20,28,-13.278735543735516,73.12985189608604,508.028
829,20,29,-4.261910829814665,73.12985189608604,505.846
830,20,30,4.7582841555747635,73.12985189608604,504.702
831,20,31,13.781197556253858,73.12985189608604,504.624
832,20,32,22.80611945943576,73.12985189608604,505.547
833,20,33,31.832308362708698,73.12985189608604,507.325
834,20,34,40.85900440752751,73.12985189608604,509.743
835,20,35,49.88555018818458,73.12985189608604,512.541
836,20,36,58.91126268576291,73.12985189608604,515.44
837,20,37,67.93556133418305,73.12984506589687,518.167
838,20,38,76.95793386925725,73.12984506589687,520.486
839,20,39,85.97794998906778,73.12981774514019,522.219
840,21,0,80.4971876329961,-97.87014261713873,523.514
841,21,1,71.48441151370578,-97.87014944732789,523.506
842,21,2,62.47490022483872,-97.87014944732789,522.907
843,21,3,53.46877670979999,-97.87014944732789,521.884
844,21,4,44.46611951576504,-97.87015627751705,520.65
845,21,5,35.466976454058056,-97.87015627751705,519.443
846,21,6,26.47134240203717,-97.87015627751705,518.498
847,21,7,17.4791900389457,-97.87015627751705,518.02
848,21,8,8.490428011003491,-97.87015627751705,518.164
849,21,9,-0.4950936791469261,-97.87015627751705,519.015
850,21,10,-9.477567930988755,-97.87015627751705,520.581
851,21,11,-18.45729020356445,-97.87015627751705,522.786
852,21,12,-27.434612518420533,-97.87015627751705,525.48
853,21,13,-36.40999335200504,-97.87015627751705,528.449
854,21,14,-45.383973996809694,-97.87015627751705,531.435
855,21,15,-54.357165754765205,-97.87015627751705,534.162
856,21,16,-63.33025164478859,-97.87016310770623,536.358
857,21,17,-72.30393859145893,-97.87016310770623,537.786
858,21,18,-81.27901889671996,-97.8701699378954,538.266
859,21,19,-89.74377478795431,82.13040197676204,537.693
860,21,20,-80.76375625592337,82.12986239181761,536.05
861,21,21,-71.78025432741572,82.12985556162845,533.41
862,21,22,-62.792736247676096,82.12984873143928,529.933
863,21,23,-53.80077854497597,82.12984873143928,525.853
864,21,24,-44.8041387475998,82.12984873143928,521.456
865,21,25,-35.80265634610209,82.12984873143928,517.056
866,21,26,-26.796462821624363,82.12984873143928,512.966
867,21,27,-17.785705023233774,82.12984873143928,509.474
868,21,28,-8.770781663223127,82.1298419012501,506.812
869,21,29,0.24780459917335168,82.1298419012501,505.141
870,21,30,9.26944438301565,82.1298419012501,504.532
871,21,31,18.293454455943355,82.1298419012501,504.968
872,21,32,27.319102066724568,82.1298419012501,506.341
873,21,33,36.34564955492893,82.1298419012501,508.47
874,21,34,45.37234218465316,82.1298419012501,511.112
875,21,35,54.39854987094631,82.1298419012501,513.995
876,21,36,63.42362716093183,82.1298419012501,516.841
877,21,37,72.44701739419236,82.12983507106094,519.39
878,21,38,81.46825611786433,82.12982824087176,521.434
879,21,39,89.51303733741294,-97.86986257938275,522.83
880,22,0,85.00474365498934,-88.87012529121797,523.262
881,22,1,75.99040342237909,-88.87013895159632,523.592
882,22,2,66.97923922773288,-88.87014578178548,523.271
883,22,3,57.97140816540164,-88.87014578178548,522.436
884,22,4,48.96700927312834,-88.87014578178548,521.278
885,22,5,39.96610743771008,-88.87015261197466,520.028
886,22,6,30.968719734619793,-88.87015261197466,518.924
887,22,7,21.97483933366831,-88.87015261197466,518.19
888,22,8,12.984389395227462,-88.87015261197466,518.008
889,22,9,3.9972725891015823,-88.87015261197466,518.499
890,22,10,-4.986698488024683,-88.87015261197466,519.712
891,22,11,-13.967753074375354,-88.87015261197466,521.611
892,22,12,-22.946228837427523,-88.87015261197466,524.084
893,22,13,-31.92252491636081,-88.87015261197466,526.946
894,22,14,-40.89712369328535,-88.87015261197466,529.957
895,22,15,-49.8706262248481,-88.87015261197466,532.848
896,22,16,-58.843677963925636,-88.87015261197466,535.342
897,22,17,-67.81696192943494,-88.87015944216382,537.181
898,22,18,-76.7912635931306,-88.87015944216382,538.153
899,22,19,-85.76731378525376,-88.87018676292051,538.115
900,22,20,-85.25415484272153,91.12987971773836,537.003
901,22,21,-76.27247657472228,91.12985922717084,534.846
902,22,22,-67.287021212112,91.12985239698168,531.763
903,22,23,-58.297331132216314,91.12985239698168,527.952
904,22,24,-49.30305116519838,91.12985239698168,523.675
905,22,25,-40.304007141234365,91.12985239698168,519.236
906,22,26,-31.30013075843257,91.12985239698168,514.953
907,22,27,-22.29163033756267,91.12985239698168,511.13
908,22,28,-13.278735543735516,91.12984556679251,508.028
909,22,29,-4.261910829814665,91.12984556679251,505.846
910,22,30,4.7582841555747635,91.12984556679251,504.702
911,22,31,13.781197556253858,91.12984556679251,504.624
912,22,32,22.80611945943576,91.12984556679251,505.547
913,22,33,31.832308362708698,91.12984556679251,507.325
914,22,34,40.85900440752751,91.12984556679251,509.743
915,22,35,49.88555018818458,91.12984556679251,512.541
916,22,36,58.91126268576291,91.12984556679251,515.44
917,22,37,67.93556133418305,91.12983873660333,518.167
918,22,38,76.95793386925725,91.12983873660333,520.486
919,22,39,85.97794998906778,91.12981141584666,522.219
920,23,0,80.4971876329961,-79.87013528605391,523.514
921,23,1,71.48441151370578,-79.87014211624309,523.506
922,23,2,62.47490022483872,-79.87014211624309,522.907
923,23,3,53.46877670979999,-79.87014211624309,521.884
924,23,4,44.46611951576504,-79.87014894643225,520.65
925,23,5,35.466976454058056,-79.87014894643225,519.443
926,23,6,26.47134240203717,-79.87014894643225,518.498
927,23,7,17.4791900389457,-79.87014894643225,518.02
928,23,8,8.490428011003491,-79.87014894643225,518.164
929,23,9,-0.4950936791469261,-79.87014894643225,519.015
930,23,10,-9.477567930988755,-79.87014894643225,520.581
931,23,11,-18.45729020356445,-79.87014894643225,522.786
932,23,12,-27.434612518420533,-79.87014894643225,525.48
933,23,13,-36.40999335200504,-79.87014894643225,528.449
934,23,14,-45.383973996809694,-79.87014894643225,531.435
935,23,15,-54.357165754765205,-79.87014894643225,534.162
936,23,16,-63.33025164478859,-79.87015577662143,536.358
937,23,17,-72.30393859145893,-79.87015577662143,537.786
938,23,18,-81.27901889671996,-79.8701626068106,538.266
939,23,19,-89.74377478795431,100.13040930784685,537.693
940,23,20,-80.76375625592337,100.12986972290241,536.05
941,23,21,-71.78025432741572,100.12986289271325,533.41
942,23,22,-62.792736247676096,100.12985606252408,529.933
943,23,23,-53.80077854497597,100.12985606252408,525.853
944,23,24,-44.8041387475998,100.12985606252408,521.456
945,23,25,-35.80265634610209,100.12985606252408,517.056
946,23,26,-26.796462821624363,100.12985606252408,512.966
947,23,27,-17.785705023233774,100.12985606252408,509.474
948,23,28,-8.770781663223127,100.1298492323349,506.812
949,23,29,0.24780459917335168,100.1298492323349,505.141
950,23,30,9.26944438301565,100.1298492323349,504.532
951,23,31,18.293454455943355,100.1298492323349,504.968
952,23,32,27.319102066724568,100.1298492323349,506.341
953,23,33,36.34564955492893,100.1298492323349,508.47
954,23,34,45.37234218465316,100.1298492323349,511.112
955,23,35,54.39854987094631,100.1298492323349,513.995
956,23,36,63.42362716093183,100.1298492323349,516.841
957,23,37,72.44701739419236,100.12984240214574,519.39
958,23,38,81.46825611786433,100.12983557195656,521.434
959,23,39,89.51303733741294,-79.86985524829795,522.83
960,24,0,85.00474365498934,-70.87011796013317,523.262
961,24,1,75.99040342237909,-70.87013162051151,523.592
962,24,2,66.97923922773288,-70.87013845070068,523.271
963,24,3,57.97140816540164,-70.87013845070068,522.436
964,24,4,48.96700927312834,-70.87013845070068,521.278
965,24,5,39.96610743771008,-70.87014528088986,520.028
966,24,6,30.968719734619793,-70.87014528088986,518.924
967,24,7,21.97483933366831,-70.87014528088986,518.19
968,24,8,12.984389395227462,-70.87014528088986,518.008
969,24,9,3.9972725891015823,-70.87014528088986,518.499
970,24,10,-4.986698488024683,-70.87014528088986,519.712
971,24,11,-13.967753074375354,-70.87014528088986,521.611
972,24,12,-22.946228837427523,-70.87014528088986,524.084
973,24,13,-31.92252491636081,-70.87014528088986,526.946
974,24,14,-40.89712369328535,-70.87014528088986,529.957
975,24,15,-49.8706262248481,-70.87014528088986,532.848
976,24,16,-58.843677963925636,-70.87014528088986,535.342
977,24,17,-67.81696192943494,-70.87015211107902,537.181
978,24,18,-76.7912635931306,-70.87015211107902,538.153
979,24,19,-85.76731378525376,-70.87017943183571,538.115
980,24,20,-85.25415484272153,109.12988704882316,537.003
981,24,21,-76.27247657472228,109.12986655825566,534.846
982,24,22,-67.287021212112,109.12985972806648,531.763
983,24,23,-58.297331132216314,109.12985972806648,527.952
984,24,24,-49.30305116519838,109.12985972806648,523.675
985,24,25,-40.304007141234365,109.12985972806648,519.236
986,24,26,-31.30013075843257,109.12985972806648,514.953
987,24,27,-22.29163033756267,109.12985972806648,511.13
988,24,28,-13.278735543735516,109.12985289787731,508.028
989,24,29,-4.261910829814665,109.12985289787731,505.846
990,24,30,4.7582841555747635,109.12985289787731,504.702
991,24,31,13.781197556253858,109.12985289787731,504.624
992,24,32,22.80611945943576,109.12985289787731,505.547
993,24,33,31.832308362708698,109.12985289787731,507.325
994,24,34,40.85900440752751,109.12985289787731,509.743
995,24,35,49.88555018818458,109.12985289787731,512.541
996,24,36,58.91126268576291,109.12985289787731,515.44
997,24,37,67.93556133418305,109.12984606768813,518.167
998,24,38,76.95793386925725,109.12984606768813,520.486
999,24,39,85.97794998906778,109.12981874693146,522.219
1000,25,0,80.4971876329961,-61.87014161534745,523.514
1001,25,1,71.48441151370578,-61.87014844553662,523.506
1002,25,2,62.47490022483872,-61.87014844553662,522.907
1003,25,3,53.46877670979999,-61.87014844553662,521.884
1004,25,4,44.46611951576504,-61.87015527572579,520.65
1005,25,5,35.466976454058056,-61.87015527572579,519.443
1006,25,6,26.47134240203717,-61.87015527572579,518.498
1007,25,7,17.4791900389457,-61.87015527572579,518.02
1008,25,8,8.490428011003491,-61.87015527572579,518.164
1009,25,9,-0.4950936791469261,-61.87015527572579,519.015
1010,25,10,-9.477567930988755,-61.87015527572579,520.581
1011,25,11,-18.45729020356445,-61.87015527572579,522.786
1012,25,12,-27.434612518420533,-61.87015527572579,525.48
1013,25,13,-36.40999335200504,-61.87015527572579,528.449
1014,25,14,-45.383973996809694,-61.87015527572579,531.435
1015,25,15,-54.357165754765205,-61.87015527572579,534.162
1016,25,16,-63.33025164478859,-61.870162105914964,536.358
1017,25,17,-72.30393859145893,-61.870162105914964,537.786
1018,25,18,-81.27901889671996,-61.870168936104136,538.266
1019,25,19,-89.74377478795431,118.1304029785533,537.693
1020,25,20,-80.76375625592337,118.12985656341971,536.05
1021,25,21,-71.78025432741572,118.12985656341971,533.41
1022,25,22,-62.792736247676096,118.12985656341971,529.933
1023,25,23,-53.80077854497597,118.12984290304136,525.853
1024,25,24,-44.8041387475998,118.12984290304136,521.456
1025,25,25,-35.80265634610209,118.12984290304136,517.056
1026,25,26,-26.796462821624363,118.12984290304136,512.966
1027,25,27,-17.785705023233774,118.12984290304136,509.474
1028,25,28,-8.770781663223127,118.12984290304136,506.812
1029,25,29,0.24780459917335168,118.12984290304136,505.141
1030,25,30,9.26944438301565,118.12984290304136,504.532
1031,25,31,18.293454455943355,118.12984290304136,504.968
1032,25,32,27.319102066724568,118.12984290304136,506.341
1033,25,33,36.34564955492893,118.12984290304136,508.47
1034,25,34,45.37234218465316,118.12984290304136,511.112
1035,25,35,54.39854987094631,118.12984290304136,513.995
1036,25,36,63.42362716093183,118.12984290304136,516.841
1037,25,37,72.44701739419236,118.12984290304136,519.39
1038,25,38,81.46825611786433,118.12982924266304,521.434
1039,25,39,89.51303733741294,-61.86986157759148,522.83
1040,26,0,85.00474365498934,-52.87010721395379,523.262
1041,26,1,75.99040342237909,-52.870127704521295,523.592
1042,26,2,66.97923922773288,-52.870131119615884,523.271
1043,26,3,57.97140816540164,-52.870134534710466,522.436
1044,26,4,48.96700927312834,-52.870134534710466,521.278
1045,26,5,39.96610743771008,-52.870134534710466,520.028
1046,26,6,30.968719734619793,-52.870134534710466,518.924
1047,26,7,21.97483933366831,-52.870134534710466,518.19
1048,26,8,12.984389395227462,-52.87013794980505,518.008
1049,26,9,3.9972725891015823,-52.87013794980505,518.499
1050,26,10,-4.986698488024683,-52.87013794980505,519.712
1051,26,11,-13.967753074375354,-52.87013794980505,521.611
1052,26,12,-22.946228837427523,-52.87013794980505,524.084
1053,26,13,-31.92252491636081,-52.87013794980505,526.946
1054,26,14,-40.89712369328535,-52.87013794980505,529.957
1055,26,15,-49.8706262248481,-52.87014136489964,532.848
1056,26,16,-58.843677963925636,-52.87014136489964,535.342
1057,26,17,-67.81696192943494,-52.87014477999422,537.181
1058,26,18,-76.7912635931306,-52.8701481950888,538.153
1059,26,19,-85.76731378525376,-52.8701721007509,538.115
1060,26,20,-85.25415484272153,127.12988754971879,537.003
1061,26,21,-76.27247657472228,127.12987388934046,534.846
1062,26,22,-67.287021212112,127.12987388934046,531.763
1063,26,23,-58.297331132216314,127.12986022896212,527.952
1064,26,24,-49.30305116519838,127.12986022896212,523.675
1065,26,25,-40.304007141234365,127.12986022896212,519.236
1066,26,26,-31.30013075843257,127.12986022896212,514.953
1067,26,27,-22.29163033756267,127.12986022896212,511.13
1068,26,28,-13.278735543735516,127.12986022896212,508.028
1069,26,29,-4.261910829814665,127.12986022896212,505.846
1070,26,30,4.7582841555747635,127.12986022896212,504.702
1071,26,31,13.781197556253858,127.12986022896212,504.624
1072,26,32,22.80611945943576,127.12986022896212,505.547
1073,26,33,31.832308362708698,127.12986022896212,507.325
1074,26,34,40.85900440752751,127.12986022896212,509.743
1075,26,35,49.88555018818458,127.12986022896212,512.541
1076,26,36,58.91126268576291,127.12986022896212,515.44
1077,26,37,67.93556133418305,127.12986022896212,518.167
1078,26,38,76.95793386925725,127.12984656858377,520.486
1079,26,39,85.97794998906778,127.12983290820543,522.219
1080,27,0,80.4971876329961,-43.8701445295464,523.514
1081,27,1,71.48441151370578,-43.87015477483016,523.506
1082,27,2,62.47490022483872,-43.87015477483016,522.907
1083,27,3,53.46877670979999,-43.870158189924744,521.884
1084,27,4,44.46611951576504,-43.870158189924744,520.65
1085,27,5,35.466976454058056,-43.870158189924744,519.443
1086,27,6,26.47134240203717,-43.870158189924744,518.498
1087,27,7,17.4791900389457,-43.87016160501933,518.02
1088,27,8,8.490428011003491,-43.87016160501933,518.164
1089,27,9,-0.4950936791469261,-43.87016160501933,519.015
1090,27,10,-9.477567930988755,-43.87016160501933,520.581
1091,27,11,-18.45729020356445,-43.87016160501933,522.786
1092,27,12,-27.434612518420533,-43.87016160501933,525.48
1093,27,13,-36.40999335200504,-43.87016160501933,528.449
1094,27,14,-45.383973996809694,-43.870165020113916,531.435
1095,27,15,-54.357165754765205,-43.870165020113916,534.162
1096,27,16,-63.33025164478859,-43.870165020113916,536.358
1097,27,17,-72.30393859145893,-43.8701684352085,537.786
1098,27,18,-81.27901889671996,-43.87017868049225,538.266
1099,27,19,-89.74377478795431,136.13039664925978,537.693
1100,27,20,-80.76375625592337,136.12985023412617,536.05
1101,27,21,-71.78025432741572,136.12985023412617,533.41
1102,27,22,-62.792736247676096,136.12985023412617,529.933
1103,27,23,-53.80077854497597,136.12983657374784,525.853
1104,27,24,-44.8041387475998,136.12983657374784,521.456
1105,27,25,-35.80265634610209,136.12983657374784,517.056
1106,27,26,-26.796462821624363,136.12983657374784,512.966
1107,27,27,-17.785705023233774,136.12983657374784,509.474
1108,27,28,-8.770781663223127,136.12983657374784,506.812
1109,27,29,0.24780459917335168,136.12983657374784,505.141
1110,27,30,9.26944438301565,136.12983657374784,504.532
1111,27,31,18.293454455943355,136.12983657374784,504.968
1112,27,32,27.319102066724568,136.12983657374784,506.341
1113,27,33,36.34564955492893,136.12983657374784,508.47
1114,27,34,45.37234218465316,136.12983657374784,511.112
1115,27,35,54.39854987094631,136.12983657374784,513.995
1116,27,36,63.42362716093183,136.12983657374784,516.841
1117,27,37,72.44701739419236,136.12983657374784,519.39
1118,27,38,81.46825611786433,136.12982291336948,521.434
1119,27,39,89.51303733741294,-43.86986449179043,522.83
1120,28,0,85.00474365498934,-34.870127203625664,523.262
1121,28,1,75.99040342237909,-34.87014769419317,523.592
1122,28,2,66.97923922773288,-34.87015110928776,523.271
1123,28,3,57.97140816540164,-34.87015452438234,522.436
1124,28,4,48.96700927312834,-34.87015452438234,521.278
1125,28,5,39.96610743771008,-34.87015452438234,520.028
1126,28,6,30.968719734619793,-34.87015452438234,518.924
1127,28,7,21.97483933366831,-34.87015452438234,518.19
1128,28,8,12.984389395227462,-34.870157939476925,518.008
1129,28,9,3.9972725891015823,-34.870157939476925,518.499
1130,28,10,-4.986698488024683,-34.870157939476925,519.712
1131,28,11,-13.967753074375354,-34.870157939476925,521.611
1132,28,12,-22.946228837427523,-34.870157939476925,524.084
1133,28,13,-31.92252491636081,-34.870157939476925,526.946
1134,28,14,-40.89712369328535,-34.870157939476925,529.957
1135,28,15,-49.8706262248481,-34.870161354571515,532.848
1136,28,16,-58.843677963925636,-34.870161354571515,535.342
1137,28,17,-67.81696192943494,-34.8701647696661,537.181
1138,28,18,-76.7912635931306,-34.87016818476068,538.153
1139,28,19,-85.76731378525376,-34.870192090422776,538.115
1140,28,20,-85.25415484272153,145.1298675600469,537.003
1141,28,21,-76.27247657472228,145.12985389966857,534.846
1142,28,22,-67.287021212112,145.12985389966857,531.763
1143,28,23,-58.297331132216314,145.12984023929025,527.952
1144,28,24,-49.30305116519838,145.12984023929025,523.675
1145,28,25,-40.304007141234365,145.12984023929025,519.236
1146,28,26,-31.30013075843257,145.12984023929025,514.953
1147,28,27,-22.29163033756267,145.12984023929025,511.13
1148,28,28,-13.278735543735516,145.12984023929025,508.028
1149,28,29,-4.261910829814665,145.12984023929025,505.846
1150,28,30,4.7582841555747635,145.12984023929025,504.702
1151,28,31,13.781197556253858,145.12984023929025,504.624
1152,28,32,22.80611945943576,145.12984023929025,505.547
1153,28,33,31.832308362708698,145.12984023929025,507.325
1154,28,34,40.85900440752751,145.12984023929025,509.743
1155,28,35,49.88555018818458,145.12984023929025,512.541
1156,28,36,58.91126268576291,145.12984023929025,515.44
1157,28,37,67.93556133418305,145.12984023929025,518.167
1158,28,38,76.95793386925725,145.1298265789119,520.486
1159,28,39,85.97794998906778,145.12981291853356,522.219
1160,29,0,80.4971876329961,-25.870138906008894,523.514
1161,29,1,71.48441151370578,-25.87014573619806,523.506
1162,29,2,62.47490022483872,-25.870149151292647,522.907
1163,29,3,53.46877670979999,-25.870150858839942,521.884
1164,29,4,44.46611951576504,-25.870150858839942,520.65
1165,29,5,35.466976454058056,-25.870150858839942,519.443
1166,29,6,26.47134240203717,-25.870152566387233,518.498
1167,29,7,17.4791900389457,-25.870152566387233,518.02
1168,29,8,8.490428011003491,-25.870152566387233,518.164
1169,29,9,-0.4950936791469261,-25.870154273934524,519.015
1170,29,10,-9.477567930988755,-25.870154273934524,520.581
1171,29,11,-18.45729020356445,-25.870154273934524,522.786
1172,29,12,-27.434612518420533,-25.870154273934524,525.48
1173,29,13,-36.40999335200504,-25.87015598148182,528.449
1174,29,14,-45.383973996809694,-25.87015598148182,531.435
1175,29,15,-54.357165754765205,-25.87015768902911,534.162
1176,29,16,-63.33025164478859,-25.87015768902911,536.358
1177,29,17,-72.30393859145893,-25.870161104123696,537.786
1178,29,18,-81.27901889671996,-25.87016964186016,538.266
1179,29,19,-89.74377478795431,154.13040398034457,537.693
1180,29,20,-80.76375625592337,154.12985756521098,536.05
1181,29,21,-71.78025432741572,154.12985756521098,533.41
1182,29,22,-62.792736247676096,154.12985756521098,529.933
1183,29,23,-53.80077854497597,154.12984390483263,525.853
1184,29,24,-44.8041387475998,154.12984390483263,521.456
1185,29,25,-35.80265634610209,154.12984390483263,517.056
1186,29,26,-26.796462821624363,154.12984390483263,512.966
1187,29,27,-17.785705023233774,154.12984390483263,509.474
1188,29,28,-8.770781663223127,154.12984390483263,506.812
1189,29,29,0.24780459917335168,154.12984390483263,505.141
1190,29,30,9.26944438301565,154.12984390483263,504.532
1191,29,31,18.293454455943355,154.12984390483263,504.968
1192,29,32,27.319102066724568,154.12984390483263,506.341
1193,29,33,36.34564955492893,154.12984390483263,508.47
1194,29,34,45.37234218465316,154.12984390483263,511.112
1195,29,35,54.39854987094631,154.12984390483263,513.995
1196,29,36,63.42362716093183,154.12984390483263,516.841
1197,29,37,72.44701739419236,154.12984390483263,519.39
1198,29,38,81.46825611786433,154.1298302444543,521.434
1199,29,39,89.51303733741294,-25.869858868252923,522.83
1200,30,0,85.00474365498934,-16.870121580088153,523.262
1201,30,1,75.99040342237909,-16.87014036310837,523.592
1202,30,2,66.97923922773288,-16.870143778202955,523.271
1203,30,3,57.97140816540164,-16.870145485750246,522.436
1204,30,4,48.96700927312834,-16.87014719329754,521.278
1205,30,5,39.96610743771008,-16.87014719329754,520.028
1206,30,6,30.968719734619793,-16.870148900844832,518.924
1207,30,7,21.97483933366831,-16.870148900844832,518.19
1208,30,8,12.984389395227462,-16.870148900844832,518.008
1209,30,9,3.9972725891015823,-16.870148900844832,518.499
1210,30,10,-4.986698488024683,-16.870150608392123,519.712
1211,30,11,-13.967753074375354,-16.870150608392123,521.611
1212,30,12,-22.946228837427523,-16.870150608392123,524.084
1213,30,13,-31.92252491636081,-16.870150608392123,526.946
1214,30,14,-40.89712369328535,-16.870152315939418,529.957
1215,30,15,-49.8706262248481,-16.870152315939418,532.848
1216,30,16,-58.843677963925636,-16.87015402348671,535.342
1217,30,17,-67.81696192943494,-16.870155731034,537.181
1218,30,18,-76.7912635931306,-16.87016085367588,538.153
1219,30,19,-85.76731378525376,-16.870183051790683,538.115
1220,30,20,-85.25415484272153,163.12987489113172,537.003
1221,30,21,-76.27247657472228,163.1298612307534,534.846
1222,30,22,-67.287021212112,163.1298612307534,531.763
1223,30,23,-58.297331132216314,163.12984757037503,527.952
1224,30,24,-49.30305116519838,163.12984757037503,523.675
1225,30,25,-40.304007141234365,163.12984757037503,519.236
1226,30,26,-31.30013075843257,163.12984757037503,514.953
1227,30,27,-22.29163033756267,163.12984757037503,511.13
1228,30,28,-13.278735543735516,163.12984757037503,508.028
1229,30,29,-4.261910829814665,163.12984757037503,505.846
1230,30,30,4.7582841555747635,163.12984757037503,504.702
1231,30,31,13.781197556253858,163.12984757037503,504.624
1232,30,32,22.80611945943576,163.12984757037503,505.547
1233,30,33,31.832308362708698,163.12984757037503,507.325
1234,30,34,40.85900440752751,163.12984757037503,509.743
1235,30,35,49.88555018818458,163.12984757037503,512.541
1236,30,36,58.91126268576291,163.12984757037503,515.44
1237,30,37,67.93556133418305,163.12984757037503,518.167
1238,30,38,76.95793386925725,163.1298339099967,520.486
1239,30,39,85.97794998906778,163.12982024961835,522.219
1240,31,0,80.4971876329961,-7.87013157492409,523.514
1241,31,1,71.48441151370578,-7.87013840511326,523.506
1242,31,2,62.47490022483872,-7.870140966434199,522.907
1243,31,3,53.46877670979999,-7.8701426739814915,521.884
1244,31,4,44.46611951576504,-7.870143527755137,520.65
1245,31,5,35.466976454058056,-7.8701443815287835,519.443
1246,31,6,26.47134240203717,-7.87014523530243,518.498
1247,31,7,17.4791900389457,-7.87014523530243,518.02
1248,31,8,8.490428011003491,-7.870146089076076,518.164
1249,31,9,-0.4950936791469261,-7.870146089076076,519.015
1250,31,10,-9.477567930988755,-7.870146942849723,520.581
1251,31,11,-18.45729020356445,-7.870146942849723,522.786
1252,31,12,-27.434612518420533,-7.870147796623368,525.48
1253,31,13,-36.40999335200504,-7.870147796623368,528.449
1254,31,14,-45.383973996809694,-7.870148650397015,531.435
1255,31,15,-54.357165754765205,-7.870149504170661,534.162
1256,31,16,-63.33025164478859,-7.870151211717953,536.358
1257,31,17,-72.30393859145893,-7.870153773038893,537.786
1258,31,18,-81.27901889671996,-7.870162310775355,538.266
1259,31,19,-89.74377478795431,172.13041131142938,537.693
1260,31,20,-80.76375625592337,172.12986489629577,536.05
1261,31,21,-71.78025432741572,172.12986489629577,533.41
1262,31,22,-62.792736247676096,172.12986489629577,529.933
1263,31,23,-53.80077854497597,172.12985123591744,525.853
1264,31,24,-44.8041387475998,172.12985123591744,521.456
1265,31,25,-35.80265634610209,172.12985123591744,517.056
1266,31,26,-26.796462821624363,172.12985123591744,512.966
1267,31,27,-17.785705023233774,172.12985123591744,509.474
1268,31,28,-8.770781663223127,172.12985123591744,506.812
1269,31,29,0.24780459917335168,172.12985123591744,505.141
1270,31,30,9.26944438301565,172.12985123591744,504.532
1271,31,31,18.293454455943355,172.12985123591744,504.968
1272,31,32,27.319102066724568,172.12985123591744,506.341
1273,31,33,36.34564955492893,172.12985123591744,508.47
1274,31,34,45.37234218465316,172.12985123591744,511.112
1275,31,35,54.39854987094631,172.12985123591744,513.995
1276,31,36,63.42362716093183,172.12985123591744,516.841
1277,31,37,72.44701739419236,172.12985123591744,519.39
1278,31,38,81.46825611786433,172.1298375755391,521.434
1279,31,39,89.51303733741294,-7.8698515371681195,522.83
1280,32,0,85.00474365498934,1.129886177883475,523.262
1281,32,1,75.99040342237909,1.129867608306669,523.592
1282,32,2,66.97923922773288,1.1298634461601436,523.271
1283,32,3,57.97140816540164,1.1298615251694395,522.436
1284,32,4,48.96700927312834,1.1298604579523817,521.278
1285,32,5,39.96610743771008,1.1298596041787354,520.028
1286,32,6,30.968719734619793,1.1298590705702065,518.924
1287,32,7,21.97483933366831,1.1298585369616776,518.19
1288,32,8,12.984389395227462,1.1298581100748544,518.008
1289,32,9,3.9972725891015823,1.1298576831880314,518.499
1290,32,10,-4.986698488024683,1.129857363022914,519.712
1291,32,11,-13.967753074375354,1.1298569361360908,521.611
1292,32,12,-22.946228837427523,1.1298565092492676,524.084
1293,32,13,-31.92252491636081,1.1298559756407387,526.946
1294,32,14,-40.89712369328535,1.129855335310504,529.957
1295,32,15,-49.8706262248481,1.1298545882585636,532.848
1296,32,16,-58.843677963925636,1.1298534143198,535.342
1297,32,17,-67.81696192943494,1.1298513866073903,537.181
1298,32,18,-76.7912635931306,1.1298469042957473,538.153
1299,32,19,-85.76731378525376,1.129823638963887,538.115
1300,32,20,-85.25415484272153,-178.8701141353178,537.003
1301,32,21,-76.27247657472228,-178.87012779569613,534.846
1302,32,22,-67.287021212112,-178.8701414560745,531.763
1303,32,23,-58.297331132216314,-178.8701414560745,527.952
1304,32,24,-49.30305116519838,-178.8701414560745,523.675
1305,32,25,-40.304007141234365,-178.8701414560745,519.236
1306,32,26,-31.30013075843257,-178.8701414560745,514.953
1307,32,27,-22.29163033756267,-178.8701414560745,511.13
1308,32,28,-13.278735543735516,-178.8701414560745,508.028
1309,32,29,-4.261910829814665,-178.8701414560745,505.846
1310,32,30,4.7582841555747635,-178.8701414560745,504.702
1311,32,31,13.781197556253858,-178.8701414560745,504.624
1312,32,32,22.80611945943576,-178.8701414560745,505.547
1313,32,33,31.832308362708698,-178.8701414560745,507.325
1314,32,34,40.85900440752751,-178.8701414560745,509.743
1315,32,35,49.88555018818458,-178.8701414560745,512.541
1316,32,36,58.91126268576291,-178.8701414560745,515.44
1317,32,37,67.93556133418305,-178.87015511645282,518.167
1318,32,38,76.95793386925725,-178.87015511645282,520.486
1319,32,39,85.97794998906778,-178.8701824372095,522.219
1320,33,0,80.4971876329961,10.129875756160713,523.514
1321,33,1,71.48441151370578,10.129868925971543,523.506
1322,33,2,62.47490022483872,10.129866364650605,522.907
1323,33,3,53.46877670979999,10.129864657103312,521.884
1324,33,4,44.46611951576504,10.129863803329666,520.65
1325,33,5,35.466976454058056,10.129862949556019,519.443
1326,33,6,26.47134240203717,10.129862095782373,518.498
1327,33,7,17.4791900389457,10.129862095782373,518.02
1328,33,8,8.490428011003491,10.129861242008728,518.164
1329,33,9,-0.4950936791469261,10.129861242008728,519.015
1330,33,10,-9.477567930988755,10.12986038823508,520.581
1331,33,11,-18.45729020356445,10.12986038823508,522.786
1332,33,12,-27.434612518420533,10.129859534461435,525.48
1333,33,13,-36.40999335200504,10.129859534461435,528.449
1334,33,14,-45.383973996809694,10.12985868068779,531.435
1335,33,15,-54.357165754765205,10.129857826914142,534.162
1336,33,16,-63.33025164478859,10.129856119366849,536.358
1337,33,17,-72.30393859145893,10.12985355804591,537.786
1338,33,18,-81.27901889671996,10.129845020309448,538.266
1339,33,19,-89.74377478795431,-169.86957771502014,537.693
1340,33,20,-80.76375625592337,-169.87012413015376,536.05
1341,33,21,-71.78025432741572,-169.87013779053208,533.41
1342,33,22,-62.792736247676096,-169.87013779053208,529.933
1343,33,23,-53.80077854497597,-169.87013779053208,525.853
1344,33,24,-44.8041387475998,-169.87013779053208,521.456
1345,33,25,-35.80265634610209,-169.87013779053208,517.056
1346,33,26,-26.796462821624363,-169.87013779053208,512.966
1347,33,27,-17.785705023233774,-169.87013779053208,509.474
1348,33,28,-8.770781663223127,-169.87013779053208,506.812
1349,33,29,0.24780459917335168,-169.87013779053208,505.141
1350,33,30,9.26944438301565,-169.87013779053208,504.532
1351,33,31,18.293454455943355,-169.87013779053208,504.968
1352,33,32,27.319102066724568,-169.87013779053208,506.341
1353,33,33,36.34564955492893,-169.87013779053208,508.47
1354,33,34,45.37234218465316,-169.87013779053208,511.112
1355,33,35,54.39854987094631,-169.87013779053208,513.995
1356,33,36,63.42362716093183,-169.87013779053208,516.841
1357,33,37,72.44701739419236,-169.8701514509104,519.39
1358,33,38,81.46825611786433,-169.8701514509104,521.434
1359,33,39,89.51303733741294,10.130155793916684,522.83
1360,34,0,85.00474365498934,19.129865761324776,523.262
1361,34,1,75.99040342237909,19.129846978304556,523.592
1362,34,2,66.97923922773288,19.129843563209974,523.271
1363,34,3,57.97140816540164,19.12984185566268,522.436
1364,34,4,48.96700927312834,19.129840148115388,521.278
1365,34,5,39.96610743771008,19.129840148115388,520.028
1366,34,6,30.968719734619793,19.129838440568093,518.924
1367,34,7,21.97483933366831,19.129838440568093,518.19
1368,34,8,12.984389395227462,19.129838440568093,518.008
1369,34,9,3.9972725891015823,19.129838440568093,518.499
1370,34,10,-4.986698488024683,19.129836733020802,519.712
1371,34,11,-13.967753074375354,19.129836733020802,521.611
1372,34,12,-22.946228837427523,19.129836733020802,524.084
1373,34,13,-31.92252491636081,19.129836733020802,526.946
1374,34,14,-40.89712369328535,19.12983502547351,529.957
1375,34,15,-49.8706262248481,19.12983502547351,532.848
1376,34,16,-58.843677963925636,19.129833317926217,535.342
1377,34,17,-67.81696192943494,19.129831610378925,537.181
1378,34,18,-76.7912635931306,19.12982648773705,538.153
1379,34,19,-85.76731378525376,19.129804289622246,538.115
1380,34,20,-85.25415484272153,-160.87013412498968,537.003
1381,34,21,-76.27247657472228,-160.87014778536803,534.846
1382,34,22,-67.287021212112,-160.87016144574636,531.763
1383,34,23,-58.297331132216314,-160.87016144574636,527.952
1384,34,24,-49.30305116519838,-160.87016144574636,523.675
1385,34,25,-40.304007141234365,-160.87016144574636,519.236
1386,34,26,-31.30013075843257,-160.87016144574636,514.953
1387,34,27,-22.29163033756267,-160.87016144574636,511.13
1388,34,28,-13.278735543735516,-160.87016144574636,508.028
1389,34,29,-4.261910829814665,-160.87016144574636,505.846
1390,34,30,4.7582841555747635,-160.87016144574636,504.702
1391,34,31,13.781197556253858,-160.87016144574636,504.624
1392,34,32,22.80611945943576,-160.87016144574636,505.547
1393,34,33,31.832308362708698,-160.87016144574636,507.325
1394,34,34,40.85900440752751,-160.87016144574636,509.743
1395,34,35,49.88555018818458,-160.87016144574636,512.541
1396,34,36,58.91126268576291,-160.87016144574636,515.44
1397,34,37,67.93556133418305,-160.8701751061247,518.167
1398,34,38,76.95793386925725,-160.8701751061247,520.486
1399,34,39,85.97794998906778,-160.87020242688138,522.219
1400,35,0,80.4971876329961,28.129855766488838,523.514
1401,35,1,71.48441151370578,28.129848936299666,523.506
1402,35,2,62.47490022483872,28.12984552120508,522.907
1403,35,3,53.46877670979999,28.12984381365779,521.884
1404,35,4,44.46611951576504,28.12984381365779,520.65
1405,35,5,35.466976454058056,28.12984381365779,519.443
1406,35,6,26.47134240203717,28.129842106110498,518.498
1407,35,7,17.4791900389457,28.129842106110498,518.02
1408,35,8,8.490428011003491,28.129842106110498,518.164
1409,35,9,-0.4950936791469261,28.129840398563204,519.015
1410,35,10,-9.477567930988755,28.129840398563204,520.581
1411,35,11,-18.45729020356445,28.129840398563204,522.786
1412,35,12,-27.434612518420533,28.129840398563204,525.48
1413,35,13,-36.40999335200504,28.129838691015912,528.449
1414,35,14,-45.383973996809694,28.129838691015912,531.435
1415,35,15,-54.357165754765205,28.129836983468618,534.162
1416,35,16,-63.33025164478859,28.129836983468618,536.358
1417,35,17,-72.30393859145893,28.129833568374035,537.786
1418,35,18,-81.27901889671996,28.129825030637573,538.266
1419,35,19,-89.74377478795431,-151.869597704692,537.693
1420,35,20,-80.76375625592337,-151.87014411982562,536.05
1421,35,21,-71.78025432741572,-151.87015778020395,533.41
1422,35,22,-62.792736247676096,-151.87015778020395,529.933
1423,35,23,-53.80077854497597,-151.87015778020395,525.853
1424,35,24,-44.8041387475998,-151.87015778020395,521.456
1425,35,25,-35.80265634610209,-151.87015778020395,517.056
1426,35,26,-26.796462821624363,-151.87015778020395,512.966
1427,35,27,-17.785705023233774,-151.87015778020395,509.474
1428,35,28,-8.770781663223127,-151.87015778020395,506.812
1429,35,29,0.24780459917335168,-151.87015778020395,505.141
1430,35,30,9.26944438301565,-151.87015778020395,504.532
1431,35,31,18.293454455943355,-151.87015778020395,504.968
1432,35,32,27.319102066724568,-151.87015778020395,506.341
1433,35,33,36.34564955492893,-151.87015778020395,508.47
1434,35,34,45.37234218465316,-151.87015778020395,511.112
1435,35,35,54.39854987094631,-151.87015778020395,513.995
1436,35,36,63.42362716093183,-151.87015778020395,516.841
1437,35,37,72.44701739419236,-151.8701714405823,519.39
1438,35,38,81.46825611786433,-151.8701714405823,521.434
1439,35,39,89.51303733741294,28.13013580424481,522.83
1440,36,0,85.00474365498934,37.12987479995687,523.262
1441,36,1,75.99040342237909,37.12985430938936,523.592
1442,36,2,66.97923922773288,37.129850894294776,523.271
1443,36,3,57.97140816540164,37.129847479200194,522.436
1444,36,4,48.96700927312834,37.129847479200194,521.278
1445,36,5,39.96610743771008,37.129847479200194,520.028
1446,36,6,30.968719734619793,37.129847479200194,518.924
1447,36,7,21.97483933366831,37.129847479200194,518.19
1448,36,8,12.984389395227462,37.129844064105605,518.008
1449,36,9,3.9972725891015823,37.129844064105605,518.499
1450,36,10,-4.986698488024683,37.129844064105605,519.712
1451,36,11,-13.967753074375354,37.129844064105605,521.611
1452,36,12,-22.946228837427523,37.129844064105605,524.084
1453,36,13,-31.92252491636081,37.129844064105605,526.946
1454,36,14,-40.89712369328535,37.129844064105605,529.957
1455,36,15,-49.8706262248481,37.12984064901102,532.848
1456,36,16,-58.843677963925636,37.12984064901102,535.342
1457,36,17,-67.81696192943494,37.12983723391643,537.181
1458,36,18,-76.7912635931306,37.12983381882185,538.153
1459,36,19,-85.76731378525376,37.129809913159754,538.115
1460,36,20,-85.25415484272153,-142.8701267939049,537.003
1461,36,21,-76.27247657472228,-142.87014045428322,534.846
1462,36,22,-67.287021212112,-142.87015411466155,531.763
1463,36,23,-58.297331132216314,-142.87015411466155,527.952
1464,36,24,-49.30305116519838,-142.87015411466155,523.675
1465,36,25,-40.304007141234365,-142.87015411466155,519.236
1466,36,26,-31.30013075843257,-142.87015411466155,514.953
1467,36,27,-22.29163033756267,-142.87015411466155,511.13
1468,36,28,-13.278735543735516,-142.87015411466155,508.028
1469,36,29,-4.261910829814665,-142.87015411466155,505.846
1470,36,30,4.7582841555747635,-142.87015411466155,504.702
1471,36,31,13.781197556253858,-142.87015411466155,504.624
1472,36,32,22.80611945943576,-142.87015411466155,505.547
1473,36,33,31.832308362708698,-142.87015411466155,507.325
1474,36,34,40.85900440752751,-142.87015411466155,509.743
1475,36,35,49.88555018818458,-142.87015411466155,512.541
1476,36,36,58.91126268576291,-142.87015411466155,515.44
1477,36,37,67.93556133418305,-142.8701677750399,518.167
1478,36,38,76.95793386925725,-142.8701677750399,520.486
1479,36,39,85.97794998906778,-142.8701950957966,522.219
1480,37,0,80.4971876329961,46.12986480512093,523.514
1481,37,1,71.48441151370578,46.12985455983718,523.506
1482,37,2,62.47490022483872,46.12985455983718,522.907
1483,37,3,53.46877670979999,46.129851144742595,521.884
1484,37,4,44.46611951576504,46.129851144742595,520.65
1485,37,5,35.466976454058056,46.129851144742595,519.443
1486,37,6,26.47134240203717,46.129851144742595,518.498
1487,37,7,17.4791900389457,46.129847729648006,518.02
1488,37,8,8.490428011003491,46.129847729648006,518.164
1489,37,9,-0.4950936791469261,46.129847729648006,519.015
1490,37,10,-9.477567930988755,46.129847729648006,520.581
1491,37,11,-18.45729020356445,46.129847729648006,522.786
1492,37,12,-27.434612518420533,46.129847729648006,525.48
1493,37,13,-36.40999335200504,46.129847729648006,528.449
1494,37,14,-45.383973996809694,46.129844314553424,531.435
1495,37,15,-54.357165754765205,46.129844314553424,534.162
1496,37,16,-63.33025164478859,46.129844314553424,536.358
1497,37,17,-72.30393859145893,46.129840899458834,537.786
1498,37,18,-81.27901889671996,46.12983065417508,538.266
1499,37,19,-89.74377478795431,-133.86959037360722,537.693
1500,37,20,-80.76375625592337,-133.8701367887408,536.05
1501,37,21,-71.78025432741572,-133.87015044911917,533.41
1502,37,22,-62.792736247676096,-133.87015044911917,529.933
1503,37,23,-53.80077854497597,-133.87015044911917,525.853
1504,37,24,-44.8041387475998,-133.87015044911917,521.456
1505,37,25,-35.80265634610209,-133.87015044911917,517.056
1506,37,26,-26.796462821624363,-133.87015044911917,512.966
1507,37,27,-17.785705023233774,-133.87015044911917,509.474
1508,37,28,-8.770781663223127,-133.87015044911917,506.812
1509,37,29,0.24780459917335168,-133.87015044911917,505.141
1510,37,30,9.26944438301565,-133.87015044911917,504.532
1511,37,31,18.293454455943355,-133.87015044911917,504.968
1512,37,32,27.319102066724568,-133.87015044911917,506.341
1513,37,33,36.34564955492893,-133.87015044911917,508.47
1514,37,34,45.37234218465316,-133.87015044911917,511.112
1515,37,35,54.39854987094631,-133.87015044911917,513.995
1516,37,36,63.42362716093183,-133.87015044911917,516.841
1517,37,37,72.44701739419236,-133.8701641094975,519.39
1518,37,38,81.46825611786433,-133.8701641094975,521.434
1519,37,39,89.51303733741294,46.1301448428769,522.83
1520,38,0,85.00474365498934,55.129882131041676,523.262
1521,38,1,75.99040342237909,55.12986164047417,523.592
1522,38,2,66.97923922773288,55.12985822537958,523.271
1523,38,3,57.97140816540164,55.129854810284996,522.436
1524,38,4,48.96700927312834,55.129854810284996,521.278
1525,38,5,39.96610743771008,55.129854810284996,520.028
1526,38,6,30.968719734619793,55.129854810284996,518.924
1527,38,7,21.97483933366831,55.129854810284996,518.19
1528,38,8,12.984389395227462,55.12985139519041,518.008
1529,38,9,3.9972725891015823,55.12985139519041,518.499
1530,38,10,-4.986698488024683,55.12985139519041,519.712
1531,38,11,-13.967753074375354,55.12985139519041,521.611
1532,38,12,-22.946228837427523,55.12985139519041,524.084
1533,38,13,-31.92252491636081,55.12985139519041,526.946
1534,38,14,-40.89712369328535,55.12985139519041,529.957
1535,38,15,-49.8706262248481,55.129847980095825,532.848
1536,38,16,-58.843677963925636,55.129847980095825,535.342
1537,38,17,-67.81696192943494,55.12984456500124,537.181
1538,38,18,-76.7912635931306,55.12984114990665,538.153
1539,38,19,-85.76731378525376,55.129817244244556,538.115
1540,38,20,-85.25415484272153,-124.87011946282007,537.003
1541,38,21,-76.27247657472228,-124.87013312319841,534.846
1542,38,22,-67.287021212112,-124.87014678357676,531.763
1543,38,23,-58.297331132216314,-124.87014678357676,527.952
1544,38,24,-49.30305116519838,-124.87014678357676,523.675
1545,38,25,-40.304007141234365,-124.87014678357676,519.236
1546,38,26,-31.30013075843257,-124.87014678357676,514.953
1547,38,27,-22.29163033756267,-124.87014678357676,511.13
1548,38,28,-13.278735543735516,-124.87014678357676,508.028
1549,38,29,-4.261910829814665,-124.87014678357676,505.846
1550,38,30,4.7582841555747635,-124.87014678357676,504.702
1551,38,31,13.781197556253858,-124.87014678357676,504.624
1552,38,32,22.80611945943576,-124.87014678357676,505.547
1553,38,33,31.832308362708698,-124.87014678357676,507.325
1554,38,34,40.85900440752751,-124.87014678357676,509.743
1555,38,35,49.88555018818458,-124.87014678357676,512.541
1556,38,36,58.91126268576291,-124.87014678357676,515.44
1557,38,37,67.93556133418305,-124.8701604439551,518.167
1558,38,38,76.95793386925725,-124.8701604439551,520.486
1559,38,39,85.97794998906778,-124.87018776471177,522.219
1560,39,0,80.4971876329961,64.12986872111115,523.514
1561,39,1,71.48441151370578,64.12986189092199,523.506
1562,39,2,62.47490022483872,64.12986189092199,522.907
1563,39,3,53.46877670979999,64.12986189092199,521.884
1564,39,4,44.46611951576504,64.12985506073281,520.65
1565,39,5,35.466976454058056,64.12985506073281,519.443
1566,39,6,26.47134240203717,64.12985506073281,518.498
1567,39,7,17.4791900389457,64.12985506073281,518.02
1568,39,8,8.490428011003491,64.12985506073281,518.164
1569,39,9,-0.4950936791469261,64.12985506073281,519.015
1570,39,10,-9.477567930988755,64.12985506073281,520.581
1571,39,11,-18.45729020356445,64.12985506073281,522.786
1572,39,12,-27.434612518420533,64.12985506073281,525.48
1573,39,13,-36.40999335200504,64.12985506073281,528.449
1574,39,14,-45.383973996809694,64.12985506073281,531.435
1575,39,15,-54.357165754765205,64.12985506073281,534.162
1576,39,16,-63.33025164478859,64.12984823054364,536.358
1577,39,17,-72.30393859145893,64.12984823054364,537.786
1578,39,18,-81.27901889671996,64.12984140035447,538.266
1579,39,19,-89.74377478795431,-115.86958304252241,537.693
1580,39,20,-80.76375625592337,-115.870129457656,536.05
1581,39,21,-71.78025432741572,-115.87014311803435,533.41
1582,39,22,-62.792736247676096,-115.87014311803435,529.933
1583,39,23,-53.80077854497597,-115.87014311803435,525.853
1584,39,24,-44.8041387475998,-115.87014311803435,521.456
1585,39,25,-35.80265634610209,-115.87014311803435,517.056
1586,39,26,-26.796462821624363,-115.87014311803435,512.966
1587,39,27,-17.785705023233774,-115.87014311803435,509.474
1588,39,28,-8.770781663223127,-115.87014311803435,506.812
1589,39,29,0.24780459917335168,-115.87014311803435,505.141
1590,39,30,9.26944438301565,-115.87014311803435,504.532
1591,39,31,18.293454455943355,-115.87014311803435,504.968
1592,39,32,27.319102066724568,-115.87014311803435,506.341
1593,39,33,36.34564955492893,-115.87014311803435,508.47
1594,39,34,45.37234218465316,-115.87014311803435,511.112
1595,39,35,54.39854987094631,-115.87014311803435,513.995
1596,39,36,63.42362716093183,-115.87014311803435,516.841
1597,39,37,72.44701739419236,-115.87015677841269,519.39
1598,39,38,81.46825611786433,-115.87015677841269,521.434
1599,39,39,89.51303733741294,64.13014875886712,522.83
