0,0,0,64.56782045069237,-104.86467979896031,517.183
1,0,1,73.59097162733194,-104.86467979896031,519.679
2,0,2,82.61190982268043,-104.86469345933865,521.647
3,0,3,88.36972514205533,75.13541400245522,522.954
4,0,4,79.35423743766451,75.13533887037435,523.547
5,0,5,70.34186429953522,75.13533204018519,523.458
6,0,6,61.33276965220753,75.13533204018519,522.794
7,0,7,52.327076439086504,75.13532520999601,521.732
8,0,8,43.32485637715843,75.13532520999601,520.489
9,0,9,34.326157277747505,75.13532520999601,519.303
10,0,10,25.330963772928087,75.13532520999601,518.407
11,0,11,16.339245126848912,75.13532520999601,518.001
12,0,12,7.350896325351489,75.13532520999601,518.232
13,0,13,-1.6342272394755106,75.13532520999601,519.175
14,0,14,-10.6163269514909,75.13532520999601,520.828
15,0,15,-19.59572222876008,75.13532520999601,523.106
16,0,16,-28.572776458691237,75.13532520999601,525.848
17,0,17,-37.547937018675015,75.13532520999601,528.834
18,0,18,-46.52177764460168,75.13532520999601,531.803
19,0,19,-55.49491134594925,75.13531837980685,534.477
20,0,20,-64.46802455672932,75.13531837980685,536.588
21,0,21,-73.44184127699388,75.13531837980685,537.905
22,0,22,-82.41714697849753,75.1353047194285,538.255
23,0,23,-88.6053393476641,-104.8645705159336,537.546
24,0,24,-79.62490417409377,-104.8646593083928,535.77
25,0,25,-70.64093779272257,-104.86466613858198,533.014
26,0,26,-61.652866467660175,-104.86467296877115,529.446
27,0,27,-52.66036576492103,-104.86467296877115,525.309
28,0,28,-43.66310783542498,-104.86467296877115,520.893
29,0,29,-34.66103462256406,-104.86467296877115,516.515
30,0,30,-25.654226381061036,-104.86467296877115,512.486
31,0,31,-16.642918752442263,-104.86467296877115,509.087
32,0,32,-7.627501911264081,-104.86467296877115,506.544
33,0,33,1.391506969087293,-104.86467296877115,505.004
34,0,34,10.413460087857766,-104.86467296877115,504.53
35,0,35,19.437719462690175,-104.86467296877115,505.092
36,0,36,28.46352587536959,-104.86467296877115,506.573
37,0,37,37.49013654282378,-104.86467979896031,508.78
38,0,38,46.51683258764259,-104.86467979896031,511.468
39,0,39,55.54293782109819,-104.86467979896031,514.362
40,1,0,69.07964534091685,-95.86468296360708,518.485
41,1,1,78.10173783823508,-95.86468296360708,520.739
42,1,2,87.12143976934381,-95.86472394474211,522.388
43,1,3,83.86160904455016,84.13534936610593,523.34
44,1,4,74.84765130253342,84.13533570572758,523.583
45,1,5,65.83689691923742,84.13532887553842,523.188
46,1,6,56.82948932863472,84.13532887553842,522.3
47,1,7,47.825530983562885,84.13532887553842,521.118
48,1,8,38.82506969534609,84.13532887553842,519.874
49,1,9,29.82812253945727,84.13532887553842,518.805
50,1,10,20.834679270612664,84.13532887553842,518.132
51,1,11,11.844657072768591,84.13532887553842,518.03
52,1,12,2.8579498645495,84.13532887553842,518.613
53,1,13,-6.125629970803371,84.13532204534926,519.916
54,1,14,-15.10634304769554,84.13532204534926,521.897
55,1,15,-24.08451572110329,84.13532204534926,524.431
56,1,16,-33.060564205679164,84.13532204534926,527.326
57,1,17,-42.03498539768528,84.13532204534926,530.338
58,1,18,-51.00838889150507,84.13532204534926,533.194
59,1,19,-59.98142355510968,84.13532204534926,535.618
60,1,20,-68.95478948288903,84.13532204534926,537.358
61,1,21,-77.92926190131392,84.13531521516008,538.209
62,1,22,-86.90557847081472,84.13528106421423,538.036
63,1,23,-84.11552815713455,-95.86464881266123,536.788
64,1,24,-75.13340592683925,-95.86466247303957,534.506
65,1,25,-66.14743830004122,-95.86466930322875,531.317
66,1,26,-57.1572086352011,-95.86466930322875,527.431
67,1,27,-48.16233785681997,-95.86466930322875,523.116
68,1,28,-39.162672285641484,-95.86466930322875,518.68
69,1,29,-30.158211921665647,-95.86467613341792,514.438
70,1,30,-21.14911385924337,-95.86467613341792,510.692
71,1,31,-12.135693994623773,-95.86467613341792,507.697
72,1,32,-3.1184099504812393,-95.86467613341792,505.642
73,1,33,5.90216752550171,-95.86467613341792,504.634
74,1,34,14.925349864879374,-95.86467613341792,504.687
75,1,35,23.950476673736375,-95.86467613341792,505.728
76,1,36,32.97677827513062,-95.86467613341792,507.6
77,1,37,42.00351871617904,-95.86467613341792,510.081
78,1,38,51.02999961003899,-95.86467613341792,512.907
79,1,39,60.05557208873933,-95.86467613341792,515.798
80,2,0,64.56782045069237,-86.86467929806469,517.183
81,2,1,73.59097162733194,-86.86467929806469,519.679
82,2,2,82.61190982268043,-86.86469295844303,521.647
83,2,3,88.36972514205533,93.13541450335086,522.954
84,2,4,79.35423743766451,93.13533937126999,523.547
85,2,5,70.34186429953522,93.13533254108081,523.458
86,2,6,61.33276965220753,93.13533254108081,522.794
87,2,7,52.327076439086504,93.13532571089165,521.732
88,2,8,43.32485637715843,93.13532571089165,520.489
89,2,9,34.326157277747505,93.13532571089165,519.303
90,2,10,25.330963772928087,93.13532571089165,518.407
91,2,11,16.339245126848912,93.13532571089165,518.001
92,2,12,7.350896325351489,93.13532571089165,518.232
93,2,13,-1.6342272394755106,93.13532571089165,519.175
94,2,14,-10.6163269514909,93.13532571089165,520.828
95,2,15,-19.59572222876008,93.13532571089165,523.106
96,2,16,-28.572776458691237,93.13532571089165,525.848
97,2,17,-37.547937018675015,93.13532571089165,528.834
98,2,18,-46.52177764460168,93.13532571089165,531.803
99,2,19,-55.49491134594925,93.13531888070248,534.477
100,2,20,-64.46802455672932,93.13531888070248,536.588
101,2,21,-73.44184127699388,93.13531888070248,537.905
102,2,22,-82.41714697849753,93.13530522032414,538.255
103,2,23,-88.6053393476641,-86.86457001503797,537.546
104,2,24,-79.62490417409377,-86.86465880749718,535.77
105,2,25,-70.64093779272257,-86.86466563768634,533.014
106,2,26,-61.652866467660175,-86.86467246787551,529.446
107,2,27,-52.66036576492103,-86.86467246787551,525.309
108,2,28,-43.66310783542498,-86.86467246787551,520.893
109,2,29,-34.66103462256406,-86.86467246787551,516.515
110,2,30,-25.654226381061036,-86.86467246787551,512.486
111,2,31,-16.642918752442263,-86.86467246787551,509.087
112,2,32,-7.627501911264081,-86.86467246787551,506.544
113,2,33,1.391506969087293,-86.86467246787551,505.004
114,2,34,10.413460087857766,-86.86467246787551,504.53
115,2,35,19.437719462690175,-86.86467246787551,505.092
116,2,36,28.46352587536959,-86.86467246787551,506.573
117,2,37,37.49013654282378,-86.86467929806469,508.78
118,2,38,46.51683258764259,-86.86467929806469,511.468
119,2,39,55.54293782109819,-86.86467929806469,514.362
120,3,0,69.07964534091685,-77.86468246271146,518.485
121,3,1,78.10173783823508,-77.86468246271146,520.739
122,3,2,87.12143976934381,-77.86472344384647,522.388
123,3,3,83.86160904455016,102.13534986700157,523.34
124,3,4,74.84765130253342,102.13533620662322,523.583
125,3,5,65.83689691923742,102.13532937643406,523.188
126,3,6,56.82948932863472,102.13532937643406,522.3
127,3,7,47.825530983562885,102.13532937643406,521.118
128,3,8,38.82506969534609,102.13532937643406,519.874
129,3,9,29.82812253945727,102.13532937643406,518.805
130,3,10,20.834679270612664,102.13532937643406,518.132
131,3,11,11.844657072768591,102.13532937643406,518.03
132,3,12,2.8579498645495,102.13532937643406,518.613
133,3,13,-6.125629970803371,102.13532254624488,519.916
134,3,14,-15.10634304769554,102.13532254624488,521.897
135,3,15,-24.08451572110329,102.13532254624488,524.431
136,3,16,-33.060564205679164,102.13532254624488,527.326
137,3,17,-42.03498539768528,102.13532254624488,530.338
138,3,18,-51.00838889150507,102.13532254624488,533.194
139,3,19,-59.98142355510968,102.13532254624488,535.618
140,3,20,-68.95478948288903,102.13532254624488,537.358
141,3,21,-77.92926190131392,102.13531571605571,538.209
142,3,22,-86.90557847081472,102.13528156510986,538.036
143,3,23,-84.11552815713455,-77.8646483117656,536.788
144,3,24,-75.13340592683925,-77.86466197214394,534.506
145,3,25,-66.14743830004122,-77.86466880233311,531.317
146,3,26,-57.1572086352011,-77.86466880233311,527.431
147,3,27,-48.16233785681997,-77.86466880233311,523.116
148,3,28,-39.162672285641484,-77.86466880233311,518.68
149,3,29,-30.158211921665647,-77.86467563252228,514.438
150,3,30,-21.14911385924337,-77.86467563252228,510.692
151,3,31,-12.135693994623773,-77.86467563252228,507.697
152,3,32,-3.1184099504812393,-77.86467563252228,505.642
153,3,33,5.90216752550171,-77.86467563252228,504.634
154,3,34,14.925349864879374,-77.86467563252228,504.687
155,3,35,23.950476673736375,-77.86467563252228,505.728
156,3,36,32.97677827513062,-77.86467563252228,507.6
157,3,37,42.00351871617904,-77.86467563252228,510.081
158,3,38,51.02999961003899,-77.86467563252228,512.907
159,3,39,60.05557208873933,-77.86467563252228,515.798
160,4,0,64.56782045069237,-68.86467879716905,517.183
161,4,1,73.59097162733194,-68.86467879716905,519.679
162,4,2,82.61190982268043,-68.86469245754739,521.647
163,4,3,88.36972514205533,111.1354150042465,522.954
164,4,4,79.35423743766451,111.13533987216563,523.547
165,4,5,70.34186429953522,111.13533304197645,523.458
166,4,6,61.33276965220753,111.13533304197645,522.794
167,4,7,52.327076439086504,111.13532621178729,521.732
168,4,8,43.32485637715843,111.13532621178729,520.489
169,4,9,34.326157277747505,111.13532621178729,519.303
170,4,10,25.330963772928087,111.13532621178729,518.407
171,4,11,16.339245126848912,111.13532621178729,518.001
172,4,12,7.350896325351489,111.13532621178729,518.232
173,4,13,-1.6342272394755106,111.13532621178729,519.175
174,4,14,-10.6163269514909,111.13532621178729,520.828
175,4,15,-19.59572222876008,111.13532621178729,523.106
176,4,16,-28.572776458691237,111.13532621178729,525.848
177,4,17,-37.547937018675015,111.13532621178729,528.834
178,4,18,-46.52177764460168,111.13532621178729,531.803
179,4,19,-55.49491134594925,111.13531938159811,534.477
180,4,20,-64.46802455672932,111.13531938159811,536.588
181,4,21,-73.44184127699388,111.13531938159811,537.905
182,4,22,-82.41714697849753,111.13530572121978,538.255
183,4,23,-88.6053393476641,-68.86456951414233,537.546
184,4,24,-79.62490417409377,-68.86465830660154,535.77
185,4,25,-70.64093779272257,-68.8646651367907,533.014
186,4,26,-61.652866467660175,-68.86467196697988,529.446
187,4,27,-52.66036576492103,-68.86467196697988,525.309
188,4,28,-43.66310783542498,-68.86467196697988,520.893
189,4,29,-34.66103462256406,-68.86467196697988,516.515
190,4,30,-25.654226381061036,-68.86467196697988,512.486
191,4,31,-16.642918752442263,-68.86467196697988,509.087
192,4,32,-7.627501911264081,-68.86467196697988,506.544
193,4,33,1.391506969087293,-68.86467196697988,505.004
194,4,34,10.413460087857766,-68.86467196697988,504.53
195,4,35,19.437719462690175,-68.86467196697988,505.092
196,4,36,28.46352587536959,-68.86467196697988,506.573
197,4,37,37.49013654282378,-68.86467879716905,508.78
198,4,38,46.51683258764259,-68.86467879716905,511.468
199,4,39,55.54293782109819,-68.86467879716905,514.362
200,5,0,69.07964534091685,-59.86468196181582,518.485
201,5,1,78.10173783823508,-59.86468196181582,520.739
202,5,2,87.12143976934381,-59.86472294295084,522.388
203,5,3,83.86160904455016,120.13535036789719,523.34
204,5,4,74.84765130253342,120.13533670751886,523.583
205,5,5,65.83689691923742,120.13533670751886,523.188
206,5,6,56.82948932863472,120.13533670751886,522.3
207,5,7,47.825530983562885,120.13532304714052,521.118
208,5,8,38.82506969534609,120.13532304714052,519.874
209,5,9,29.82812253945727,120.13532304714052,518.805
210,5,10,20.834679270612664,120.13532304714052,518.132
211,5,11,11.844657072768591,120.13532304714052,518.03
212,5,12,2.8579498645495,120.13532304714052,518.613
213,5,13,-6.125629970803371,120.13532304714052,519.916
214,5,14,-15.10634304769554,120.13532304714052,521.897
215,5,15,-24.08451572110329,120.13532304714052,524.431
216,5,16,-33.060564205679164,120.13532304714052,527.326
217,5,17,-42.03498539768528,120.13532304714052,530.338
218,5,18,-51.00838889150507,120.13532304714052,533.194
219,5,19,-59.98142355510968,120.13532304714052,535.618
220,5,20,-68.95478948288903,120.13532304714052,537.358
221,5,21,-77.92926190131392,120.13530938676217,538.209
222,5,22,-86.90557847081472,120.1352820660055,538.036
223,5,23,-84.11552815713455,-59.86464781086997,536.788
224,5,24,-75.13340592683925,-59.86466147124831,534.506
225,5,25,-66.14743830004122,-59.864668301437476,531.317
226,5,26,-57.1572086352011,-59.864668301437476,527.431
227,5,27,-48.16233785681997,-59.864668301437476,523.116
228,5,28,-39.162672285641484,-59.864668301437476,518.68
229,5,29,-30.158211921665647,-59.86467513162665,514.438
230,5,30,-21.14911385924337,-59.86467513162665,510.692
231,5,31,-12.135693994623773,-59.86467513162665,507.697
232,5,32,-3.1184099504812393,-59.86467513162665,505.642
233,5,33,5.90216752550171,-59.86467513162665,504.634
234,5,34,14.925349864879374,-59.86467513162665,504.687
235,5,35,23.950476673736375,-59.86467513162665,505.728
236,5,36,32.97677827513062,-59.86467513162665,507.6
237,5,37,42.00351871617904,-59.86467513162665,510.081
238,5,38,51.02999961003899,-59.86467513162665,512.907
239,5,39,60.05557208873933,-59.86467513162665,515.798
240,6,0,64.56782045069237,-50.86467829627342,517.183
241,6,1,73.59097162733194,-50.864681711368,519.679
242,6,2,82.61190982268043,-50.864691956651754,521.647
243,6,3,88.36972514205533,129.13540867495297,522.954
244,6,4,79.35423743766451,129.13534037306127,523.547
245,6,5,70.34186429953522,129.13534037306127,523.458
246,6,6,61.33276965220753,129.1353267126829,522.794
247,6,7,52.327076439086504,129.1353267126829,521.732
248,6,8,43.32485637715843,129.1353267126829,520.489
249,6,9,34.326157277747505,129.1353267126829,519.303
250,6,10,25.330963772928087,129.1353267126829,518.407
251,6,11,16.339245126848912,129.1353267126829,518.001
252,6,12,7.350896325351489,129.1353267126829,518.232
253,6,13,-1.6342272394755106,129.1353267126829,519.175
254,6,14,-10.6163269514909,129.1353267126829,520.828
255,6,15,-19.59572222876008,129.1353267126829,523.106
256,6,16,-28.572776458691237,129.1353267126829,525.848
257,6,17,-37.547937018675015,129.1353267126829,528.834
258,6,18,-46.52177764460168,129.1353267126829,531.803
259,6,19,-55.49491134594925,129.1353267126829,534.477
260,6,20,-64.46802455672932,129.1353267126829,536.588
261,6,21,-73.44184127699388,129.13531305230458,537.905
262,6,22,-82.41714697849753,129.13531305230458,538.255
263,6,23,-88.6053393476641,-50.864569013246694,537.546
264,6,24,-79.62490417409377,-50.86465780570591,535.77
265,6,25,-70.64093779272257,-50.864664635895075,533.014
266,6,26,-61.652866467660175,-50.864668050989664,529.446
267,6,27,-52.66036576492103,-50.864671466084246,525.309
268,6,28,-43.66310783542498,-50.864671466084246,520.893
269,6,29,-34.66103462256406,-50.864671466084246,516.515
270,6,30,-25.654226381061036,-50.864671466084246,512.486
271,6,31,-16.642918752442263,-50.864671466084246,509.087
272,6,32,-7.627501911264081,-50.864671466084246,506.544
273,6,33,1.391506969087293,-50.86467488117883,505.004
274,6,34,10.413460087857766,-50.86467488117883,504.53
275,6,35,19.437719462690175,-50.86467488117883,505.092
276,6,36,28.46352587536959,-50.86467488117883,506.573
277,6,37,37.49013654282378,-50.86467488117883,508.78
278,6,38,46.51683258764259,-50.86467488117883,511.468
279,6,39,55.54293782109819,-50.86467829627342,514.362
280,7,0,69.07964534091685,-41.86468146092019,518.485
281,7,1,78.10173783823508,-41.86468829110935,520.739
282,7,2,87.12143976934381,-41.86472585714979,522.388
283,7,3,83.86160904455016,138.13534403860365,523.34
284,7,4,74.84765130253342,138.13533037822532,523.583
285,7,5,65.83689691923742,138.13533037822532,523.188
286,7,6,56.82948932863472,138.13533037822532,522.3
287,7,7,47.825530983562885,138.13533037822532,521.118
288,7,8,38.82506969534609,138.13533037822532,519.874
289,7,9,29.82812253945727,138.13533037822532,518.805
290,7,10,20.834679270612664,138.13533037822532,518.132
291,7,11,11.844657072768591,138.13533037822532,518.03
292,7,12,2.8579498645495,138.13533037822532,518.613
293,7,13,-6.125629970803371,138.135316717847,519.916
294,7,14,-15.10634304769554,138.135316717847,521.897
295,7,15,-24.08451572110329,138.135316717847,524.431
296,7,16,-33.060564205679164,138.135316717847,527.326
297,7,17,-42.03498539768528,138.135316717847,530.338
298,7,18,-51.00838889150507,138.135316717847,533.194
299,7,19,-59.98142355510968,138.135316717847,535.618
300,7,20,-68.95478948288903,138.135316717847,537.358
301,7,21,-77.92926190131392,138.135316717847,538.209
302,7,22,-86.90557847081472,138.13527573671195,538.036
303,7,23,-84.11552815713455,-41.86465072506892,536.788
304,7,24,-75.13340592683925,-41.864667800541845,534.506
305,7,25,-66.14743830004122,-41.86467121563643,531.317
306,7,26,-57.1572086352011,-41.86467121563643,527.431
307,7,27,-48.16233785681997,-41.86467463073102,523.116
308,7,28,-39.162672285641484,-41.86467463073102,518.68
309,7,29,-30.158211921665647,-41.86467463073102,514.438
310,7,30,-21.14911385924337,-41.86467463073102,510.692
311,7,31,-12.135693994623773,-41.86467463073102,507.697
312,7,32,-3.1184099504812393,-41.86467463073102,505.642
313,7,33,5.90216752550171,-41.8646780458256,504.634
314,7,34,14.925349864879374,-41.8646780458256,504.687
315,7,35,23.950476673736375,-41.8646780458256,505.728
316,7,36,32.97677827513062,-41.8646780458256,507.6
317,7,37,42.00351871617904,-41.8646780458256,510.081
318,7,38,51.02999961003899,-41.8646780458256,512.907
319,7,39,60.05557208873933,-41.86468146092019,515.798
320,8,0,64.56782045069237,-32.86467779537779,517.183
321,8,1,73.59097162733194,-32.86468121047237,519.679
322,8,2,82.61190982268043,-32.86469145575612,521.647
323,8,3,88.36972514205533,147.13541600603776,522.954
324,8,4,79.35423743766451,147.13533404376773,523.547
325,8,5,70.34186429953522,147.13533404376773,523.458
326,8,6,61.33276965220753,147.13533404376773,522.794
327,8,7,52.327076439086504,147.13533404376773,521.732
328,8,8,43.32485637715843,147.13533404376773,520.489
329,8,9,34.326157277747505,147.13533404376773,519.303
330,8,10,25.330963772928087,147.13533404376773,518.407
331,8,11,16.339245126848912,147.13533404376773,518.001
332,8,12,7.350896325351489,147.13533404376773,518.232
333,8,13,-1.6342272394755106,147.13533404376773,519.175
334,8,14,-10.6163269514909,147.13532038338937,520.828
335,8,15,-19.59572222876008,147.13532038338937,523.106
336,8,16,-28.572776458691237,147.13532038338937,525.848
337,8,17,-37.547937018675015,147.13532038338937,528.834
338,8,18,-46.52177764460168,147.13532038338937,531.803
339,8,19,-55.49491134594925,147.13532038338937,534.477
340,8,20,-64.46802455672932,147.13532038338937,536.588
341,8,21,-73.44184127699388,147.13532038338937,537.905
342,8,22,-82.41714697849753,147.13530672301104,538.255
343,8,23,-88.6053393476641,-32.86456851235106,537.546
344,8,24,-79.62490417409377,-32.86465730481027,535.77
345,8,25,-70.64093779272257,-32.864664134999444,533.014
346,8,26,-61.652866467660175,-32.864667550094026,529.446
347,8,27,-52.66036576492103,-32.864670965188616,525.309
348,8,28,-43.66310783542498,-32.864670965188616,520.893
349,8,29,-34.66103462256406,-32.864670965188616,516.515
350,8,30,-25.654226381061036,-32.864670965188616,512.486
351,8,31,-16.642918752442263,-32.864670965188616,509.087
352,8,32,-7.627501911264081,-32.864670965188616,506.544
353,8,33,1.391506969087293,-32.8646743802832,505.004
354,8,34,10.413460087857766,-32.8646743802832,504.53
355,8,35,19.437719462690175,-32.8646743802832,505.092
356,8,36,28.46352587536959,-32.8646743802832,506.573
357,8,37,37.49013654282378,-32.8646743802832,508.78
358,8,38,46.51683258764259,-32.8646743802832,511.468
359,8,39,55.54293782109819,-32.86467779537779,514.362
360,9,0,69.07964534091685,-23.864682667571845,518.485
361,9,1,78.10173783823508,-23.864687790213722,520.739
362,9,2,87.12143976934381,-23.86472535625416,522.388
363,9,3,83.86160904455016,156.13535136968846,523.34
364,9,4,74.84765130253342,156.13533770931014,523.583
365,9,5,65.83689691923742,156.13532404893178,523.188
366,9,6,56.82948932863472,156.13532404893178,522.3
367,9,7,47.825530983562885,156.13532404893178,521.118
368,9,8,38.82506969534609,156.13532404893178,519.874
369,9,9,29.82812253945727,156.13532404893178,518.805
370,9,10,20.834679270612664,156.13532404893178,518.132
371,9,11,11.844657072768591,156.13532404893178,518.03
372,9,12,2.8579498645495,156.13532404893178,518.613
373,9,13,-6.125629970803371,156.13532404893178,519.916
374,9,14,-15.10634304769554,156.13532404893178,521.897
375,9,15,-24.08451572110329,156.13532404893178,524.431
376,9,16,-33.060564205679164,156.13532404893178,527.326
377,9,17,-42.03498539768528,156.13532404893178,530.338
378,9,18,-51.00838889150507,156.13532404893178,533.194
379,9,19,-59.98142355510968,156.13532404893178,535.618
380,9,20,-68.95478948288903,156.13532404893178,537.358
381,9,21,-77.92926190131392,156.13531038855345,538.209
382,9,22,-86.90557847081472,156.13528306779676,538.036
383,9,23,-84.11552815713455,-23.86465193172058,536.788
384,9,24,-75.13340592683925,-23.86466559209892,534.506
385,9,25,-66.14743830004122,-23.864670714740797,531.317
386,9,26,-57.1572086352011,-23.864672422288088,527.431
387,9,27,-48.16233785681997,-23.864672422288088,523.116
388,9,28,-39.162672285641484,-23.864674129835382,518.68
389,9,29,-30.158211921665647,-23.864674129835382,514.438
390,9,30,-21.14911385924337,-23.864674129835382,510.692
391,9,31,-12.135693994623773,-23.864675837382674,507.697
392,9,32,-3.1184099504812393,-23.864675837382674,505.642
393,9,33,5.90216752550171,-23.864675837382674,504.634
394,9,34,14.925349864879374,-23.864675837382674,504.687
395,9,35,23.950476673736375,-23.864677544929968,505.728
396,9,36,32.97677827513062,-23.864677544929968,507.6
397,9,37,42.00351871617904,-23.864677544929968,510.081
398,9,38,51.02999961003899,-23.86467925247726,512.907
399,9,39,60.05557208873933,-23.86468096002455,515.798
400,10,0,64.56782045069237,-14.864677294482151,517.183
401,10,1,73.59097162733194,-14.864680709576735,519.679
402,10,2,82.61190982268043,-14.86469095486049,521.647
403,10,3,88.36972514205533,165.13540967674422,522.954
404,10,4,79.35423743766451,165.13534137485252,523.547
405,10,5,70.34186429953522,165.13534137485252,523.458
406,10,6,61.33276965220753,165.1353277144742,522.794
407,10,7,52.327076439086504,165.1353277144742,521.732
408,10,8,43.32485637715843,165.1353277144742,520.489
409,10,9,34.326157277747505,165.1353277144742,519.303
410,10,10,25.330963772928087,165.1353277144742,518.407
411,10,11,16.339245126848912,165.1353277144742,518.001
412,10,12,7.350896325351489,165.1353277144742,518.232
413,10,13,-1.6342272394755106,165.1353277144742,519.175
414,10,14,-10.6163269514909,165.1353277144742,520.828
415,10,15,-19.59572222876008,165.1353277144742,523.106
416,10,16,-28.572776458691237,165.1353277144742,525.848
417,10,17,-37.547937018675015,165.1353277144742,528.834
418,10,18,-46.52177764460168,165.1353277144742,531.803
419,10,19,-55.49491134594925,165.1353277144742,534.477
420,10,20,-64.46802455672932,165.1353277144742,536.588
421,10,21,-73.44184127699388,165.13531405409586,537.905
422,10,22,-82.41714697849753,165.13531405409586,538.255
423,10,23,-88.6053393476641,-14.864569719002722,537.546
424,10,24,-79.62490417409377,-14.864658511461933,535.77
425,10,25,-70.64093779272257,-14.864665341651103,533.014
426,10,26,-61.652866467660175,-14.864667049198395,529.446
427,10,27,-52.66036576492103,-14.864668756745688,525.309
428,10,28,-43.66310783542498,-14.86467046429298,520.893
429,10,29,-34.66103462256406,-14.86467046429298,516.515
430,10,30,-25.654226381061036,-14.86467046429298,512.486
431,10,31,-16.642918752442263,-14.864672171840272,509.087
432,10,32,-7.627501911264081,-14.864672171840272,506.544
433,10,33,1.391506969087293,-14.864672171840272,505.004
434,10,34,10.413460087857766,-14.864672171840272,504.53
435,10,35,19.437719462690175,-14.864673879387565,505.092
436,10,36,28.46352587536959,-14.864673879387565,506.573
437,10,37,37.49013654282378,-14.864673879387565,508.78
438,10,38,46.51683258764259,-14.864675586934858,511.468
439,10,39,55.54293782109819,-14.864675586934858,514.362
440,11,0,69.07964534091685,-5.864681739789388,518.485
441,11,1,78.10173783823508,-5.864687289318089,520.739
442,11,2,87.12143976934381,-5.864725282245347,522.388
443,11,3,83.86160904455016,174.13534504039492,523.34
444,11,4,74.84765130253342,174.1353313800166,523.583
445,11,5,65.83689691923742,174.1353313800166,523.188
446,11,6,56.82948932863472,174.1353313800166,522.3
447,11,7,47.825530983562885,174.1353313800166,521.118
448,11,8,38.82506969534609,174.1353313800166,519.874
449,11,9,29.82812253945727,174.1353313800166,518.805
450,11,10,20.834679270612664,174.1353313800166,518.132
451,11,11,11.844657072768591,174.1353313800166,518.03
452,11,12,2.8579498645495,174.1353313800166,518.613
453,11,13,-6.125629970803371,174.13531771963824,519.916
454,11,14,-15.10634304769554,174.13531771963824,521.897
455,11,15,-24.08451572110329,174.13531771963824,524.431
456,11,16,-33.060564205679164,174.13531771963824,527.326
457,11,17,-42.03498539768528,174.13531771963824,530.338
458,11,18,-51.00838889150507,174.13531771963824,533.194
459,11,19,-59.98142355510968,174.13531771963824,535.618
460,11,20,-68.95478948288903,174.13531771963824,537.358
461,11,21,-77.92926190131392,174.13531771963824,538.209
462,11,22,-86.90557847081472,174.13527673850322,538.036
463,11,23,-84.11552815713455,-5.864651003938123,536.788
464,11,24,-75.13340592683925,-5.864665944976932,534.506
465,11,25,-66.14743830004122,-5.86466978695834,531.317
466,11,26,-57.1572086352011,-5.864671494505633,527.431
467,11,27,-48.16233785681997,-5.864672348279279,523.116
468,11,28,-39.162672285641484,-5.864673202052925,518.68
469,11,29,-30.158211921665647,-5.864674055826572,514.438
470,11,30,-21.14911385924337,-5.8646744827133945,510.692
471,11,31,-12.135693994623773,-5.864674909600218,507.697
472,11,32,-3.1184099504812393,-5.864675336487041,505.642
473,11,33,5.90216752550171,-5.864675763373864,504.634
474,11,34,14.925349864879374,-5.864676190260687,504.687
475,11,35,23.950476673736375,-5.86467661714751,505.728
476,11,36,32.97677827513062,-5.864677044034334,507.6
477,11,37,42.00351871617904,-5.864677470921157,510.081
478,11,38,51.02999961003899,-5.864678324694803,512.907
479,11,39,60.05557208873933,-5.864679605355272,515.798
480,12,0,64.56782045069237,3.1353229929700714,517.183
481,12,1,73.59097162733194,3.1353197913188984,519.679
482,12,2,82.61190982268043,3.13530911914832,521.647
483,12,3,88.36972514205533,-176.8645793497053,522.954
484,12,4,79.35423743766451,-176.86466131197534,523.547
485,12,5,70.34186429953522,-176.86466131197534,523.458
486,12,6,61.33276965220753,-176.86466131197534,522.794
487,12,7,52.327076439086504,-176.86467497235367,521.732
488,12,8,43.32485637715843,-176.86467497235367,520.489
489,12,9,34.326157277747505,-176.86467497235367,519.303
490,12,10,25.330963772928087,-176.86467497235367,518.407
491,12,11,16.339245126848912,-176.86467497235367,518.001
492,12,12,7.350896325351489,-176.86467497235367,518.232
493,12,13,-1.6342272394755106,-176.86467497235367,519.175
494,12,14,-10.6163269514909,-176.86467497235367,520.828
495,12,15,-19.59572222876008,-176.86467497235367,523.106
496,12,16,-28.572776458691237,-176.86467497235367,525.848
497,12,17,-37.547937018675015,-176.86467497235367,528.834
498,12,18,-46.52177764460168,-176.86467497235367,531.803
499,12,19,-55.49491134594925,-176.86467497235367,534.477
500,12,20,-64.46802455672932,-176.86467497235367,536.588
501,12,21,-73.44184127699388,-176.86467497235367,537.905
502,12,22,-82.41714697849753,-176.86468863273203,538.255
503,12,23,-88.6053393476641,3.135431208779734,537.546
504,12,24,-79.62490417409377,3.1353419894337007,535.77
505,12,25,-70.64093779272257,3.1353355861313537,533.014
506,12,26,-61.652866467660175,3.135333024810415,529.446
507,12,27,-52.66036576492103,3.1353317441499455,525.309
508,12,28,-43.66310783542498,3.1353306769328877,520.893
509,12,29,-34.66103462256406,3.135330036602653,516.515
510,12,30,-25.654226381061036,3.13532960971583,512.486
511,12,31,-16.642918752442263,3.135329182829007,509.087
512,12,32,-7.627501911264081,3.135328755942184,506.544
513,12,33,1.391506969087293,3.1353283290553606,505.004
514,12,34,10.413460087857766,3.1353279021685374,504.53
515,12,35,19.437719462690175,3.1353274752817146,505.092
516,12,36,28.46352587536959,3.1353270483948914,506.573
517,12,37,37.49013654282378,3.135326408064657,508.78
518,12,38,46.51683258764259,3.1353257677344217,511.468
519,12,39,55.54293782109819,3.1353247005173643,514.362
520,13,0,69.07964534091685,12.135325164408592,518.485
521,13,1,78.10173783823508,12.135320041766715,520.739
522,13,2,87.12143976934381,12.13528247572628,522.388
523,13,3,83.86160904455016,-167.8646439860546,523.34
524,13,4,74.84765130253342,-167.86465764643293,523.583
525,13,5,65.83689691923742,-167.86465764643293,523.188
526,13,6,56.82948932863472,-167.86465764643293,522.3
527,13,7,47.825530983562885,-167.8646713068113,521.118
528,13,8,38.82506969534609,-167.8646713068113,519.874
529,13,9,29.82812253945727,-167.8646713068113,518.805
530,13,10,20.834679270612664,-167.8646713068113,518.132
531,13,11,11.844657072768591,-167.8646713068113,518.03
532,13,12,2.8579498645495,-167.8646713068113,518.613
533,13,13,-6.125629970803371,-167.8646713068113,519.916
534,13,14,-15.10634304769554,-167.8646713068113,521.897
535,13,15,-24.08451572110329,-167.8646713068113,524.431
536,13,16,-33.060564205679164,-167.8646713068113,527.326
537,13,17,-42.03498539768528,-167.8646713068113,530.338
538,13,18,-51.00838889150507,-167.8646713068113,533.194
539,13,19,-59.98142355510968,-167.8646713068113,535.618
540,13,20,-68.95478948288903,-167.8646713068113,537.358
541,13,21,-77.92926190131392,-167.86468496718962,538.209
542,13,22,-86.90557847081472,-167.8647122879463,538.036
543,13,23,-84.11552815713455,12.135356754033504,536.788
544,13,24,-75.13340592683925,12.135341386107871,534.506
545,13,25,-66.14743830004122,12.135337971013286,531.317
546,13,26,-57.1572086352011,12.135336263465994,527.431
547,13,27,-48.16233785681997,12.135334555918702,523.116
548,13,28,-39.162672285641484,12.135333702145054,518.68
549,13,29,-30.158211921665647,12.135333702145054,514.438
550,13,30,-21.14911385924337,12.135332848371409,510.692
551,13,31,-12.135693994623773,12.135332848371409,507.697
552,13,32,-3.1184099504812393,12.135331994597763,505.642
553,13,33,5.90216752550171,12.135331994597763,504.634
554,13,34,14.925349864879374,12.135331140824116,504.687
555,13,35,23.950476673736375,12.135331140824116,505.728
556,13,36,32.97677827513062,12.13533028705047,507.6
557,13,37,42.00351871617904,12.135329433276823,510.081
558,13,38,51.02999961003899,12.135328579503177,512.907
559,13,39,60.05557208873933,12.135327725729532,515.798
560,14,0,64.56782045069237,21.135316877119948,517.183
561,14,1,73.59097162733194,21.135313462025362,519.679
562,14,2,82.61190982268043,21.135303216741608,521.647
563,14,3,88.36972514205533,-158.86458567899885,522.954
564,14,4,79.35423743766451,-158.86466764126888,523.547
565,14,5,70.34186429953522,-158.86466764126888,523.458
566,14,6,61.33276965220753,-158.86466764126888,522.794
567,14,7,52.327076439086504,-158.8646813016472,521.732
568,14,8,43.32485637715843,-158.8646813016472,520.489
569,14,9,34.326157277747505,-158.8646813016472,519.303
570,14,10,25.330963772928087,-158.8646813016472,518.407
571,14,11,16.339245126848912,-158.8646813016472,518.001
572,14,12,7.350896325351489,-158.8646813016472,518.232
573,14,13,-1.6342272394755106,-158.8646813016472,519.175
574,14,14,-10.6163269514909,-158.8646813016472,520.828
575,14,15,-19.59572222876008,-158.8646813016472,523.106
576,14,16,-28.572776458691237,-158.8646813016472,525.848
577,14,17,-37.547937018675015,-158.8646813016472,528.834
578,14,18,-46.52177764460168,-158.8646813016472,531.803
579,14,19,-55.49491134594925,-158.8646813016472,534.477
580,14,20,-64.46802455672932,-158.8646813016472,536.588
581,14,21,-73.44184127699388,-158.8646813016472,537.905
582,14,22,-82.41714697849753,-158.86469496202557,538.255
583,14,23,-88.6053393476641,21.135424452599374,537.546
584,14,24,-79.62490417409377,21.135335660140164,535.77
585,14,25,-70.64093779272257,21.135328829950993,533.014
586,14,26,-61.652866467660175,21.1353271224037,529.446
587,14,27,-52.66036576492103,21.13532541485641,525.309
588,14,28,-43.66310783542498,21.135323707309116,520.893
589,14,29,-34.66103462256406,21.135323707309116,516.515
590,14,30,-25.654226381061036,21.135323707309116,512.486
591,14,31,-16.642918752442263,21.135321999761825,509.087
592,14,32,-7.627501911264081,21.135321999761825,506.544
593,14,33,1.391506969087293,21.135321999761825,505.004
594,14,34,10.413460087857766,21.135321999761825,504.53
595,14,35,19.437719462690175,21.13532029221453,505.092
596,14,36,28.46352587536959,21.13532029221453,506.573
597,14,37,37.49013654282378,21.13532029221453,508.78
598,14,38,46.51683258764259,21.13531858466724,511.468
599,14,39,55.54293782109819,21.13531858466724,514.362
600,15,0,69.07964534091685,30.13532054266235,518.485
601,15,1,78.10173783823508,30.135313712473177,520.739
602,15,2,87.12143976934381,30.135276146432744,522.388
603,15,3,83.86160904455016,-149.86465031534814,523.34
604,15,4,74.84765130253342,-149.86466397572647,523.583
605,15,5,65.83689691923742,-149.86466397572647,523.188
606,15,6,56.82948932863472,-149.86466397572647,522.3
607,15,7,47.825530983562885,-149.86467763610483,521.118
608,15,8,38.82506969534609,-149.86467763610483,519.874
609,15,9,29.82812253945727,-149.86467763610483,518.805
610,15,10,20.834679270612664,-149.86467763610483,518.132
611,15,11,11.844657072768591,-149.86467763610483,518.03
612,15,12,2.8579498645495,-149.86467763610483,518.613
613,15,13,-6.125629970803371,-149.86467763610483,519.916
614,15,14,-15.10634304769554,-149.86467763610483,521.897
615,15,15,-24.08451572110329,-149.86467763610483,524.431
616,15,16,-33.060564205679164,-149.86467763610483,527.326
617,15,17,-42.03498539768528,-149.86467763610483,530.338
618,15,18,-51.00838889150507,-149.86467763610483,533.194
619,15,19,-59.98142355510968,-149.86467763610483,535.618
620,15,20,-68.95478948288903,-149.86467763610483,537.358
621,15,21,-77.92926190131392,-149.86469129648316,538.209
622,15,22,-86.90557847081472,-149.86471861723984,538.036
623,15,23,-84.11552815713455,30.135351278513614,536.788
624,15,24,-75.13340592683925,30.13533420304069,534.506
625,15,25,-66.14743830004122,30.135330787946103,531.317
626,15,26,-57.1572086352011,30.135330787946103,527.431
627,15,27,-48.16233785681997,30.135327372851517,523.116
628,15,28,-39.162672285641484,30.135327372851517,518.68
629,15,29,-30.158211921665647,30.135327372851517,514.438
630,15,30,-21.14911385924337,30.135327372851517,510.692
631,15,31,-12.135693994623773,30.135327372851517,507.697
632,15,32,-3.1184099504812393,30.135327372851517,505.642
633,15,33,5.90216752550171,30.135323957756935,504.634
634,15,34,14.925349864879374,30.135323957756935,504.687
635,15,35,23.950476673736375,30.135323957756935,505.728
636,15,36,32.97677827513062,30.135323957756935,507.6
637,15,37,42.00351871617904,30.135323957756935,510.081
638,15,38,51.02999961003899,30.135323957756935,512.907
639,15,39,60.05557208873933,30.13532054266235,515.798
640,16,0,64.56782045069237,39.13532420820475,517.183
641,16,1,73.59097162733194,39.13532079311017,519.679
642,16,2,82.61190982268043,39.13531054782641,521.647
643,16,3,88.36972514205533,-140.86457834791403,522.954
644,16,4,79.35423743766451,-140.86466031018406,523.547
645,16,5,70.34186429953522,-140.86466031018406,523.458
646,16,6,61.33276965220753,-140.86466031018406,522.794
647,16,7,52.327076439086504,-140.86467397056242,521.732
648,16,8,43.32485637715843,-140.86467397056242,520.489
649,16,9,34.326157277747505,-140.86467397056242,519.303
650,16,10,25.330963772928087,-140.86467397056242,518.407
651,16,11,16.339245126848912,-140.86467397056242,518.001
652,16,12,7.350896325351489,-140.86467397056242,518.232
653,16,13,-1.6342272394755106,-140.86467397056242,519.175
654,16,14,-10.6163269514909,-140.86467397056242,520.828
655,16,15,-19.59572222876008,-140.86467397056242,523.106
656,16,16,-28.572776458691237,-140.86467397056242,525.848
657,16,17,-37.547937018675015,-140.86467397056242,528.834
658,16,18,-46.52177764460168,-140.86467397056242,531.803
659,16,19,-55.49491134594925,-140.86467397056242,534.477
660,16,20,-64.46802455672932,-140.86467397056242,536.588
661,16,21,-73.44184127699388,-140.86467397056242,537.905
662,16,22,-82.41714697849753,-140.86468763094075,538.255
663,16,23,-88.6053393476641,39.13543349123147,537.546
664,16,24,-79.62490417409377,39.13534469877226,535.77
665,16,25,-70.64093779272257,39.13533786858309,533.014
666,16,26,-61.652866467660175,39.135334453488504,529.446
667,16,27,-52.66036576492103,39.13533103839392,525.309
668,16,28,-43.66310783542498,39.13533103839392,520.893
669,16,29,-34.66103462256406,39.13533103839392,516.515
670,16,30,-25.654226381061036,39.13533103839392,512.486
671,16,31,-16.642918752442263,39.13533103839392,509.087
672,16,32,-7.627501911264081,39.13533103839392,506.544
673,16,33,1.391506969087293,39.13532762329933,505.004
674,16,34,10.413460087857766,39.13532762329933,504.53
675,16,35,19.437719462690175,39.13532762329933,505.092
676,16,36,28.46352587536959,39.13532762329933,506.573
677,16,37,37.49013654282378,39.13532762329933,508.78
678,16,38,46.51683258764259,39.13532762329933,511.468
679,16,39,55.54293782109819,39.13532420820475,514.362
680,17,0,69.07964534091685,48.13531421336881,518.485
681,17,1,78.10173783823508,48.135307383179644,520.739
682,17,2,87.12143976934381,48.1352698171392,522.388
683,17,3,83.86160904455016,-131.86465664464168,523.34
684,17,4,74.84765130253342,-131.86467030502,523.583
685,17,5,65.83689691923742,-131.86467030502,523.188
686,17,6,56.82948932863472,-131.86467030502,522.3
687,17,7,47.825530983562885,-131.86468396539834,521.118
688,17,8,38.82506969534609,-131.86468396539834,519.874
689,17,9,29.82812253945727,-131.86468396539834,518.805
690,17,10,20.834679270612664,-131.86468396539834,518.132
691,17,11,11.844657072768591,-131.86468396539834,518.03
692,17,12,2.8579498645495,-131.86468396539834,518.613
693,17,13,-6.125629970803371,-131.86468396539834,519.916
694,17,14,-15.10634304769554,-131.86468396539834,521.897
695,17,15,-24.08451572110329,-131.86468396539834,524.431
696,17,16,-33.060564205679164,-131.86468396539834,527.326
697,17,17,-42.03498539768528,-131.86468396539834,530.338
698,17,18,-51.00838889150507,-131.86468396539834,533.194
699,17,19,-59.98142355510968,-131.86468396539834,535.618
700,17,20,-68.95478948288903,-131.86468396539834,537.358
701,17,21,-77.92926190131392,-131.8646976257767,538.209
702,17,22,-86.90557847081472,-131.86472494653339,538.036
703,17,23,-84.11552815713455,48.13534494922008,536.788
704,17,24,-75.13340592683925,48.13532787374715,534.506
705,17,25,-66.14743830004122,48.13532445865257,531.317
706,17,26,-57.1572086352011,48.13532445865257,527.431
707,17,27,-48.16233785681997,48.13532104355798,523.116
708,17,28,-39.162672285641484,48.13532104355798,518.68
709,17,29,-30.158211921665647,48.13532104355798,514.438
710,17,30,-21.14911385924337,48.13532104355798,510.692
711,17,31,-12.135693994623773,48.13532104355798,507.697
712,17,32,-3.1184099504812393,48.13532104355798,505.642
713,17,33,5.90216752550171,48.1353176284634,504.634
714,17,34,14.925349864879374,48.1353176284634,504.687
715,17,35,23.950476673736375,48.1353176284634,505.728
716,17,36,32.97677827513062,48.1353176284634,507.6
717,17,37,42.00351871617904,48.1353176284634,510.081
718,17,38,51.02999961003899,48.1353176284634,512.907
719,17,39,60.05557208873933,48.13531421336881,515.798
720,18,0,64.56782045069237,57.135317878911216,517.183
721,18,1,73.59097162733194,57.13531446381663,519.679
722,18,2,82.61190982268043,57.13530421853287,521.647
723,18,3,88.36972514205533,-122.86458467720757,522.954
724,18,4,79.35423743766451,-122.8646666394776,523.547
725,18,5,70.34186429953522,-122.8646666394776,523.458
726,18,6,61.33276965220753,-122.8646666394776,522.794
727,18,7,52.327076439086504,-122.86468029985595,521.732
728,18,8,43.32485637715843,-122.86468029985595,520.489
729,18,9,34.326157277747505,-122.86468029985595,519.303
730,18,10,25.330963772928087,-122.86468029985595,518.407
731,18,11,16.339245126848912,-122.86468029985595,518.001
732,18,12,7.350896325351489,-122.86468029985595,518.232
733,18,13,-1.6342272394755106,-122.86468029985595,519.175
734,18,14,-10.6163269514909,-122.86468029985595,520.828
735,18,15,-19.59572222876008,-122.86468029985595,523.106
736,18,16,-28.572776458691237,-122.86468029985595,525.848
737,18,17,-37.547937018675015,-122.86468029985595,528.834
738,18,18,-46.52177764460168,-122.86468029985595,531.803
739,18,19,-55.49491134594925,-122.86468029985595,534.477
740,18,20,-64.46802455672932,-122.86468029985595,536.588
741,18,21,-73.44184127699388,-122.86468029985595,537.905
742,18,22,-82.41714697849753,-122.86469396023429,538.255
743,18,23,-88.6053393476641,57.13542716193793,537.546
744,18,24,-79.62490417409377,57.135338369478724,535.77
745,18,25,-70.64093779272257,57.13533153928955,533.014
746,18,26,-61.652866467660175,57.13532812419497,529.446
747,18,27,-52.66036576492103,57.13532470910038,525.309
748,18,28,-43.66310783542498,57.13532470910038,520.893
749,18,29,-34.66103462256406,57.13532470910038,516.515
750,18,30,-25.654226381061036,57.13532470910038,512.486
751,18,31,-16.642918752442263,57.13532470910038,509.087
752,18,32,-7.627501911264081,57.13532470910038,506.544
753,18,33,1.391506969087293,57.1353212940058,505.004
754,18,34,10.413460087857766,57.1353212940058,504.53
755,18,35,19.437719462690175,57.1353212940058,505.092
756,18,36,28.46352587536959,57.1353212940058,506.573
757,18,37,37.49013654282378,57.1353212940058,508.78
758,18,38,46.51683258764259,57.1353212940058,511.468
759,18,39,55.54293782109819,57.135317878911216,514.362
760,19,0,69.07964534091685,66.13532154445362,518.485
761,19,1,78.10173783823508,66.13531471426444,520.739
762,19,2,87.12143976934381,66.13527373312942,522.388
763,19,3,83.86160904455016,-113.86464931355687,523.34
764,19,4,74.84765130253342,-113.86466297393521,523.583
765,19,5,65.83689691923742,-113.86466980412438,523.188
766,19,6,56.82948932863472,-113.86466980412438,522.3
767,19,7,47.825530983562885,-113.86466980412438,521.118
768,19,8,38.82506969534609,-113.86466980412438,519.874
769,19,9,29.82812253945727,-113.86466980412438,518.805
770,19,10,20.834679270612664,-113.86466980412438,518.132
771,19,11,11.844657072768591,-113.86466980412438,518.03
772,19,12,2.8579498645495,-113.86466980412438,518.613
773,19,13,-6.125629970803371,-113.86467663431355,519.916
774,19,14,-15.10634304769554,-113.86467663431355,521.897
775,19,15,-24.08451572110329,-113.86467663431355,524.431
776,19,16,-33.060564205679164,-113.86467663431355,527.326
777,19,17,-42.03498539768528,-113.86467663431355,530.338
778,19,18,-51.00838889150507,-113.86467663431355,533.194
779,19,19,-59.98142355510968,-113.86467663431355,535.618
780,19,20,-68.95478948288903,-113.86467663431355,537.358
781,19,21,-77.92926190131392,-113.86468346450272,538.209
782,19,22,-86.90557847081472,-113.86471761544857,538.036
783,19,23,-84.11552815713455,66.13534886521029,536.788
784,19,24,-75.13340592683925,66.13533520483196,534.506
785,19,25,-66.14743830004122,66.13533520483196,531.317
786,19,26,-57.1572086352011,66.13532837464278,527.431
787,19,27,-48.16233785681997,66.13532837464278,523.116
788,19,28,-39.162672285641484,66.13532837464278,518.68
789,19,29,-30.158211921665647,66.13532837464278,514.438
790,19,30,-21.14911385924337,66.13532837464278,510.692
791,19,31,-12.135693994623773,66.13532837464278,507.697
792,19,32,-3.1184099504812393,66.13532837464278,505.642
793,19,33,5.90216752550171,66.13532837464278,504.634
794,19,34,14.925349864879374,66.13532837464278,504.687
795,19,35,23.950476673736375,66.13532837464278,505.728
796,19,36,32.97677827513062,66.13532837464278,507.6
797,19,37,42.00351871617904,66.13532154445362,510.081
798,19,38,51.02999961003899,66.13532154445362,512.907
799,19,39,60.05557208873933,66.13532154445362,515.798
800,20,0,64.56782045069237,75.13532520999601,517.183
801,20,1,73.59097162733194,75.13532520999601,519.679
802,20,2,82.61190982268043,75.13531154961768,521.647
803,20,3,88.36972514205533,-104.86458417631194,522.954
804,20,4,79.35423743766451,-104.8646593083928,523.547
805,20,5,70.34186429953522,-104.8646593083928,523.458
806,20,6,61.33276965220753,-104.86466613858198,522.794
807,20,7,52.327076439086504,-104.86466613858198,521.732
808,20,8,43.32485637715843,-104.86466613858198,520.489
809,20,9,34.326157277747505,-104.86466613858198,519.303
810,20,10,25.330963772928087,-104.86466613858198,518.407
811,20,11,16.339245126848912,-104.86466613858198,518.001
812,20,12,7.350896325351489,-104.86466613858198,518.232
813,20,13,-1.6342272394755106,-104.86467296877115,519.175
814,20,14,-10.6163269514909,-104.86467296877115,520.828
815,20,15,-19.59572222876008,-104.86467296877115,523.106
816,20,16,-28.572776458691237,-104.86467296877115,525.848
817,20,17,-37.547937018675015,-104.86467296877115,528.834
818,20,18,-46.52177764460168,-104.86467296877115,531.803
819,20,19,-55.49491134594925,-104.86467296877115,534.477
820,20,20,-64.46802455672932,-104.86467296877115,536.588
821,20,21,-73.44184127699388,-104.86467979896031,537.905
822,20,22,-82.41714697849753,-104.86468662914949,538.255
823,20,23,-88.6053393476641,75.13543449302274,537.546
824,20,24,-79.62490417409377,75.13534570056353,535.77
825,20,25,-70.64093779272257,75.13533887037435,533.014
826,20,26,-61.652866467660175,75.13533204018519,529.446
827,20,27,-52.66036576492103,75.13533204018519,525.309
828,20,28,-43.66310783542498,75.13533204018519,520.893
829,20,29,-34.66103462256406,75.13533204018519,516.515
830,20,30,-25.654226381061036,75.13533204018519,512.486
831,20,31,-16.642918752442263,75.13533204018519,509.087
832,20,32,-7.627501911264081,75.13533204018519,506.544
833,20,33,1.391506969087293,75.13533204018519,505.004
834,20,34,10.413460087857766,75.13533204018519,504.53
835,20,35,19.437719462690175,75.13533204018519,505.092
836,20,36,28.46352587536959,75.13533204018519,506.573
837,20,37,37.49013654282378,75.13532520999601,508.78
838,20,38,46.51683258764259,75.13532520999601,511.468
839,20,39,55.54293782109819,75.13532520999601,514.362
840,21,0,69.07964534091685,84.13531521516008,518.485
841,21,1,78.10173783823508,84.13530838497091,520.739
842,21,2,87.12143976934381,84.13526740383588,522.388
843,21,3,83.86160904455016,-95.86465564285041,523.34
844,21,4,74.84765130253342,-95.86466930322875,523.583
845,21,5,65.83689691923742,-95.86467613341792,523.188
846,21,6,56.82948932863472,-95.86467613341792,522.3
847,21,7,47.825530983562885,-95.86467613341792,521.118
848,21,8,38.82506969534609,-95.86467613341792,519.874
849,21,9,29.82812253945727,-95.86467613341792,518.805
850,21,10,20.834679270612664,-95.86467613341792,518.132
851,21,11,11.844657072768591,-95.86467613341792,518.03
852,21,12,2.8579498645495,-95.86467613341792,518.613
853,21,13,-6.125629970803371,-95.86468296360708,519.916
854,21,14,-15.10634304769554,-95.86468296360708,521.897
855,21,15,-24.08451572110329,-95.86468296360708,524.431
856,21,16,-33.060564205679164,-95.86468296360708,527.326
857,21,17,-42.03498539768528,-95.86468296360708,530.338
858,21,18,-51.00838889150507,-95.86468296360708,533.194
859,21,19,-59.98142355510968,-95.86468296360708,535.618
860,21,20,-68.95478948288903,-95.86468296360708,537.358
861,21,21,-77.92926190131392,-95.86468979379626,538.209
862,21,22,-86.90557847081472,-95.86472394474211,538.036
863,21,23,-84.11552815713455,84.13534253591676,536.788
864,21,24,-75.13340592683925,84.13532887553842,534.506
865,21,25,-66.14743830004122,84.13532887553842,531.317
866,21,26,-57.1572086352011,84.13532204534926,527.431
867,21,27,-48.16233785681997,84.13532204534926,523.116
868,21,28,-39.162672285641484,84.13532204534926,518.68
869,21,29,-30.158211921665647,84.13532204534926,514.438
870,21,30,-21.14911385924337,84.13532204534926,510.692
871,21,31,-12.135693994623773,84.13532204534926,507.697
872,21,32,-3.1184099504812393,84.13532204534926,505.642
873,21,33,5.90216752550171,84.13532204534926,504.634
874,21,34,14.925349864879374,84.13532204534926,504.687
875,21,35,23.950476673736375,84.13532204534926,505.728
876,21,36,32.97677827513062,84.13532204534926,507.6
877,21,37,42.00351871617904,84.13531521516008,510.081
878,21,38,51.02999961003899,84.13531521516008,512.907
879,21,39,60.05557208873933,84.13531521516008,515.798
880,22,0,64.56782045069237,93.13531888070248,517.183
881,22,1,73.59097162733194,93.13531888070248,519.679
882,22,2,82.61190982268043,93.13530522032414,521.647
883,22,3,88.36972514205533,-86.86459050560548,522.954
884,22,4,79.35423743766451,-86.86466563768634,523.547
885,22,5,70.34186429953522,-86.86466563768634,523.458
886,22,6,61.33276965220753,-86.86467246787551,522.794
887,22,7,52.327076439086504,-86.86467246787551,521.732
888,22,8,43.32485637715843,-86.86467246787551,520.489
889,22,9,34.326157277747505,-86.86467246787551,519.303
890,22,10,25.330963772928087,-86.86467246787551,518.407
891,22,11,16.339245126848912,-86.86467246787551,518.001
892,22,12,7.350896325351489,-86.86467246787551,518.232
893,22,13,-1.6342272394755106,-86.86467929806469,519.175
894,22,14,-10.6163269514909,-86.86467929806469,520.828
895,22,15,-19.59572222876008,-86.86467929806469,523.106
896,22,16,-28.572776458691237,-86.86467929806469,525.848
897,22,17,-37.547937018675015,-86.86467929806469,528.834
898,22,18,-46.52177764460168,-86.86467929806469,531.803
899,22,19,-55.49491134594925,-86.86467929806469,534.477
900,22,20,-64.46802455672932,-86.86467929806469,536.588
901,22,21,-73.44184127699388,-86.86468612825385,537.905
902,22,22,-82.41714697849753,-86.86469295844303,538.255
903,22,23,-88.6053393476641,93.1354281637292,537.546
904,22,24,-79.62490417409377,93.13533937126999,535.77
905,22,25,-70.64093779272257,93.13533254108081,533.014
906,22,26,-61.652866467660175,93.13532571089165,529.446
907,22,27,-52.66036576492103,93.13532571089165,525.309
908,22,28,-43.66310783542498,93.13532571089165,520.893
909,22,29,-34.66103462256406,93.13532571089165,516.515
910,22,30,-25.654226381061036,93.13532571089165,512.486
911,22,31,-16.642918752442263,93.13532571089165,509.087
912,22,32,-7.627501911264081,93.13532571089165,506.544
913,22,33,1.391506969087293,93.13532571089165,505.004
914,22,34,10.413460087857766,93.13532571089165,504.53
915,22,35,19.437719462690175,93.13532571089165,505.092
916,22,36,28.46352587536959,93.13532571089165,506.573
917,22,37,37.49013654282378,93.13531888070248,508.78
918,22,38,46.51683258764259,93.13531888070248,511.468
919,22,39,55.54293782109819,93.13531888070248,514.362
920,23,0,69.07964534091685,102.13532254624488,518.485
921,23,1,78.10173783823508,102.13531571605571,520.739
922,23,2,87.12143976934381,102.13527473492069,522.388
923,23,3,83.86160904455016,-77.8646483117656,523.34
924,23,4,74.84765130253342,-77.86466197214394,523.583
925,23,5,65.83689691923742,-77.86466880233311,523.188
926,23,6,56.82948932863472,-77.86466880233311,522.3
927,23,7,47.825530983562885,-77.86466880233311,521.118
928,23,8,38.82506969534609,-77.86466880233311,519.874
929,23,9,29.82812253945727,-77.86466880233311,518.805
930,23,10,20.834679270612664,-77.86466880233311,518.132
931,23,11,11.844657072768591,-77.86466880233311,518.03
932,23,12,2.8579498645495,-77.86466880233311,518.613
933,23,13,-6.125629970803371,-77.86467563252228,519.916
934,23,14,-15.10634304769554,-77.86467563252228,521.897
935,23,15,-24.08451572110329,-77.86467563252228,524.431
936,23,16,-33.060564205679164,-77.86467563252228,527.326
937,23,17,-42.03498539768528,-77.86467563252228,530.338
938,23,18,-51.00838889150507,-77.86467563252228,533.194
939,23,19,-59.98142355510968,-77.86467563252228,535.618
940,23,20,-68.95478948288903,-77.86467563252228,537.358
941,23,21,-77.92926190131392,-77.86468246271146,538.209
942,23,22,-86.90557847081472,-77.86471661365731,538.036
943,23,23,-84.11552815713455,102.13534986700157,536.788
944,23,24,-75.13340592683925,102.13533620662322,534.506
945,23,25,-66.14743830004122,102.13533620662322,531.317
946,23,26,-57.1572086352011,102.13532937643406,527.431
947,23,27,-48.16233785681997,102.13532937643406,523.116
948,23,28,-39.162672285641484,102.13532937643406,518.68
949,23,29,-30.158211921665647,102.13532937643406,514.438
950,23,30,-21.14911385924337,102.13532937643406,510.692
951,23,31,-12.135693994623773,102.13532937643406,507.697
952,23,32,-3.1184099504812393,102.13532937643406,505.642
953,23,33,5.90216752550171,102.13532937643406,504.634
954,23,34,14.925349864879374,102.13532937643406,504.687
955,23,35,23.950476673736375,102.13532937643406,505.728
956,23,36,32.97677827513062,102.13532937643406,507.6
957,23,37,42.00351871617904,102.13532254624488,510.081
958,23,38,51.02999961003899,102.13532254624488,512.907
959,23,39,60.05557208873933,102.13532254624488,515.798
960,24,0,64.56782045069237,111.13532621178729,517.183
961,24,1,73.59097162733194,111.13532621178729,519.679
962,24,2,82.61190982268043,111.13531255140894,521.647
963,24,3,88.36972514205533,-68.86458317452067,522.954
964,24,4,79.35423743766451,-68.86465830660154,523.547
965,24,5,70.34186429953522,-68.86465830660154,523.458
966,24,6,61.33276965220753,-68.8646651367907,522.794
967,24,7,52.327076439086504,-68.8646651367907,521.732
968,24,8,43.32485637715843,-68.8646651367907,520.489
969,24,9,34.326157277747505,-68.8646651367907,519.303
970,24,10,25.330963772928087,-68.8646651367907,518.407
971,24,11,16.339245126848912,-68.8646651367907,518.001
972,24,12,7.350896325351489,-68.8646651367907,518.232
973,24,13,-1.6342272394755106,-68.86467196697988,519.175
974,24,14,-10.6163269514909,-68.86467196697988,520.828
975,24,15,-19.59572222876008,-68.86467196697988,523.106
976,24,16,-28.572776458691237,-68.86467196697988,525.848
977,24,17,-37.547937018675015,-68.86467196697988,528.834
978,24,18,-46.52177764460168,-68.86467196697988,531.803
979,24,19,-55.49491134594925,-68.86467196697988,534.477
980,24,20,-64.46802455672932,-68.86467196697988,536.588
981,24,21,-73.44184127699388,-68.86467879716905,537.905
982,24,22,-82.41714697849753,-68.86468562735823,538.255
983,24,23,-88.6053393476641,111.135435494814,537.546
984,24,24,-79.62490417409377,111.1353467023548,535.77
985,24,25,-70.64093779272257,111.13533987216563,533.014
986,24,26,-61.652866467660175,111.13533304197645,529.446
987,24,27,-52.66036576492103,111.13533304197645,525.309
988,24,28,-43.66310783542498,111.13533304197645,520.893
989,24,29,-34.66103462256406,111.13533304197645,516.515
990,24,30,-25.654226381061036,111.13533304197645,512.486
991,24,31,-16.642918752442263,111.13533304197645,509.087
992,24,32,-7.627501911264081,111.13533304197645,506.544
993,24,33,1.391506969087293,111.13533304197645,505.004
994,24,34,10.413460087857766,111.13533304197645,504.53
995,24,35,19.437719462690175,111.13533304197645,505.092
996,24,36,28.46352587536959,111.13533304197645,506.573
997,24,37,37.49013654282378,111.13532621178729,508.78
998,24,38,46.51683258764259,111.13532621178729,511.468
999,24,39,55.54293782109819,111.13532621178729,514.362
1000,25,0,69.07964534091685,120.13530938676217,518.485
1001,25,1,78.10173783823508,120.13530938676217,520.739
1002,25,2,87.12143976934381,120.13526840562716,522.388
1003,25,3,83.86160904455016,-59.86465464105914,523.34
1004,25,4,74.84765130253342,-59.864668301437476,523.583
1005,25,5,65.83689691923742,-59.86467513162665,523.188
1006,25,6,56.82948932863472,-59.86467513162665,522.3
1007,25,7,47.825530983562885,-59.86467513162665,521.118
1008,25,8,38.82506969534609,-59.86467513162665,519.874
1009,25,9,29.82812253945727,-59.86467513162665,518.805
1010,25,10,20.834679270612664,-59.86467513162665,518.132
1011,25,11,11.844657072768591,-59.86467513162665,518.03
1012,25,12,2.8579498645495,-59.86467513162665,518.613
1013,25,13,-6.125629970803371,-59.86468196181582,519.916
1014,25,14,-15.10634304769554,-59.86468196181582,521.897
1015,25,15,-24.08451572110329,-59.86468196181582,524.431
1016,25,16,-33.060564205679164,-59.86468196181582,527.326
1017,25,17,-42.03498539768528,-59.86468196181582,530.338
1018,25,18,-51.00838889150507,-59.86468196181582,533.194
1019,25,19,-59.98142355510968,-59.86468196181582,535.618
1020,25,20,-68.95478948288903,-59.86468196181582,537.358
1021,25,21,-77.92926190131392,-59.86468879200499,538.209
1022,25,22,-86.90557847081472,-59.86472294295084,538.036
1023,25,23,-84.11552815713455,120.13535036789719,536.788
1024,25,24,-75.13340592683925,120.13533670751886,534.506
1025,25,25,-66.14743830004122,120.13532304714052,531.317
1026,25,26,-57.1572086352011,120.13532304714052,527.431
1027,25,27,-48.16233785681997,120.13532304714052,523.116
1028,25,28,-39.162672285641484,120.13532304714052,518.68
1029,25,29,-30.158211921665647,120.13532304714052,514.438
1030,25,30,-21.14911385924337,120.13532304714052,510.692
1031,25,31,-12.135693994623773,120.13532304714052,507.697
1032,25,32,-3.1184099504812393,120.13532304714052,505.642
1033,25,33,5.90216752550171,120.13532304714052,504.634
1034,25,34,14.925349864879374,120.13532304714052,504.687
1035,25,35,23.950476673736375,120.13532304714052,505.728
1036,25,36,32.97677827513062,120.13532304714052,507.6
1037,25,37,42.00351871617904,120.13532304714052,510.081
1038,25,38,51.02999961003899,120.13532304714052,512.907
1039,25,39,60.05557208873933,120.13532304714052,515.798
1040,26,0,64.56782045069237,129.1353267126829,517.183
1041,26,1,73.59097162733194,129.1353267126829,519.679
1042,26,2,82.61190982268043,129.13531305230458,521.647
1043,26,3,88.36972514205533,-50.86457242834128,522.954
1044,26,4,79.35423743766451,-50.86464756042215,523.547
1045,26,5,70.34186429953522,-50.86465439061132,523.458
1046,26,6,61.33276965220753,-50.86465780570591,522.794
1047,26,7,52.327076439086504,-50.86465780570591,521.732
1048,26,8,43.32485637715843,-50.86465780570591,520.489
1049,26,9,34.326157277747505,-50.86466122080049,519.303
1050,26,10,25.330963772928087,-50.86466122080049,518.407
1051,26,11,16.339245126848912,-50.86466122080049,518.001
1052,26,12,7.350896325351489,-50.86466122080049,518.232
1053,26,13,-1.6342272394755106,-50.86466122080049,519.175
1054,26,14,-10.6163269514909,-50.86466122080049,520.828
1055,26,15,-19.59572222876008,-50.86466122080049,523.106
1056,26,16,-28.572776458691237,-50.86466122080049,525.848
1057,26,17,-37.547937018675015,-50.864664635895075,528.834
1058,26,18,-46.52177764460168,-50.864664635895075,531.803
1059,26,19,-55.49491134594925,-50.864664635895075,534.477
1060,26,20,-64.46802455672932,-50.864668050989664,536.588
1061,26,21,-73.44184127699388,-50.864668050989664,537.905
1062,26,22,-82.41714697849753,-50.864681711368,538.255
1063,26,23,-88.6053393476641,129.13543599570963,537.546
1064,26,24,-79.62490417409377,129.1353540334396,535.77
1065,26,25,-70.64093779272257,129.13534037306127,533.014
1066,26,26,-61.652866467660175,129.13534037306127,529.446
1067,26,27,-52.66036576492103,129.13534037306127,525.309
1068,26,28,-43.66310783542498,129.13534037306127,520.893
1069,26,29,-34.66103462256406,129.13534037306127,516.515
1070,26,30,-25.654226381061036,129.13534037306127,512.486
1071,26,31,-16.642918752442263,129.13534037306127,509.087
1072,26,32,-7.627501911264081,129.13534037306127,506.544
1073,26,33,1.391506969087293,129.13534037306127,505.004
1074,26,34,10.413460087857766,129.13534037306127,504.53
1075,26,35,19.437719462690175,129.13534037306127,505.092
1076,26,36,28.46352587536959,129.13534037306127,506.573
1077,26,37,37.49013654282378,129.13534037306127,508.78
1078,26,38,46.51683258764259,129.13534037306127,511.468
1079,26,39,55.54293782109819,129.13534037306127,514.362
1080,27,0,69.07964534091685,138.13530305746863,518.485
1081,27,1,78.10173783823508,138.13530305746863,520.739
1082,27,2,87.12143976934381,138.13526207633362,522.388
1083,27,3,83.86160904455016,-41.86466097035267,523.34
1084,27,4,74.84765130253342,-41.86467463073102,523.583
1085,27,5,65.83689691923742,-41.8646780458256,523.188
1086,27,6,56.82948932863472,-41.86468146092019,522.3
1087,27,7,47.825530983562885,-41.86468146092019,521.118
1088,27,8,38.82506969534609,-41.86468146092019,519.874
1089,27,9,29.82812253945727,-41.86468487601477,518.805
1090,27,10,20.834679270612664,-41.86468487601477,518.132
1091,27,11,11.844657072768591,-41.86468487601477,518.03
1092,27,12,2.8579498645495,-41.86468487601477,518.613
1093,27,13,-6.125629970803371,-41.86468487601477,519.916
1094,27,14,-15.10634304769554,-41.86468487601477,521.897
1095,27,15,-24.08451572110329,-41.86468487601477,524.431
1096,27,16,-33.060564205679164,-41.86468829110935,527.326
1097,27,17,-42.03498539768528,-41.86468829110935,530.338
1098,27,18,-51.00838889150507,-41.86468829110935,533.194
1099,27,19,-59.98142355510968,-41.86468829110935,535.618
1100,27,20,-68.95478948288903,-41.86469170620394,537.358
1101,27,21,-77.92926190131392,-41.864695121298524,538.209
1102,27,22,-86.90557847081472,-41.86473268733896,538.036
1103,27,23,-84.11552815713455,138.13534403860365,536.788
1104,27,24,-75.13340592683925,138.13533037822532,534.506
1105,27,25,-66.14743830004122,138.135316717847,531.317
1106,27,26,-57.1572086352011,138.135316717847,527.431
1107,27,27,-48.16233785681997,138.135316717847,523.116
1108,27,28,-39.162672285641484,138.135316717847,518.68
1109,27,29,-30.158211921665647,138.135316717847,514.438
1110,27,30,-21.14911385924337,138.135316717847,510.692
1111,27,31,-12.135693994623773,138.135316717847,507.697
1112,27,32,-3.1184099504812393,138.135316717847,505.642
1113,27,33,5.90216752550171,138.135316717847,504.634
1114,27,34,14.925349864879374,138.135316717847,504.687
1115,27,35,23.950476673736375,138.135316717847,505.728
1116,27,36,32.97677827513062,138.135316717847,507.6
1117,27,37,42.00351871617904,138.135316717847,510.081
1118,27,38,51.02999961003899,138.135316717847,512.907
1119,27,39,60.05557208873933,138.135316717847,515.798
1120,28,0,64.56782045069237,147.13530672301104,517.183
1121,28,1,73.59097162733194,147.13530672301104,519.679
1122,28,2,82.61190982268043,147.1352930626327,521.647
1123,28,3,88.36972514205533,-32.86459241801316,522.954
1124,28,4,79.35423743766451,-32.864667550094026,523.547
1125,28,5,70.34186429953522,-32.8646743802832,523.458
1126,28,6,61.33276965220753,-32.86467779537779,522.794
1127,28,7,52.327076439086504,-32.86467779537779,521.732
1128,28,8,43.32485637715843,-32.86467779537779,520.489
1129,28,9,34.326157277747505,-32.86468121047237,519.303
1130,28,10,25.330963772928087,-32.86468121047237,518.407
1131,28,11,16.339245126848912,-32.86468121047237,518.001
1132,28,12,7.350896325351489,-32.86468121047237,518.232
1133,28,13,-1.6342272394755106,-32.86468121047237,519.175
1134,28,14,-10.6163269514909,-32.86468121047237,520.828
1135,28,15,-19.59572222876008,-32.86468121047237,523.106
1136,28,16,-28.572776458691237,-32.86468121047237,525.848
1137,28,17,-37.547937018675015,-32.86468462556695,528.834
1138,28,18,-46.52177764460168,-32.86468462556695,531.803
1139,28,19,-55.49491134594925,-32.86468462556695,534.477
1140,28,20,-64.46802455672932,-32.86468804066154,536.588
1141,28,21,-73.44184127699388,-32.86468804066154,537.905
1142,28,22,-82.41714697849753,-32.86470170103988,538.255
1143,28,23,-88.6053393476641,147.13541600603776,537.546
1144,28,24,-79.62490417409377,147.13533404376773,535.77
1145,28,25,-70.64093779272257,147.13532038338937,533.014
1146,28,26,-61.652866467660175,147.13532038338937,529.446
1147,28,27,-52.66036576492103,147.13532038338937,525.309
1148,28,28,-43.66310783542498,147.13532038338937,520.893
1149,28,29,-34.66103462256406,147.13532038338937,516.515
1150,28,30,-25.654226381061036,147.13532038338937,512.486
1151,28,31,-16.642918752442263,147.13532038338937,509.087
1152,28,32,-7.627501911264081,147.13532038338937,506.544
1153,28,33,1.391506969087293,147.13532038338937,505.004
1154,28,34,10.413460087857766,147.13532038338937,504.53
1155,28,35,19.437719462690175,147.13532038338937,505.092
1156,28,36,28.46352587536959,147.13532038338937,506.573
1157,28,37,37.49013654282378,147.13532038338937,508.78
1158,28,38,46.51683258764259,147.13532038338937,511.468
1159,28,39,55.54293782109819,147.13532038338937,514.362
1160,29,0,69.07964534091685,156.13531038855345,518.485
1161,29,1,78.10173783823508,156.13531038855345,520.739
1162,29,2,87.12143976934381,156.13526940741843,522.388
1163,29,3,83.86160904455016,-23.86465363926787,523.34
1164,29,4,74.84765130253342,-23.864669007193505,523.583
1165,29,5,65.83689691923742,-23.864672422288088,523.188
1166,29,6,56.82948932863472,-23.864674129835382,522.3
1167,29,7,47.825530983562885,-23.864674129835382,521.118
1168,29,8,38.82506969534609,-23.864675837382674,519.874
1169,29,9,29.82812253945727,-23.864675837382674,518.805
1170,29,10,20.834679270612664,-23.864675837382674,518.132
1171,29,11,11.844657072768591,-23.864677544929968,518.03
1172,29,12,2.8579498645495,-23.864677544929968,518.613
1173,29,13,-6.125629970803371,-23.864677544929968,519.916
1174,29,14,-15.10634304769554,-23.864677544929968,521.897
1175,29,15,-24.08451572110329,-23.86467925247726,524.431
1176,29,16,-33.060564205679164,-23.86467925247726,527.326
1177,29,17,-42.03498539768528,-23.86467925247726,530.338
1178,29,18,-51.00838889150507,-23.86468096002455,533.194
1179,29,19,-59.98142355510968,-23.864682667571845,535.618
1180,29,20,-68.95478948288903,-23.864684375119136,537.358
1181,29,21,-77.92926190131392,-23.864689497761013,538.209
1182,29,22,-86.90557847081472,-23.864723648706864,538.036
1183,29,23,-84.11552815713455,156.13535136968846,536.788
1184,29,24,-75.13340592683925,156.13533770931014,534.506
1185,29,25,-66.14743830004122,156.13532404893178,531.317
1186,29,26,-57.1572086352011,156.13532404893178,527.431
1187,29,27,-48.16233785681997,156.13532404893178,523.116
1188,29,28,-39.162672285641484,156.13532404893178,518.68
1189,29,29,-30.158211921665647,156.13532404893178,514.438
1190,29,30,-21.14911385924337,156.13532404893178,510.692
1191,29,31,-12.135693994623773,156.13532404893178,507.697
1192,29,32,-3.1184099504812393,156.13532404893178,505.642
1193,29,33,5.90216752550171,156.13532404893178,504.634
1194,29,34,14.925349864879374,156.13532404893178,504.687
1195,29,35,23.950476673736375,156.13532404893178,505.728
1196,29,36,32.97677827513062,156.13532404893178,507.6
1197,29,37,42.00351871617904,156.13532404893178,510.081
1198,29,38,51.02999961003899,156.13532404893178,512.907
1199,29,39,60.05557208873933,156.13532404893178,515.798
1200,30,0,64.56782045069237,165.13531405409586,517.183
1201,30,1,73.59097162733194,165.13531405409586,519.679
1202,30,2,82.61190982268043,165.1353003937175,521.647
1203,30,3,88.36972514205533,-14.864585086928354,522.954
1204,30,4,79.35423743766451,-14.864660219009226,523.547
1205,30,5,70.34186429953522,-14.864667049198395,523.458
1206,30,6,61.33276965220753,-14.864668756745688,522.794
1207,30,7,52.327076439086504,-14.86467046429298,521.732
1208,30,8,43.32485637715843,-14.864672171840272,520.489
1209,30,9,34.326157277747505,-14.864672171840272,519.303
1210,30,10,25.330963772928087,-14.864672171840272,518.407
1211,30,11,16.339245126848912,-14.864673879387565,518.001
1212,30,12,7.350896325351489,-14.864673879387565,518.232
1213,30,13,-1.6342272394755106,-14.864673879387565,519.175
1214,30,14,-10.6163269514909,-14.864673879387565,520.828
1215,30,15,-19.59572222876008,-14.864675586934858,523.106
1216,30,16,-28.572776458691237,-14.864675586934858,525.848
1217,30,17,-37.547937018675015,-14.864675586934858,528.834
1218,30,18,-46.52177764460168,-14.864677294482151,531.803
1219,30,19,-55.49491134594925,-14.864677294482151,534.477
1220,30,20,-64.46802455672932,-14.864679002029442,536.588
1221,30,21,-73.44184127699388,-14.864682417124028,537.905
1222,30,22,-82.41714697849753,-14.864692662407784,538.255
1223,30,23,-88.6053393476641,165.13542333712257,537.546
1224,30,24,-79.62490417409377,165.13534137485252,535.77
1225,30,25,-70.64093779272257,165.1353277144742,533.014
1226,30,26,-61.652866467660175,165.1353277144742,529.446
1227,30,27,-52.66036576492103,165.1353277144742,525.309
1228,30,28,-43.66310783542498,165.1353277144742,520.893
1229,30,29,-34.66103462256406,165.1353277144742,516.515
1230,30,30,-25.654226381061036,165.1353277144742,512.486
1231,30,31,-16.642918752442263,165.1353277144742,509.087
1232,30,32,-7.627501911264081,165.1353277144742,506.544
1233,30,33,1.391506969087293,165.1353277144742,505.004
1234,30,34,10.413460087857766,165.1353277144742,504.53
1235,30,35,19.437719462690175,165.1353277144742,505.092
1236,30,36,28.46352587536959,165.1353277144742,506.573
1237,30,37,37.49013654282378,165.1353277144742,508.78
1238,30,38,46.51683258764259,165.1353277144742,511.468
1239,30,39,55.54293782109819,165.1353277144742,514.362
1240,31,0,69.07964534091685,174.13531771963824,518.485
1241,31,1,78.10173783823508,174.13531771963824,520.739
1242,31,2,87.12143976934381,174.13527673850322,522.388
1243,31,3,83.86160904455016,-5.864647161956714,523.34
1244,31,4,74.84765130253342,-5.864661249221878,523.583
1245,31,5,65.83689691923742,-5.864664664316463,523.188
1246,31,6,56.82948932863472,-5.8646663718637555,522.3
1247,31,7,47.825530983562885,-5.864667652524225,521.118
1248,31,8,38.82506969534609,-5.8646680794110475,519.874
1249,31,9,29.82812253945727,-5.864668933184694,518.805
1250,31,10,20.834679270612664,-5.864669360071518,518.132
1251,31,11,11.844657072768591,-5.86466978695834,518.03
1252,31,12,2.8579498645495,-5.864670213845163,518.613
1253,31,13,-6.125629970803371,-5.864670640731987,519.916
1254,31,14,-15.10634304769554,-5.86467106761881,521.897
1255,31,15,-24.08451572110329,-5.864671494505633,524.431
1256,31,16,-33.060564205679164,-5.864671921392456,527.326
1257,31,17,-42.03498539768528,-5.8646727751661025,530.338
1258,31,18,-51.00838889150507,-5.864673202052925,533.194
1259,31,19,-59.98142355510968,-5.8646744827133945,535.618
1260,31,20,-68.95478948288903,-5.86467661714751,537.358
1261,31,21,-77.92926190131392,-5.864682166676211,538.209
1262,31,22,-86.90557847081472,-5.864716744508884,538.036
1263,31,23,-84.11552815713455,174.13535870077325,536.788
1264,31,24,-75.13340592683925,174.13534504039492,534.506
1265,31,25,-66.14743830004122,174.1353313800166,531.317
1266,31,26,-57.1572086352011,174.1353313800166,527.431
1267,31,27,-48.16233785681997,174.1353313800166,523.116
1268,31,28,-39.162672285641484,174.1353313800166,518.68
1269,31,29,-30.158211921665647,174.1353313800166,514.438
1270,31,30,-21.14911385924337,174.1353313800166,510.692
1271,31,31,-12.135693994623773,174.1353313800166,507.697
1272,31,32,-3.1184099504812393,174.1353313800166,505.642
1273,31,33,5.90216752550171,174.1353313800166,504.634
1274,31,34,14.925349864879374,174.1353313800166,504.687
1275,31,35,23.950476673736375,174.1353313800166,505.728
1276,31,36,32.97677827513062,174.1353313800166,507.6
1277,31,37,42.00351871617904,174.1353313800166,510.081
1278,31,38,51.02999961003899,174.1353313800166,512.907
1279,31,39,60.05557208873933,174.1353313800166,515.798
1280,32,0,64.56782045069237,-176.86467497235367,517.183
1281,32,1,73.59097162733194,-176.86467497235367,519.679
1282,32,2,82.61190982268043,-176.86468863273203,521.647
1283,32,3,88.36972514205533,3.135421390382802,522.954
1284,32,4,79.35423743766451,3.1353466851887553,523.547
1285,32,5,70.34186429953522,3.1353402818864082,523.458
1286,32,6,61.33276965220753,3.135337934008881,522.794
1287,32,7,52.327076439086504,3.1353366533484115,521.732
1288,32,8,43.32485637715843,3.1353357995747655,520.489
1289,32,9,34.326157277747505,3.135335159244531,519.303
1290,32,10,25.330963772928087,3.135334518914296,518.407
1291,32,11,16.339245126848912,3.135334092027473,518.001
1292,32,12,7.350896325351489,3.13533366514065,518.232
1293,32,13,-1.6342272394755106,3.1353332382538266,519.175
1294,32,14,-10.6163269514909,3.1353328113670034,520.828
1295,32,15,-19.59572222876008,3.1353323844801806,523.106
1296,32,16,-28.572776458691237,3.1353319575933574,525.848
1297,32,17,-37.547937018675015,3.135331530706534,528.834
1298,32,18,-46.52177764460168,3.1353306769328877,531.803
1299,32,19,-55.49491134594925,3.1353298231592417,534.477
1300,32,20,-64.46802455672932,3.1353281156119492,536.588
1301,32,21,-73.44184127699388,3.1353249139607757,537.905
1302,32,22,-82.41714697849753,3.135314455233609,538.255
1303,32,23,-88.6053393476641,-176.86456568932695,537.546
1304,32,24,-79.62490417409377,-176.864647651597,535.77
1305,32,25,-70.64093779272257,-176.86466131197534,533.014
1306,32,26,-61.652866467660175,-176.86466131197534,529.446
1307,32,27,-52.66036576492103,-176.86466131197534,525.309
1308,32,28,-43.66310783542498,-176.86466131197534,520.893
1309,32,29,-34.66103462256406,-176.86466131197534,516.515
1310,32,30,-25.654226381061036,-176.86466131197534,512.486
1311,32,31,-16.642918752442263,-176.86466131197534,509.087
1312,32,32,-7.627501911264081,-176.86466131197534,506.544
1313,32,33,1.391506969087293,-176.86466131197534,505.004
1314,32,34,10.413460087857766,-176.86466131197534,504.53
1315,32,35,19.437719462690175,-176.86466131197534,505.092
1316,32,36,28.46352587536959,-176.86466131197534,506.573
1317,32,37,37.49013654282378,-176.86467497235367,508.78
1318,32,38,46.51683258764259,-176.86467497235367,511.468
1319,32,39,55.54293782109819,-176.86467497235367,514.362
1320,33,0,69.07964534091685,-167.8646713068113,518.485
1321,33,1,78.10173783823508,-167.8646713068113,520.739
1322,33,2,87.12143976934381,-167.8647122879463,522.388
1323,33,3,83.86160904455016,12.135360169128088,523.34
1324,33,4,74.84765130253342,12.135346508749748,523.583
1325,33,5,65.83689691923742,12.135342239881517,523.188
1326,33,6,56.82948932863472,12.135340532334224,522.3
1327,33,7,47.825530983562885,12.135339678560578,521.118
1328,33,8,38.82506969534609,12.135338824786933,519.874
1329,33,9,29.82812253945727,12.135338824786933,518.805
1330,33,10,20.834679270612664,12.135337971013286,518.132
1331,33,11,11.844657072768591,12.135337971013286,518.03
1332,33,12,2.8579498645495,12.13533711723964,518.613
1333,33,13,-6.125629970803371,12.13533711723964,519.916
1334,33,14,-15.10634304769554,12.135336263465994,521.897
1335,33,15,-24.08451572110329,12.135336263465994,524.431
1336,33,16,-33.060564205679164,12.135335409692347,527.326
1337,33,17,-42.03498539768528,12.135334555918702,530.338
1338,33,18,-51.00838889150507,12.135333702145054,533.194
1339,33,19,-59.98142355510968,12.135332848371409,535.618
1340,33,20,-68.95478948288903,12.13533028705047,537.358
1341,33,21,-77.92926190131392,12.135325164408592,538.209
1342,33,22,-86.90557847081472,12.135291013462743,538.036
1343,33,23,-84.11552815713455,-167.8646439860546,536.788
1344,33,24,-75.13340592683925,-167.86465764643293,534.506
1345,33,25,-66.14743830004122,-167.86465764643293,531.317
1346,33,26,-57.1572086352011,-167.86465764643293,527.431
1347,33,27,-48.16233785681997,-167.86465764643293,523.116
1348,33,28,-39.162672285641484,-167.86465764643293,518.68
1349,33,29,-30.158211921665647,-167.86465764643293,514.438
1350,33,30,-21.14911385924337,-167.86465764643293,510.692
1351,33,31,-12.135693994623773,-167.86465764643293,507.697
1352,33,32,-3.1184099504812393,-167.86465764643293,505.642
1353,33,33,5.90216752550171,-167.86465764643293,504.634
1354,33,34,14.925349864879374,-167.86465764643293,504.687
1355,33,35,23.950476673736375,-167.86465764643293,505.728
1356,33,36,32.97677827513062,-167.8646713068113,507.6
1357,33,37,42.00351871617904,-167.8646713068113,510.081
1358,33,38,51.02999961003899,-167.8646713068113,512.907
1359,33,39,60.05557208873933,-167.8646713068113,515.798
1360,34,0,64.56782045069237,-158.86469496202557,517.183
1361,34,1,73.59097162733194,-158.86469496202557,519.679
1362,34,2,82.61190982268043,-158.8647086224039,521.647
1363,34,3,88.36972514205533,21.13540225448457,522.954
1364,34,4,79.35423743766451,21.1353271224037,523.547
1365,34,5,70.34186429953522,21.13532029221453,523.458
1366,34,6,61.33276965220753,21.13531858466724,522.794
1367,34,7,52.327076439086504,21.135316877119948,521.732
1368,34,8,43.32485637715843,21.135315169572653,520.489
1369,34,9,34.326157277747505,21.135315169572653,519.303
1370,34,10,25.330963772928087,21.135315169572653,518.407
1371,34,11,16.339245126848912,21.135313462025362,518.001
1372,34,12,7.350896325351489,21.135313462025362,518.232
1373,34,13,-1.6342272394755106,21.135313462025362,519.175
1374,34,14,-10.6163269514909,21.135313462025362,520.828
1375,34,15,-19.59572222876008,21.135311754478067,523.106
1376,34,16,-28.572776458691237,21.135311754478067,525.848
1377,34,17,-37.547937018675015,21.135311754478067,528.834
1378,34,18,-46.52177764460168,21.135310046930776,531.803
1379,34,19,-55.49491134594925,21.135310046930776,534.477
1380,34,20,-64.46802455672932,21.135308339383485,536.588
1381,34,21,-73.44184127699388,21.1353049242889,537.905
1382,34,22,-82.41714697849753,21.135294679005145,538.255
1383,34,23,-88.6053393476641,-158.86458567899885,537.546
1384,34,24,-79.62490417409377,-158.86466764126888,535.77
1385,34,25,-70.64093779272257,-158.8646813016472,533.014
1386,34,26,-61.652866467660175,-158.8646813016472,529.446
1387,34,27,-52.66036576492103,-158.8646813016472,525.309
1388,34,28,-43.66310783542498,-158.8646813016472,520.893
1389,34,29,-34.66103462256406,-158.8646813016472,516.515
1390,34,30,-25.654226381061036,-158.8646813016472,512.486
1391,34,31,-16.642918752442263,-158.8646813016472,509.087
1392,34,32,-7.627501911264081,-158.8646813016472,506.544
1393,34,33,1.391506969087293,-158.8646813016472,505.004
1394,34,34,10.413460087857766,-158.8646813016472,504.53
1395,34,35,19.437719462690175,-158.8646813016472,505.092
1396,34,36,28.46352587536959,-158.8646813016472,506.573
1397,34,37,37.49013654282378,-158.86469496202557,508.78
1398,34,38,46.51683258764259,-158.86469496202557,511.468
1399,34,39,55.54293782109819,-158.86469496202557,514.362
1400,35,0,69.07964534091685,-149.86469129648316,518.485
1401,35,1,78.10173783823508,-149.86469129648316,520.739
1402,35,2,87.12143976934381,-149.86473227761817,522.388
1403,35,3,83.86160904455016,30.135341033229857,523.34
1404,35,4,74.84765130253342,30.135327372851517,523.583
1405,35,5,65.83689691923742,30.135323957756935,523.188
1406,35,6,56.82948932863472,30.13532054266235,522.3
1407,35,7,47.825530983562885,30.13532054266235,521.118
1408,35,8,38.82506969534609,30.13532054266235,519.874
1409,35,9,29.82812253945727,30.135317127567763,518.805
1410,35,10,20.834679270612664,30.135317127567763,518.132
1411,35,11,11.844657072768591,30.135317127567763,518.03
1412,35,12,2.8579498645495,30.135317127567763,518.613
1413,35,13,-6.125629970803371,30.135317127567763,519.916
1414,35,14,-15.10634304769554,30.135317127567763,521.897
1415,35,15,-24.08451572110329,30.135317127567763,524.431
1416,35,16,-33.060564205679164,30.135313712473177,527.326
1417,35,17,-42.03498539768528,30.135313712473177,530.338
1418,35,18,-51.00838889150507,30.135313712473177,533.194
1419,35,19,-59.98142355510968,30.135313712473177,535.618
1420,35,20,-68.95478948288903,30.13531029737859,537.358
1421,35,21,-77.92926190131392,30.13530688228401,538.209
1422,35,22,-86.90557847081472,30.135269316243573,538.036
1423,35,23,-84.11552815713455,-149.86466397572647,536.788
1424,35,24,-75.13340592683925,-149.86467763610483,534.506
1425,35,25,-66.14743830004122,-149.86467763610483,531.317
1426,35,26,-57.1572086352011,-149.86467763610483,527.431
1427,35,27,-48.16233785681997,-149.86467763610483,523.116
1428,35,28,-39.162672285641484,-149.86467763610483,518.68
1429,35,29,-30.158211921665647,-149.86467763610483,514.438
1430,35,30,-21.14911385924337,-149.86467763610483,510.692
1431,35,31,-12.135693994623773,-149.86467763610483,507.697
1432,35,32,-3.1184099504812393,-149.86467763610483,505.642
1433,35,33,5.90216752550171,-149.86467763610483,504.634
1434,35,34,14.925349864879374,-149.86467763610483,504.687
1435,35,35,23.950476673736375,-149.86467763610483,505.728
1436,35,36,32.97677827513062,-149.86469129648316,507.6
1437,35,37,42.00351871617904,-149.86469129648316,510.081
1438,35,38,51.02999961003899,-149.86469129648316,512.907
1439,35,39,60.05557208873933,-149.86469129648316,515.798
1440,36,0,64.56782045069237,-140.86468763094075,517.183
1441,36,1,73.59097162733194,-140.86468763094075,519.679
1442,36,2,82.61190982268043,-140.8647012913191,521.647
1443,36,3,88.36972514205533,39.13540958556938,522.954
1444,36,4,79.35423743766451,39.135334453488504,523.547
1445,36,5,70.34186429953522,39.13532762329933,523.458
1446,36,6,61.33276965220753,39.13532420820475,522.794
1447,36,7,52.327076439086504,39.13532420820475,521.732
1448,36,8,43.32485637715843,39.13532420820475,520.489
1449,36,9,34.326157277747505,39.13532079311017,519.303
1450,36,10,25.330963772928087,39.13532079311017,518.407
1451,36,11,16.339245126848912,39.13532079311017,518.001
1452,36,12,7.350896325351489,39.13532079311017,518.232
1453,36,13,-1.6342272394755106,39.13532079311017,519.175
1454,36,14,-10.6163269514909,39.13532079311017,520.828
1455,36,15,-19.59572222876008,39.13532079311017,523.106
1456,36,16,-28.572776458691237,39.13532079311017,525.848
1457,36,17,-37.547937018675015,39.13531737801558,528.834
1458,36,18,-46.52177764460168,39.13531737801558,531.803
1459,36,19,-55.49491134594925,39.13531737801558,534.477
1460,36,20,-64.46802455672932,39.135313962920996,536.588
1461,36,21,-73.44184127699388,39.135313962920996,537.905
1462,36,22,-82.41714697849753,39.13530030254265,538.255
1463,36,23,-88.6053393476641,-140.86457834791403,537.546
1464,36,24,-79.62490417409377,-140.86466031018406,535.77
1465,36,25,-70.64093779272257,-140.86467397056242,533.014
1466,36,26,-61.652866467660175,-140.86467397056242,529.446
1467,36,27,-52.66036576492103,-140.86467397056242,525.309
1468,36,28,-43.66310783542498,-140.86467397056242,520.893
1469,36,29,-34.66103462256406,-140.86467397056242,516.515
1470,36,30,-25.654226381061036,-140.86467397056242,512.486
1471,36,31,-16.642918752442263,-140.86467397056242,509.087
1472,36,32,-7.627501911264081,-140.86467397056242,506.544
1473,36,33,1.391506969087293,-140.86467397056242,505.004
1474,36,34,10.413460087857766,-140.86467397056242,504.53
1475,36,35,19.437719462690175,-140.86467397056242,505.092
1476,36,36,28.46352587536959,-140.86467397056242,506.573
1477,36,37,37.49013654282378,-140.86468763094075,508.78
1478,36,38,46.51683258764259,-140.86468763094075,511.468
1479,36,39,55.54293782109819,-140.86468763094075,514.362
1480,37,0,69.07964534091685,-131.86468396539834,518.485
1481,37,1,78.10173783823508,-131.86468396539834,520.739
1482,37,2,87.12143976934381,-131.86472494653339,522.388
1483,37,3,83.86160904455016,48.13534836431466,523.34
1484,37,4,74.84765130253342,48.13533470393632,523.583
1485,37,5,65.83689691923742,48.13533128884173,523.188
1486,37,6,56.82948932863472,48.13532787374715,522.3
1487,37,7,47.825530983562885,48.13532787374715,521.118
1488,37,8,38.82506969534609,48.13532787374715,519.874
1489,37,9,29.82812253945727,48.13532445865257,518.805
1490,37,10,20.834679270612664,48.13532445865257,518.132
1491,37,11,11.844657072768591,48.13532445865257,518.03
1492,37,12,2.8579498645495,48.13532445865257,518.613
1493,37,13,-6.125629970803371,48.13532445865257,519.916
1494,37,14,-15.10634304769554,48.13532445865257,521.897
1495,37,15,-24.08451572110329,48.13532445865257,524.431
1496,37,16,-33.060564205679164,48.13532104355798,527.326
1497,37,17,-42.03498539768528,48.13532104355798,530.338
1498,37,18,-51.00838889150507,48.13532104355798,533.194
1499,37,19,-59.98142355510968,48.13532104355798,535.618
1500,37,20,-68.95478948288903,48.1353176284634,537.358
1501,37,21,-77.92926190131392,48.13531421336881,538.209
1502,37,22,-86.90557847081472,48.135276647328375,538.036
1503,37,23,-84.11552815713455,-131.86465664464168,536.788
1504,37,24,-75.13340592683925,-131.86467030502,534.506
1505,37,25,-66.14743830004122,-131.86467030502,531.317
1506,37,26,-57.1572086352011,-131.86467030502,527.431
1507,37,27,-48.16233785681997,-131.86467030502,523.116
1508,37,28,-39.162672285641484,-131.86467030502,518.68
1509,37,29,-30.158211921665647,-131.86467030502,514.438
1510,37,30,-21.14911385924337,-131.86467030502,510.692
1511,37,31,-12.135693994623773,-131.86467030502,507.697
1512,37,32,-3.1184099504812393,-131.86467030502,505.642
1513,37,33,5.90216752550171,-131.86467030502,504.634
1514,37,34,14.925349864879374,-131.86467030502,504.687
1515,37,35,23.950476673736375,-131.86467030502,505.728
1516,37,36,32.97677827513062,-131.86468396539834,507.6
1517,37,37,42.00351871617904,-131.86468396539834,510.081
1518,37,38,51.02999961003899,-131.86468396539834,512.907
1519,37,39,60.05557208873933,-131.86468396539834,515.798
1520,38,0,64.56782045069237,-122.86468029985595,517.183
1521,38,1,73.59097162733194,-122.86468029985595,519.679
1522,38,2,82.61190982268043,-122.86469396023429,521.647
1523,38,3,88.36972514205533,57.13541691665418,522.954
1524,38,4,79.35423743766451,57.135341784573306,523.547
1525,38,5,70.34186429953522,57.13533495438414,523.458
1526,38,6,61.33276965220753,57.13533153928955,522.794
1527,38,7,52.327076439086504,57.13533153928955,521.732
1528,38,8,43.32485637715843,57.13533153928955,520.489
1529,38,9,34.326157277747505,57.13532812419497,519.303
1530,38,10,25.330963772928087,57.13532812419497,518.407
1531,38,11,16.339245126848912,57.13532812419497,518.001
1532,38,12,7.350896325351489,57.13532812419497,518.232
1533,38,13,-1.6342272394755106,57.13532812419497,519.175
1534,38,14,-10.6163269514909,57.13532812419497,520.828
1535,38,15,-19.59572222876008,57.13532812419497,523.106
1536,38,16,-28.572776458691237,57.13532812419497,525.848
1537,38,17,-37.547937018675015,57.13532470910038,528.834
1538,38,18,-46.52177764460168,57.13532470910038,531.803
1539,38,19,-55.49491134594925,57.13532470910038,534.477
1540,38,20,-64.46802455672932,57.1353212940058,536.588
1541,38,21,-73.44184127699388,57.1353212940058,537.905
1542,38,22,-82.41714697849753,57.135307633627455,538.255
1543,38,23,-88.6053393476641,-122.86457101682923,537.546
1544,38,24,-79.62490417409377,-122.86465297909928,535.77
1545,38,25,-70.64093779272257,-122.8646666394776,533.014
1546,38,26,-61.652866467660175,-122.8646666394776,529.446
1547,38,27,-52.66036576492103,-122.8646666394776,525.309
1548,38,28,-43.66310783542498,-122.8646666394776,520.893
1549,38,29,-34.66103462256406,-122.8646666394776,516.515
1550,38,30,-25.654226381061036,-122.8646666394776,512.486
1551,38,31,-16.642918752442263,-122.8646666394776,509.087
1552,38,32,-7.627501911264081,-122.8646666394776,506.544
1553,38,33,1.391506969087293,-122.8646666394776,505.004
1554,38,34,10.413460087857766,-122.8646666394776,504.53
1555,38,35,19.437719462690175,-122.8646666394776,505.092
1556,38,36,28.46352587536959,-122.8646666394776,506.573
1557,38,37,37.49013654282378,-122.86468029985595,508.78
1558,38,38,46.51683258764259,-122.86468029985595,511.468
1559,38,39,55.54293782109819,-122.86468029985595,514.362
1560,39,0,69.07964534091685,-113.86467663431355,518.485
1561,39,1,78.10173783823508,-113.86468346450272,520.739
1562,39,2,87.12143976934381,-113.86471761544857,522.388
1563,39,3,83.86160904455016,66.13535569539947,523.34
1564,39,4,74.84765130253342,66.13534203502113,523.583
1565,39,5,65.83689691923742,66.13533520483196,523.188
1566,39,6,56.82948932863472,66.13533520483196,522.3
1567,39,7,47.825530983562885,66.13533520483196,521.118
1568,39,8,38.82506969534609,66.13533520483196,519.874
1569,39,9,29.82812253945727,66.13533520483196,518.805
1570,39,10,20.834679270612664,66.13533520483196,518.132
1571,39,11,11.844657072768591,66.13533520483196,518.03
1572,39,12,2.8579498645495,66.13533520483196,518.613
1573,39,13,-6.125629970803371,66.13532837464278,519.916
1574,39,14,-15.10634304769554,66.13532837464278,521.897
1575,39,15,-24.08451572110329,66.13532837464278,524.431
1576,39,16,-33.060564205679164,66.13532837464278,527.326
1577,39,17,-42.03498539768528,66.13532837464278,530.338
1578,39,18,-51.00838889150507,66.13532837464278,533.194
1579,39,19,-59.98142355510968,66.13532837464278,535.618
1580,39,20,-68.95478948288903,66.13532837464278,537.358
1581,39,21,-77.92926190131392,66.13532154445362,538.209
1582,39,22,-86.90557847081472,66.13528739350777,538.036
1583,39,23,-84.11552815713455,-113.8646424833677,536.788
1584,39,24,-75.13340592683925,-113.86465614374603,534.506
1585,39,25,-66.14743830004122,-113.86466297393521,531.317
1586,39,26,-57.1572086352011,-113.86466297393521,527.431
1587,39,27,-48.16233785681997,-113.86466297393521,523.116
1588,39,28,-39.162672285641484,-113.86466297393521,518.68
1589,39,29,-30.158211921665647,-113.86466980412438,514.438
1590,39,30,-21.14911385924337,-113.86466980412438,510.692
1591,39,31,-12.135693994623773,-113.86466980412438,507.697
1592,39,32,-3.1184099504812393,-113.86466980412438,505.642
1593,39,33,5.90216752550171,-113.86466980412438,504.634
1594,39,34,14.925349864879374,-113.86466980412438,504.687
1595,39,35,23.950476673736375,-113.86466980412438,505.728
1596,39,36,32.97677827513062,-113.86466980412438,507.6
1597,39,37,42.00351871617904,-113.86466980412438,510.081
1598,39,38,51.02999961003899,-113.86466980412438,512.907
1599,39,39,60.05557208873933,-113.86466980412438,515.798
