0,0,0,53.151528083231234,-104.11262132982856,513.59
1,0,1,62.176796618513514,-104.11262816001772,516.457
2,0,2,71.20046005934084,-104.11262816001772,519.061
3,0,3,80.22202663209298,-104.1126349902069,521.185
4,0,4,89.24110701598723,-104.11281257512532,522.676
5,0,5,81.74261798663457,75.88739733950612,523.458
6,0,6,72.7293979050482,75.88738367912778,523.542
7,0,7,63.7194153331284,75.88738367912778,523.016
8,0,8,54.712806874658604,75.88738367912778,522.04
9,0,9,45.709664737192576,75.88738367912778,520.822
10,0,10,36.71002648677077,75.88738367912778,519.597
11,0,11,27.71390919886611,75.88737684893862,518.604
12,0,12,18.721271892343566,75.88737684893862,518.051
13,0,13,9.732038581348627,75.88737684893862,518.103
14,0,14,0.7460920320874934,75.88737684893862,518.855
15,0,15,-8.2367932050433,75.88737684893862,520.325
16,0,16,-17.216874916324066,75.88737684893862,522.449
17,0,17,-26.194492636861753,75.88737684893862,525.088
18,0,18,-35.17011252706721,75.88737684893862,528.034
19,0,19,-44.14424685112819,75.88737684893862,531.034
20,0,20,-53.11750349588082,75.88737684893862,533.813
21,0,21,-62.090538159485426,75.88737684893862,536.098
22,0,22,-71.0641021627507,75.88737001874944,537.645
23,0,23,-80.03894341139078,75.88736318856027,538.264
24,0,24,-89.01579273564684,75.88723341496605,537.84
25,0,25,-82.00462404319626,-104.11260083926105,536.342
26,0,26,-73.02162754868719,-104.11261449963938,533.832
27,0,27,-64.03473101616204,-104.11261449963938,530.458
28,0,28,-55.0434153512439,-104.11261449963938,526.445
29,0,29,-46.047427836933466,-104.11262132982856,522.073
30,0,30,-37.04663186944734,-104.11262132982856,517.654
31,0,31,-28.041059892184087,-104.11262132982856,513.504
32,0,32,-19.030913395724216,-104.11262132982856,509.913
33,0,33,-10.016541573489045,-104.11262132982856,507.125
34,0,34,-0.9984557291709757,-104.11262132982856,505.309
35,0,35,8.022802524573153,-104.11262132982856,504.552
36,0,36,17.04652999842395,-104.11262132982856,504.847
37,0,37,26.072000024286744,-104.11262132982856,506.1
38,0,38,35.098470672862945,-104.11262132982856,508.137
39,0,39,44.125214529005945,-104.11262132982856,510.724
40,1,0,57.66432969050704,-95.11262449447533,515.041
41,1,1,66.68886056535897,-95.11262449447533,517.806
42,1,2,75.71152679856746,-95.11263132466449,520.194
43,1,3,84.73189808821485,-95.11264498504283,522.016
44,1,4,86.25038574449208,84.88741466542686,523.157
45,1,5,77.23561520996411,84.88738734467019,523.584
46,1,6,68.22398656245434,84.88738734467019,523.347
47,1,7,59.215684217070375,84.88738051448101,522.572
48,1,8,50.21080379646059,84.88738051448101,521.447
49,1,9,41.209406772327505,84.88738051448101,520.195
50,1,10,32.211534125806146,84.88738051448101,519.058
51,1,11,23.217158536139834,84.88738051448101,518.261
52,1,12,14.22624329106178,84.88738051448101,517.994
53,1,13,5.238673984903386,84.88738051448101,518.388
54,1,14,-3.7457197101777746,84.88738051448101,519.502
55,1,15,-12.727164471084782,84.88738051448101,521.312
56,1,16,-21.705972352085343,84.88738051448101,523.716
57,1,17,-30.682524563112505,84.88738051448101,526.537
58,1,18,-39.65733166080673,84.88737368429184,529.544
59,1,19,-48.6309434753962,84.88737368429184,532.469
60,1,20,-57.603991799379145,84.88737368429184,535.034
61,1,21,-66.57720746299675,84.88737368429184,536.977
62,1,22,-75.55131788139565,84.88736685410267,538.08
63,1,23,-84.52706754519534,84.88735319372434,538.187
64,1,24,-86.49480406394099,-95.11257668315113,537.224
65,1,25,-77.51358341861612,-95.11261083409698,535.206
66,1,26,-68.52871545227447,-95.11261766428615,532.241
67,1,27,-59.53964008940408,-95.11261766428615,528.515
68,1,28,-50.54601582054647,-95.11261766428615,524.285
69,1,29,-41.547630909837366,-95.11261766428615,519.85
70,1,30,-32.54443413085798,-95.11261766428615,515.526
71,1,31,-23.536541596824215,-95.11261766428615,511.622
72,1,32,-14.524228222850157,-95.11261766428615,508.406
73,1,33,-5.50791748066435,-95.11261766428615,506.088
74,1,34,3.5118213761545687,-95.11262449447533,504.796
75,1,35,12.534402018555037,-95.11262449447533,504.572
76,1,36,21.5590925490788,-95.11262449447533,505.363
77,1,37,30.58515680139939,-95.11262449447533,507.034
78,1,38,39.6118528462182,-95.11262449447533,509.378
79,1,39,48.638470343861556,-95.11262449447533,512.14
80,2,0,53.151528083231234,-86.11262082893292,513.59
81,2,1,62.176796618513514,-86.11262765912208,516.457
82,2,2,71.20046005934084,-86.11262765912208,519.061
83,2,3,80.22202663209298,-86.11263448931126,521.185
84,2,4,89.24110701598723,-86.11281207422968,522.676
85,2,5,81.74261798663457,93.88739784040176,523.458
86,2,6,72.7293979050482,93.88738418002342,523.542
87,2,7,63.7194153331284,93.88738418002342,523.016
88,2,8,54.712806874658604,93.88738418002342,522.04
89,2,9,45.709664737192576,93.88738418002342,520.822
90,2,10,36.71002648677077,93.88738418002342,519.597
91,2,11,27.71390919886611,93.88737734983424,518.604
92,2,12,18.721271892343566,93.88737734983424,518.051
93,2,13,9.732038581348627,93.88737734983424,518.103
94,2,14,0.7460920320874934,93.88737734983424,518.855
95,2,15,-8.2367932050433,93.88737734983424,520.325
96,2,16,-17.216874916324066,93.88737734983424,522.449
97,2,17,-26.194492636861753,93.88737734983424,525.088
98,2,18,-35.17011252706721,93.88737734983424,528.034
99,2,19,-44.14424685112819,93.88737734983424,531.034
100,2,20,-53.11750349588082,93.88737734983424,533.813
101,2,21,-62.090538159485426,93.88737734983424,536.098
102,2,22,-71.0641021627507,93.88737051964507,537.645
103,2,23,-80.03894341139078,93.88736368945591,538.264
104,2,24,-89.01579273564684,93.88723391586167,537.84
105,2,25,-82.00462404319626,-86.11260033836541,536.342
106,2,26,-73.02162754868719,-86.11261399874375,533.832
107,2,27,-64.03473101616204,-86.11261399874375,530.458
108,2,28,-55.0434153512439,-86.11261399874375,526.445
109,2,29,-46.047427836933466,-86.11262082893292,522.073
110,2,30,-37.04663186944734,-86.11262082893292,517.654
111,2,31,-28.041059892184087,-86.11262082893292,513.504
112,2,32,-19.030913395724216,-86.11262082893292,509.913
113,2,33,-10.016541573489045,-86.11262082893292,507.125
114,2,34,-0.9984557291709757,-86.11262082893292,505.309
115,2,35,8.022802524573153,-86.11262082893292,504.552
116,2,36,17.04652999842395,-86.11262082893292,504.847
117,2,37,26.072000024286744,-86.11262082893292,506.1
118,2,38,35.098470672862945,-86.11262082893292,508.137
119,2,39,44.125214529005945,-86.11262082893292,510.724
120,3,0,57.66432969050704,-77.11262399357969,515.041
121,3,1,66.68886056535897,-77.11262399357969,517.806
122,3,2,75.71152679856746,-77.11263082376885,520.194
123,3,3,84.73189808821485,-77.1126444841472,522.016
124,3,4,86.25038574449208,102.8874151663225,523.157
125,3,5,77.23561520996411,102.88738784556581,523.584
126,3,6,68.22398656245434,102.88738784556581,523.347
127,3,7,59.215684217070375,102.88738101537665,522.572
128,3,8,50.21080379646059,102.88738101537665,521.447
129,3,9,41.209406772327505,102.88738101537665,520.195
130,3,10,32.211534125806146,102.88738101537665,519.058
131,3,11,23.217158536139834,102.88738101537665,518.261
132,3,12,14.22624329106178,102.88738101537665,517.994
133,3,13,5.238673984903386,102.88738101537665,518.388
134,3,14,-3.7457197101777746,102.88738101537665,519.502
135,3,15,-12.727164471084782,102.88738101537665,521.312
136,3,16,-21.705972352085343,102.88738101537665,523.716
137,3,17,-30.682524563112505,102.88738101537665,526.537
138,3,18,-39.65733166080673,102.88737418518748,529.544
139,3,19,-48.6309434753962,102.88737418518748,532.469
140,3,20,-57.603991799379145,102.88737418518748,535.034
141,3,21,-66.57720746299675,102.88737418518748,536.977
142,3,22,-75.55131788139565,102.8873673549983,538.08
143,3,23,-84.52706754519534,102.88735369461996,538.187
144,3,24,-86.49480406394099,-77.1125761822555,537.224
145,3,25,-77.51358341861612,-77.11261033320135,535.206
146,3,26,-68.52871545227447,-77.11261716339052,532.241
147,3,27,-59.53964008940408,-77.11261716339052,528.515
148,3,28,-50.54601582054647,-77.11261716339052,524.285
149,3,29,-41.547630909837366,-77.11261716339052,519.85
150,3,30,-32.54443413085798,-77.11261716339052,515.526
151,3,31,-23.536541596824215,-77.11261716339052,511.622
152,3,32,-14.524228222850157,-77.11261716339052,508.406
153,3,33,-5.50791748066435,-77.11261716339052,506.088
154,3,34,3.5118213761545687,-77.11262399357969,504.796
155,3,35,12.534402018555037,-77.11262399357969,504.572
156,3,36,21.5590925490788,-77.11262399357969,505.363
157,3,37,30.58515680139939,-77.11262399357969,507.034
158,3,38,39.6118528462182,-77.11262399357969,509.378
159,3,39,48.638470343861556,-77.11262399357969,512.14
160,4,0,53.151528083231234,-68.11262032803728,513.59
161,4,1,62.176796618513514,-68.11262715822646,516.457
162,4,2,71.20046005934084,-68.11262715822646,519.061
163,4,3,80.22202663209298,-68.11263398841562,521.185
164,4,4,89.24110701598723,-68.11281157333404,522.676
165,4,5,81.74261798663457,111.88739834129738,523.458
166,4,6,72.7293979050482,111.88738468091904,523.542
167,4,7,63.7194153331284,111.88738468091904,523.016
168,4,8,54.712806874658604,111.88738468091904,522.04
169,4,9,45.709664737192576,111.88738468091904,520.822
170,4,10,36.71002648677077,111.88738468091904,519.597
171,4,11,27.71390919886611,111.88737785072988,518.604
172,4,12,18.721271892343566,111.88737785072988,518.051
173,4,13,9.732038581348627,111.88737785072988,518.103
174,4,14,0.7460920320874934,111.88737785072988,518.855
175,4,15,-8.2367932050433,111.88737785072988,520.325
176,4,16,-17.216874916324066,111.88737785072988,522.449
177,4,17,-26.194492636861753,111.88737785072988,525.088
178,4,18,-35.17011252706721,111.88737785072988,528.034
179,4,19,-44.14424685112819,111.88737785072988,531.034
180,4,20,-53.11750349588082,111.88737785072988,533.813
181,4,21,-62.090538159485426,111.88737785072988,536.098
182,4,22,-71.0641021627507,111.88737102054071,537.645
183,4,23,-80.03894341139078,111.88736419035153,538.264
184,4,24,-89.01579273564684,111.88723441675731,537.84
185,4,25,-82.00462404319626,-68.11259983746977,536.342
186,4,26,-73.02162754868719,-68.11261349784812,533.832
187,4,27,-64.03473101616204,-68.11261349784812,530.458
188,4,28,-55.0434153512439,-68.11261349784812,526.445
189,4,29,-46.047427836933466,-68.11262032803728,522.073
190,4,30,-37.04663186944734,-68.11262032803728,517.654
191,4,31,-28.041059892184087,-68.11262032803728,513.504
192,4,32,-19.030913395724216,-68.11262032803728,509.913
193,4,33,-10.016541573489045,-68.11262032803728,507.125
194,4,34,-0.9984557291709757,-68.11262032803728,505.309
195,4,35,8.022802524573153,-68.11262032803728,504.552
196,4,36,17.04652999842395,-68.11262032803728,504.847
197,4,37,26.072000024286744,-68.11262032803728,506.1
198,4,38,35.098470672862945,-68.11262032803728,508.137
199,4,39,44.125214529005945,-68.11262032803728,510.724
200,5,0,57.66432969050704,-59.11262349268406,515.041
201,5,1,66.68886056535897,-59.11262349268406,517.806
202,5,2,75.71152679856746,-59.11263032287322,520.194
203,5,3,84.73189808821485,-59.112643983251566,522.016
204,5,4,86.25038574449208,120.8874224974073,523.157
205,5,5,77.23561520996411,120.88739517665061,523.584
206,5,6,68.22398656245434,120.88738151627228,523.347
207,5,7,59.215684217070375,120.88738151627228,522.572
208,5,8,50.21080379646059,120.88738151627228,521.447
209,5,9,41.209406772327505,120.88738151627228,520.195
210,5,10,32.211534125806146,120.88738151627228,519.058
211,5,11,23.217158536139834,120.88738151627228,518.261
212,5,12,14.22624329106178,120.88738151627228,517.994
213,5,13,5.238673984903386,120.88738151627228,518.388
214,5,14,-3.7457197101777746,120.88738151627228,519.502
215,5,15,-12.727164471084782,120.88738151627228,521.312
216,5,16,-21.705972352085343,120.88738151627228,523.716
217,5,17,-30.682524563112505,120.88738151627228,526.537
218,5,18,-39.65733166080673,120.88738151627228,529.544
219,5,19,-48.6309434753962,120.88738151627228,532.469
220,5,20,-57.603991799379145,120.88738151627228,535.034
221,5,21,-66.57720746299675,120.88736785589394,536.977
222,5,22,-75.55131788139565,120.88736785589394,538.08
223,5,23,-84.52706754519534,120.8873541955156,538.187
224,5,24,-86.49480406394099,-59.112575681359864,537.224
225,5,25,-77.51358341861612,-59.112609832305715,535.206
226,5,26,-68.52871545227447,-59.11261666249489,532.241
227,5,27,-59.53964008940408,-59.11261666249489,528.515
228,5,28,-50.54601582054647,-59.11261666249489,524.285
229,5,29,-41.547630909837366,-59.11261666249489,519.85
230,5,30,-32.54443413085798,-59.11261666249489,515.526
231,5,31,-23.536541596824215,-59.11261666249489,511.622
232,5,32,-14.524228222850157,-59.11261666249489,508.406
233,5,33,-5.50791748066435,-59.11261666249489,506.088
234,5,34,3.5118213761545687,-59.11262349268406,504.796
235,5,35,12.534402018555037,-59.11262349268406,504.572
236,5,36,21.5590925490788,-59.11262349268406,505.363
237,5,37,30.58515680139939,-59.11262349268406,507.034
238,5,38,39.6118528462182,-59.11262349268406,509.378
239,5,39,48.638470343861556,-59.11262349268406,512.14
240,6,0,53.151528083231234,-50.11262324223624,513.59
241,6,1,62.176796618513514,-50.11262324223624,516.457
242,6,2,71.20046005934084,-50.11262665733082,519.061
243,6,3,80.22202663209298,-50.11263348751999,521.185
244,6,4,89.24110701598723,-50.11280765734383,522.676
245,6,5,81.74261798663457,129.88739884219302,523.458
246,6,6,72.7293979050482,129.8873851818147,523.542
247,6,7,63.7194153331284,129.8873851818147,523.016
248,6,8,54.712806874658604,129.8873851818147,522.04
249,6,9,45.709664737192576,129.8873851818147,520.822
250,6,10,36.71002648677077,129.8873851818147,519.597
251,6,11,27.71390919886611,129.8873851818147,518.604
252,6,12,18.721271892343566,129.8873851818147,518.051
253,6,13,9.732038581348627,129.8873851818147,518.103
254,6,14,0.7460920320874934,129.8873851818147,518.855
255,6,15,-8.2367932050433,129.8873851818147,520.325
256,6,16,-17.216874916324066,129.8873851818147,522.449
257,6,17,-26.194492636861753,129.8873851818147,525.088
258,6,18,-35.17011252706721,129.8873851818147,528.034
259,6,19,-44.14424685112819,129.88737152143634,531.034
260,6,20,-53.11750349588082,129.88737152143634,533.813
261,6,21,-62.090538159485426,129.88737152143634,536.098
262,6,22,-71.0641021627507,129.88737152143634,537.645
263,6,23,-80.03894341139078,129.88737152143634,538.264
264,6,24,-89.01579273564684,129.88723491765293,537.84
265,6,25,-82.00462404319626,-50.112602751668724,536.342
266,6,26,-73.02162754868719,-50.112612996952485,533.832
267,6,27,-64.03473101616204,-50.112612996952485,530.458
268,6,28,-55.0434153512439,-50.11261641204707,526.445
269,6,29,-46.047427836933466,-50.11261641204707,522.073
270,6,30,-37.04663186944734,-50.11261641204707,517.654
271,6,31,-28.041059892184087,-50.11261982714165,513.504
272,6,32,-19.030913395724216,-50.11261982714165,509.913
273,6,33,-10.016541573489045,-50.11261982714165,507.125
274,6,34,-0.9984557291709757,-50.11261982714165,505.309
275,6,35,8.022802524573153,-50.11261982714165,504.552
276,6,36,17.04652999842395,-50.11261982714165,504.847
277,6,37,26.072000024286744,-50.11261982714165,506.1
278,6,38,35.098470672862945,-50.11261982714165,508.137
279,6,39,44.125214529005945,-50.11262324223624,510.724
280,7,0,57.66432969050704,-41.11262640688301,515.041
281,7,1,66.68886056535897,-41.11262982197759,517.806
282,7,2,75.71152679856746,-41.112633237072174,520.194
283,7,3,84.73189808821485,-41.1126503125451,522.016
284,7,4,86.25038574449208,138.88741616811376,523.157
285,7,5,77.23561520996411,138.88738884735707,523.584
286,7,6,68.22398656245434,138.88738884735707,523.347
287,7,7,59.215684217070375,138.88737518697874,522.572
288,7,8,50.21080379646059,138.88737518697874,521.447
289,7,9,41.209406772327505,138.88737518697874,520.195
290,7,10,32.211534125806146,138.88737518697874,519.058
291,7,11,23.217158536139834,138.88737518697874,518.261
292,7,12,14.22624329106178,138.88737518697874,517.994
293,7,13,5.238673984903386,138.88737518697874,518.388
294,7,14,-3.7457197101777746,138.88737518697874,519.502
295,7,15,-12.727164471084782,138.88737518697874,521.312
296,7,16,-21.705972352085343,138.88737518697874,523.716
297,7,17,-30.682524563112505,138.88737518697874,526.537
298,7,18,-39.65733166080673,138.88737518697874,529.544
299,7,19,-48.6309434753962,138.88737518697874,532.469
300,7,20,-57.603991799379145,138.88737518697874,535.034
301,7,21,-66.57720746299675,138.88737518697874,536.977
302,7,22,-75.55131788139565,138.88736152660042,538.08
303,7,23,-84.52706754519534,138.88734786622206,538.187
304,7,24,-86.49480406394099,-41.1125820106534,537.224
305,7,25,-77.51358341861612,-41.11261274650467,535.206
306,7,26,-68.52871545227447,-41.11261616159925,532.241
307,7,27,-59.53964008940408,-41.11261957669384,528.515
308,7,28,-50.54601582054647,-41.11261957669384,524.285
309,7,29,-41.547630909837366,-41.11261957669384,519.85
310,7,30,-32.54443413085798,-41.11261957669384,515.526
311,7,31,-23.536541596824215,-41.11262299178842,511.622
312,7,32,-14.524228222850157,-41.11262299178842,508.406
313,7,33,-5.50791748066435,-41.11262299178842,506.088
314,7,34,3.5118213761545687,-41.11262299178842,504.796
315,7,35,12.534402018555037,-41.11262299178842,504.572
316,7,36,21.5590925490788,-41.11262299178842,505.363
317,7,37,30.58515680139939,-41.11262299178842,507.034
318,7,38,39.6118528462182,-41.11262640688301,509.378
319,7,39,48.638470343861556,-41.11262640688301,512.14
320,8,0,53.151528083231234,-32.1126227413406,513.59
321,8,1,62.176796618513514,-32.1126227413406,516.457
322,8,2,71.20046005934084,-32.11262615643519,519.061
323,8,3,80.22202663209298,-32.11263298662436,521.185
324,8,4,89.24110701598723,-32.11280715644819,522.676
325,8,5,81.74261798663457,147.88739251289948,523.458
326,8,6,72.7293979050482,147.88739251289948,523.542
327,8,7,63.7194153331284,147.88739251289948,523.016
328,8,8,54.712806874658604,147.88737885252115,522.04
329,8,9,45.709664737192576,147.88737885252115,520.822
330,8,10,36.71002648677077,147.88737885252115,519.597
331,8,11,27.71390919886611,147.88737885252115,518.604
332,8,12,18.721271892343566,147.88737885252115,518.051
333,8,13,9.732038581348627,147.88737885252115,518.103
334,8,14,0.7460920320874934,147.88737885252115,518.855
335,8,15,-8.2367932050433,147.88737885252115,520.325
336,8,16,-17.216874916324066,147.88737885252115,522.449
337,8,17,-26.194492636861753,147.88737885252115,525.088
338,8,18,-35.17011252706721,147.88737885252115,528.034
339,8,19,-44.14424685112819,147.88737885252115,531.034
340,8,20,-53.11750349588082,147.88737885252115,533.813
341,8,21,-62.090538159485426,147.88737885252115,536.098
342,8,22,-71.0641021627507,147.88737885252115,537.645
343,8,23,-80.03894341139078,147.8873651921428,538.264
344,8,24,-89.01579273564684,147.8872285883594,537.84
345,8,25,-82.00462404319626,-32.112602250773094,536.342
346,8,26,-73.02162754868719,-32.11261249605685,533.832
347,8,27,-64.03473101616204,-32.11261249605685,530.458
348,8,28,-55.0434153512439,-32.11261591115144,526.445
349,8,29,-46.047427836933466,-32.11261591115144,522.073
350,8,30,-37.04663186944734,-32.11261591115144,517.654
351,8,31,-28.041059892184087,-32.11261932624602,513.504
352,8,32,-19.030913395724216,-32.11261932624602,509.913
353,8,33,-10.016541573489045,-32.11261932624602,507.125
354,8,34,-0.9984557291709757,-32.11261932624602,505.309
355,8,35,8.022802524573153,-32.11261932624602,504.552
356,8,36,17.04652999842395,-32.11261932624602,504.847
357,8,37,26.072000024286744,-32.11261932624602,506.1
358,8,38,35.098470672862945,-32.11261932624602,508.137
359,8,39,44.125214529005945,-32.1126227413406,510.724
360,9,0,57.66432969050704,-23.11262590598737,515.041
361,9,1,66.68886056535897,-23.112627613534666,517.806
362,9,2,75.71152679856746,-23.112632736176543,520.194
363,9,3,84.73189808821485,-23.11264981164947,522.016
364,9,4,86.25038574449208,156.88740983882022,523.157
365,9,5,77.23561520996411,156.88738251806353,523.584
366,9,6,68.22398656245434,156.88738251806353,523.347
367,9,7,59.215684217070375,156.88738251806353,522.572
368,9,8,50.21080379646059,156.88738251806353,521.447
369,9,9,41.209406772327505,156.88738251806353,520.195
370,9,10,32.211534125806146,156.88738251806353,519.058
371,9,11,23.217158536139834,156.88738251806353,518.261
372,9,12,14.22624329106178,156.88738251806353,517.994
373,9,13,5.238673984903386,156.88738251806353,518.388
374,9,14,-3.7457197101777746,156.88738251806353,519.502
375,9,15,-12.727164471084782,156.88738251806353,521.312
376,9,16,-21.705972352085343,156.88738251806353,523.716
377,9,17,-30.682524563112505,156.88738251806353,526.537
378,9,18,-39.65733166080673,156.8873688576852,529.544
379,9,19,-48.6309434753962,156.8873688576852,532.469
380,9,20,-57.603991799379145,156.8873688576852,535.034
381,9,21,-66.57720746299675,156.8873688576852,536.977
382,9,22,-75.55131788139565,156.8873688576852,538.08
383,9,23,-84.52706754519534,156.88735519730687,538.187
384,9,24,-86.49480406394099,-23.112581509757767,537.224
385,9,25,-77.51358341861612,-23.11261053806174,535.206
386,9,26,-68.52871545227447,-23.112615660703618,532.241
387,9,27,-59.53964008940408,-23.11261736825091,528.515
388,9,28,-50.54601582054647,-23.112619075798204,524.285
389,9,29,-41.547630909837366,-23.112620783345495,519.85
390,9,30,-32.54443413085798,-23.112620783345495,515.526
391,9,31,-23.536541596824215,-23.112620783345495,511.622
392,9,32,-14.524228222850157,-23.11262249089279,508.406
393,9,33,-5.50791748066435,-23.11262249089279,506.088
394,9,34,3.5118213761545687,-23.11262249089279,504.796
395,9,35,12.534402018555037,-23.11262249089279,504.572
396,9,36,21.5590925490788,-23.11262419844008,505.363
397,9,37,30.58515680139939,-23.11262419844008,507.034
398,9,38,39.6118528462182,-23.11262419844008,509.378
399,9,39,48.638470343861556,-23.11262590598737,512.14
400,10,0,53.151528083231234,-14.11262224044497,513.59
401,10,1,62.176796618513514,-14.112623094218618,516.457
402,10,2,71.20046005934084,-14.112625655539556,519.061
403,10,3,80.22202663209298,-14.112633339502372,521.185
404,10,4,89.24110701598723,-14.112807509326208,522.676
405,10,5,81.74261798663457,165.8873998439843,523.458
406,10,6,72.7293979050482,165.88738618360594,523.542
407,10,7,63.7194153331284,165.88738618360594,523.016
408,10,8,54.712806874658604,165.88738618360594,522.04
409,10,9,45.709664737192576,165.88738618360594,520.822
410,10,10,36.71002648677077,165.88738618360594,519.597
411,10,11,27.71390919886611,165.88738618360594,518.604
412,10,12,18.721271892343566,165.88738618360594,518.051
413,10,13,9.732038581348627,165.88738618360594,518.103
414,10,14,0.7460920320874934,165.88738618360594,518.855
415,10,15,-8.2367932050433,165.88738618360594,520.325
416,10,16,-17.216874916324066,165.88738618360594,522.449
417,10,17,-26.194492636861753,165.88738618360594,525.088
418,10,18,-35.17011252706721,165.88738618360594,528.034
419,10,19,-44.14424685112819,165.8873725232276,531.034
420,10,20,-53.11750349588082,165.8873725232276,533.813
421,10,21,-62.090538159485426,165.8873725232276,536.098
422,10,22,-71.0641021627507,165.8873725232276,537.645
423,10,23,-80.03894341139078,165.8873725232276,538.264
424,10,24,-89.01579273564684,165.8872359194442,537.84
425,10,25,-82.00462404319626,-14.112600896103816,536.342
426,10,26,-73.02162754868719,-14.112610287613924,533.832
427,10,27,-64.03473101616204,-14.112613702708508,530.458
428,10,28,-55.0434153512439,-14.1126154102558,526.445
429,10,29,-46.047427836933466,-14.112616264029448,522.073
430,10,30,-37.04663186944734,-14.112617117803094,517.654
431,10,31,-28.041059892184087,-14.112617117803094,513.504
432,10,32,-19.030913395724216,-14.11261797157674,509.913
433,10,33,-10.016541573489045,-14.11261797157674,507.125
434,10,34,-0.9984557291709757,-14.112618825350387,505.309
435,10,35,8.022802524573153,-14.112618825350387,504.552
436,10,36,17.04652999842395,-14.112619679124032,504.847
437,10,37,26.072000024286744,-14.112619679124032,506.1
438,10,38,35.098470672862945,-14.11262053289768,508.137
439,10,39,44.125214529005945,-14.112621386671325,510.724
440,11,0,57.66432969050704,-5.112625831978563,515.041
441,11,1,66.68886056535897,-5.112627539525855,517.806
442,11,2,75.71152679856746,-5.112631808394086,520.194
443,11,3,84.73189808821485,-5.112648883867012,522.016
444,11,4,86.25038574449208,174.88741716990504,523.157
445,11,5,77.23561520996411,174.88738984914835,523.584
446,11,6,68.22398656245434,174.88738984914835,523.347
447,11,7,59.215684217070375,174.88737618877002,522.572
448,11,8,50.21080379646059,174.88737618877002,521.447
449,11,9,41.209406772327505,174.88737618877002,520.195
450,11,10,32.211534125806146,174.88737618877002,519.058
451,11,11,23.217158536139834,174.88737618877002,518.261
452,11,12,14.22624329106178,174.88737618877002,517.994
453,11,13,5.238673984903386,174.88737618877002,518.388
454,11,14,-3.7457197101777746,174.88737618877002,519.502
455,11,15,-12.727164471084782,174.88737618877002,521.312
456,11,16,-21.705972352085343,174.88737618877002,523.716
457,11,17,-30.682524563112505,174.88737618877002,526.537
458,11,18,-39.65733166080673,174.88737618877002,529.544
459,11,19,-48.6309434753962,174.88737618877002,532.469
460,11,20,-57.603991799379145,174.88737618877002,535.034
461,11,21,-66.57720746299675,174.88737618877002,536.977
462,11,22,-75.55131788139565,174.88736252839166,538.08
463,11,23,-84.52706754519534,174.88734886801333,538.187
464,11,24,-86.49480406394099,-5.112581008862135,537.224
465,11,25,-77.51358341861612,-5.11261046405293,535.206
466,11,26,-68.52871545227447,-5.112615586694807,532.241
467,11,27,-59.53964008940408,-5.112617721128923,528.515
468,11,28,-50.54601582054647,-5.112619001789392,524.285
469,11,29,-41.547630909837366,-5.112619855563039,519.85
470,11,30,-32.54443413085798,-5.112620282449862,515.526
471,11,31,-23.536541596824215,-5.112620709336685,511.622
472,11,32,-14.524228222850157,-5.112621136223508,508.406
473,11,33,-5.50791748066435,-5.112621563110332,506.088
474,11,34,3.5118213761545687,-5.112621989997154,504.796
475,11,35,12.534402018555037,-5.112622416883978,504.572
476,11,36,21.5590925490788,-5.112622843770801,505.363
477,11,37,30.58515680139939,-5.112623270657624,507.034
478,11,38,39.6118528462182,-5.11262412443127,509.378
479,11,39,48.638470343861556,-5.112624551318094,512.14
480,12,0,53.151528083231234,3.8873782604506624,513.59
481,12,1,62.176796618513514,3.8873769797901927,516.457
482,12,2,71.20046005934084,3.8873744184692542,519.061
483,12,3,80.22202663209298,3.8873671613932608,521.185
484,12,4,89.24110701598723,3.8871925646826027,522.676
485,12,5,81.74261798663457,-176.1126028428436,523.458
486,12,6,72.7293979050482,-176.11261650322191,523.542
487,12,7,63.7194153331284,-176.11261650322191,523.016
488,12,8,54.712806874658604,-176.11261650322191,522.04
489,12,9,45.709664737192576,-176.11261650322191,520.822
490,12,10,36.71002648677077,-176.11261650322191,519.597
491,12,11,27.71390919886611,-176.11261650322191,518.604
492,12,12,18.721271892343566,-176.11261650322191,518.051
493,12,13,9.732038581348627,-176.11261650322191,518.103
494,12,14,0.7460920320874934,-176.11261650322191,518.855
495,12,15,-8.2367932050433,-176.11261650322191,520.325
496,12,16,-17.216874916324066,-176.11261650322191,522.449
497,12,17,-26.194492636861753,-176.11261650322191,525.088
498,12,18,-35.17011252706721,-176.11261650322191,528.034
499,12,19,-44.14424685112819,-176.11261650322191,531.034
500,12,20,-53.11750349588082,-176.11261650322191,533.813
501,12,21,-62.090538159485426,-176.11261650322191,536.098
502,12,22,-71.0641021627507,-176.11263016360024,537.645
503,12,23,-80.03894341139078,-176.11263016360024,538.264
504,12,24,-89.01579273564684,-176.11276676738365,537.84
505,12,25,-82.00462404319626,3.8873996047918187,536.342
506,12,26,-73.02162754868719,3.8873897863948867,533.832
507,12,27,-64.03473101616204,3.8873867981871246,530.458
508,12,28,-55.0434153512439,3.8873855175266554,526.445
509,12,29,-46.047427836933466,3.8873842368661857,522.073
510,12,30,-37.04663186944734,3.887383809979363,517.654
511,12,31,-28.041059892184087,3.8873829562057165,513.504
512,12,32,-19.030913395724216,3.8873825293188933,509.913
513,12,33,-10.016541573489045,3.8873821024320705,507.125
514,12,34,-0.9984557291709757,3.8873816755452473,505.309
515,12,35,8.022802524573153,3.887381248658424,504.552
516,12,36,17.04652999842395,3.887380821771601,504.847
517,12,37,26.072000024286744,3.8873803948847776,506.1
518,12,38,35.098470672862945,3.887379967997955,508.137
519,12,39,44.125214529005945,3.8873795411111316,510.724
520,13,0,57.66432969050704,12.887381072219418,515.041
521,13,1,66.68886056535897,12.887379364672125,517.806
522,13,2,75.71152679856746,12.88737594957754,520.194
523,13,3,84.73189808821485,12.88735802033097,522.016
524,13,4,86.25038574449208,-167.1125718565445,523.157
525,13,5,77.23561520996411,-167.11259917730118,523.584
526,13,6,68.22398656245434,-167.1126128376795,523.347
527,13,7,59.215684217070375,-167.1126128376795,522.572
528,13,8,50.21080379646059,-167.1126128376795,521.447
529,13,9,41.209406772327505,-167.1126128376795,520.195
530,13,10,32.211534125806146,-167.1126128376795,519.058
531,13,11,23.217158536139834,-167.1126128376795,518.261
532,13,12,14.22624329106178,-167.1126128376795,517.994
533,13,13,5.238673984903386,-167.1126128376795,518.388
534,13,14,-3.7457197101777746,-167.1126128376795,519.502
535,13,15,-12.727164471084782,-167.1126128376795,521.312
536,13,16,-21.705972352085343,-167.1126128376795,523.716
537,13,17,-30.682524563112505,-167.1126128376795,526.537
538,13,18,-39.65733166080673,-167.1126128376795,529.544
539,13,19,-48.6309434753962,-167.1126128376795,532.469
540,13,20,-57.603991799379145,-167.1126128376795,535.034
541,13,21,-66.57720746299675,-167.11262649805786,536.977
542,13,22,-75.55131788139565,-167.11262649805786,538.08
543,13,23,-84.52706754519534,-167.1126401584362,538.187
544,13,24,-86.49480406394099,12.88742632222267,537.224
545,13,25,-77.51358341861612,12.88739644014505,535.206
546,13,26,-68.52871545227447,12.887392171276819,532.241
547,13,27,-59.53964008940408,12.88738960995588,528.515
548,13,28,-50.54601582054647,12.887388756182235,524.285
549,13,29,-41.547630909837366,12.887387902408587,519.85
550,13,30,-32.54443413085798,12.887387048634942,515.526
551,13,31,-23.536541596824215,12.887386194861294,511.622
552,13,32,-14.524228222850157,12.887386194861294,508.406
553,13,33,-5.50791748066435,12.887385341087649,506.088
554,13,34,3.5118213761545687,12.887385341087649,504.796
555,13,35,12.534402018555037,12.887384487314003,504.572
556,13,36,21.5590925490788,12.887384487314003,505.363
557,13,37,30.58515680139939,12.887383633540356,507.034
558,13,38,39.6118528462182,12.887383633540356,509.378
559,13,39,48.638470343861556,12.88738277976671,512.14
560,14,0,53.151528083231234,21.887371931157126,513.59
561,14,1,62.176796618513514,21.88737022360983,516.457
562,14,2,71.20046005934084,21.88736851606254,519.061
563,14,3,80.22202663209298,21.88736168587337,521.185
564,14,4,89.24110701598723,21.88718580850224,522.676
565,14,5,81.74261798663457,-158.11260917213713,523.458
566,14,6,72.7293979050482,-158.11262283251546,523.542
567,14,7,63.7194153331284,-158.11262283251546,523.016
568,14,8,54.712806874658604,-158.11262283251546,522.04
569,14,9,45.709664737192576,-158.11262283251546,520.822
570,14,10,36.71002648677077,-158.11262283251546,519.597
571,14,11,27.71390919886611,-158.11262283251546,518.604
572,14,12,18.721271892343566,-158.11262283251546,518.051
573,14,13,9.732038581348627,-158.11262283251546,518.103
574,14,14,0.7460920320874934,-158.11262283251546,518.855
575,14,15,-8.2367932050433,-158.11262283251546,520.325
576,14,16,-17.216874916324066,-158.11262283251546,522.449
577,14,17,-26.194492636861753,-158.11262283251546,525.088
578,14,18,-35.17011252706721,-158.11262283251546,528.034
579,14,19,-44.14424685112819,-158.11262283251546,531.034
580,14,20,-53.11750349588082,-158.11262283251546,533.813
581,14,21,-62.090538159485426,-158.11262283251546,536.098
582,14,22,-71.0641021627507,-158.11263649289378,537.645
583,14,23,-80.03894341139078,-158.11263649289378,538.264
584,14,24,-89.01579273564684,-158.1127730966772,537.84
585,14,25,-82.00462404319626,21.88739412927193,536.342
586,14,26,-73.02162754868719,21.88738388398817,533.832
587,14,27,-64.03473101616204,21.88738046889359,530.458
588,14,28,-55.0434153512439,21.887378761346294,526.445
589,14,29,-46.047427836933466,21.887378761346294,522.073
590,14,30,-37.04663186944734,21.887377053799003,517.654
591,14,31,-28.041059892184087,21.887377053799003,513.504
592,14,32,-19.030913395724216,21.887377053799003,509.913
593,14,33,-10.016541573489045,21.887375346251712,507.125
594,14,34,-0.9984557291709757,21.887375346251712,505.309
595,14,35,8.022802524573153,21.887375346251712,504.552
596,14,36,17.04652999842395,21.887375346251712,504.847
597,14,37,26.072000024286744,21.887373638704418,506.1
598,14,38,35.098470672862945,21.887373638704418,508.137
599,14,39,44.125214529005945,21.887373638704418,510.724
600,15,0,57.66432969050704,30.887375596699528,515.041
601,15,1,66.68886056535897,30.887372181604942,517.806
602,15,2,75.71152679856746,30.887368766510356,520.194
603,15,3,84.73189808821485,30.88735169103743,522.016
604,15,4,86.25038574449208,-149.11257818583803,523.157
605,15,5,77.23561520996411,-149.11260550659472,523.584
606,15,6,68.22398656245434,-149.11261916697305,523.347
607,15,7,59.215684217070375,-149.11261916697305,522.572
608,15,8,50.21080379646059,-149.11261916697305,521.447
609,15,9,41.209406772327505,-149.11261916697305,520.195
610,15,10,32.211534125806146,-149.11261916697305,519.058
611,15,11,23.217158536139834,-149.11261916697305,518.261
612,15,12,14.22624329106178,-149.11261916697305,517.994
613,15,13,5.238673984903386,-149.11261916697305,518.388
614,15,14,-3.7457197101777746,-149.11261916697305,519.502
615,15,15,-12.727164471084782,-149.11261916697305,521.312
616,15,16,-21.705972352085343,-149.11261916697305,523.716
617,15,17,-30.682524563112505,-149.11261916697305,526.537
618,15,18,-39.65733166080673,-149.11261916697305,529.544
619,15,19,-48.6309434753962,-149.11261916697305,532.469
620,15,20,-57.603991799379145,-149.11261916697305,535.034
621,15,21,-66.57720746299675,-149.1126328273514,536.977
622,15,22,-75.55131788139565,-149.1126328273514,538.08
623,15,23,-84.52706754519534,-149.11264648772973,538.187
624,15,24,-86.49480406394099,30.887419992929132,537.224
625,15,25,-77.51358341861612,30.887389257077867,535.206
626,15,26,-68.52871545227447,30.88738584198328,532.241
627,15,27,-59.53964008940408,30.887382426888696,528.515
628,15,28,-50.54601582054647,30.887382426888696,524.285
629,15,29,-41.547630909837366,30.887382426888696,519.85
630,15,30,-32.54443413085798,30.887382426888696,515.526
631,15,31,-23.536541596824215,30.887379011794113,511.622
632,15,32,-14.524228222850157,30.887379011794113,508.406
633,15,33,-5.50791748066435,30.887379011794113,506.088
634,15,34,3.5118213761545687,30.887379011794113,504.796
635,15,35,12.534402018555037,30.887379011794113,504.572
636,15,36,21.5590925490788,30.887379011794113,505.363
637,15,37,30.58515680139939,30.887379011794113,507.034
638,15,38,39.6118528462182,30.887375596699528,509.378
639,15,39,48.638470343861556,30.887375596699528,512.14
640,16,0,53.151528083231234,39.88737926224193,513.59
641,16,1,62.176796618513514,39.88737926224193,516.457
642,16,2,71.20046005934084,39.88737584714735,519.061
643,16,3,80.22202663209298,39.887369016958175,521.185
644,16,4,89.24110701598723,39.88719484713434,522.676
645,16,5,81.74261798663457,-140.1126018410523,523.458
646,16,6,72.7293979050482,-140.11261550143064,523.542
647,16,7,63.7194153331284,-140.11261550143064,523.016
648,16,8,54.712806874658604,-140.11261550143064,522.04
649,16,9,45.709664737192576,-140.11261550143064,520.822
650,16,10,36.71002648677077,-140.11261550143064,519.597
651,16,11,27.71390919886611,-140.11261550143064,518.604
652,16,12,18.721271892343566,-140.11261550143064,518.051
653,16,13,9.732038581348627,-140.11261550143064,518.103
654,16,14,0.7460920320874934,-140.11261550143064,518.855
655,16,15,-8.2367932050433,-140.11261550143064,520.325
656,16,16,-17.216874916324066,-140.11261550143064,522.449
657,16,17,-26.194492636861753,-140.11261550143064,525.088
658,16,18,-35.17011252706721,-140.11261550143064,528.034
659,16,19,-44.14424685112819,-140.11261550143064,531.034
660,16,20,-53.11750349588082,-140.11261550143064,533.813
661,16,21,-62.090538159485426,-140.11261550143064,536.098
662,16,22,-71.0641021627507,-140.112629161809,537.645
663,16,23,-80.03894341139078,-140.112629161809,538.264
664,16,24,-89.01579273564684,-140.1127657655924,537.84
665,16,25,-82.00462404319626,39.887399752809436,536.342
666,16,26,-73.02162754868719,39.88738950752568,533.832
667,16,27,-64.03473101616204,39.88738950752568,530.458
668,16,28,-55.0434153512439,39.8873860924311,526.445
669,16,29,-46.047427836933466,39.8873860924311,522.073
670,16,30,-37.04663186944734,39.8873860924311,517.654
671,16,31,-28.041059892184087,39.88738267733651,513.504
672,16,32,-19.030913395724216,39.88738267733651,509.913
673,16,33,-10.016541573489045,39.88738267733651,507.125
674,16,34,-0.9984557291709757,39.88738267733651,505.309
675,16,35,8.022802524573153,39.88738267733651,504.552
676,16,36,17.04652999842395,39.88738267733651,504.847
677,16,37,26.072000024286744,39.88738267733651,506.1
678,16,38,35.098470672862945,39.88738267733651,508.137
679,16,39,44.125214529005945,39.88737926224193,510.724
680,17,0,57.66432969050704,48.887369267405994,515.041
681,17,1,66.68886056535897,48.887365852311405,517.806
682,17,2,75.71152679856746,48.88736243721682,520.194
683,17,3,84.73189808821485,48.8873453617439,522.016
684,17,4,86.25038574449208,-131.11258451513157,523.157
685,17,5,77.23561520996411,-131.11261183588826,523.584
686,17,6,68.22398656245434,-131.1126254962666,523.347
687,17,7,59.215684217070375,-131.1126254962666,522.572
688,17,8,50.21080379646059,-131.1126254962666,521.447
689,17,9,41.209406772327505,-131.1126254962666,520.195
690,17,10,32.211534125806146,-131.1126254962666,519.058
691,17,11,23.217158536139834,-131.1126254962666,518.261
692,17,12,14.22624329106178,-131.1126254962666,517.994
693,17,13,5.238673984903386,-131.1126254962666,518.388
694,17,14,-3.7457197101777746,-131.1126254962666,519.502
695,17,15,-12.727164471084782,-131.1126254962666,521.312
696,17,16,-21.705972352085343,-131.1126254962666,523.716
697,17,17,-30.682524563112505,-131.1126254962666,526.537
698,17,18,-39.65733166080673,-131.1126254962666,529.544
699,17,19,-48.6309434753962,-131.1126254962666,532.469
700,17,20,-57.603991799379145,-131.1126254962666,535.034
701,17,21,-66.57720746299675,-131.11263915664492,536.977
702,17,22,-75.55131788139565,-131.11263915664492,538.08
703,17,23,-84.52706754519534,-131.11265281702327,538.187
704,17,24,-86.49480406394099,48.8874136636356,537.224
705,17,25,-77.51358341861612,48.88738292778433,535.206
706,17,26,-68.52871545227447,48.88737951268975,532.241
707,17,27,-59.53964008940408,48.88737609759516,528.515
708,17,28,-50.54601582054647,48.88737609759516,524.285
709,17,29,-41.547630909837366,48.88737609759516,519.85
710,17,30,-32.54443413085798,48.88737609759516,515.526
711,17,31,-23.536541596824215,48.887372682500576,511.622
712,17,32,-14.524228222850157,48.887372682500576,508.406
713,17,33,-5.50791748066435,48.887372682500576,506.088
714,17,34,3.5118213761545687,48.887372682500576,504.796
715,17,35,12.534402018555037,48.887372682500576,504.572
716,17,36,21.5590925490788,48.887372682500576,505.363
717,17,37,30.58515680139939,48.887372682500576,507.034
718,17,38,39.6118528462182,48.887369267405994,509.378
719,17,39,48.638470343861556,48.887369267405994,512.14
720,18,0,53.151528083231234,57.88737634804298,513.59
721,18,1,62.176796618513514,57.887369517853806,516.457
722,18,2,71.20046005934084,57.887369517853806,519.061
723,18,3,80.22202663209298,57.887362687664634,521.185
724,18,4,89.24110701598723,57.887185102746216,522.676
725,18,5,81.74261798663457,-122.11260817034585,523.458
726,18,6,72.7293979050482,-122.11262183072418,523.542
727,18,7,63.7194153331284,-122.11262183072418,523.016
728,18,8,54.712806874658604,-122.11262183072418,522.04
729,18,9,45.709664737192576,-122.11262183072418,520.822
730,18,10,36.71002648677077,-122.11262183072418,519.597
731,18,11,27.71390919886611,-122.11262183072418,518.604
732,18,12,18.721271892343566,-122.11262183072418,518.051
733,18,13,9.732038581348627,-122.11262183072418,518.103
734,18,14,0.7460920320874934,-122.11262183072418,518.855
735,18,15,-8.2367932050433,-122.11262183072418,520.325
736,18,16,-17.216874916324066,-122.11262183072418,522.449
737,18,17,-26.194492636861753,-122.11262183072418,525.088
738,18,18,-35.17011252706721,-122.11262183072418,528.034
739,18,19,-44.14424685112819,-122.11262183072418,531.034
740,18,20,-53.11750349588082,-122.11262183072418,533.813
741,18,21,-62.090538159485426,-122.11262183072418,536.098
742,18,22,-71.0641021627507,-122.11263549110252,537.645
743,18,23,-80.03894341139078,-122.11263549110252,538.264
744,18,24,-89.01579273564684,-122.11277209488593,537.84
745,18,25,-82.00462404319626,57.887396838610485,536.342
746,18,26,-73.02162754868719,57.88738317823215,533.832
747,18,27,-64.03473101616204,57.88738317823215,530.458
748,18,28,-55.0434153512439,57.88738317823215,526.445
749,18,29,-46.047427836933466,57.88737634804298,522.073
750,18,30,-37.04663186944734,57.88737634804298,517.654
751,18,31,-28.041059892184087,57.88737634804298,513.504
752,18,32,-19.030913395724216,57.88737634804298,509.913
753,18,33,-10.016541573489045,57.88737634804298,507.125
754,18,34,-0.9984557291709757,57.88737634804298,505.309
755,18,35,8.022802524573153,57.88737634804298,504.552
756,18,36,17.04652999842395,57.88737634804298,504.847
757,18,37,26.072000024286744,57.88737634804298,506.1
758,18,38,35.098470672862945,57.88737634804298,508.137
759,18,39,44.125214529005945,57.88737634804298,510.724
760,19,0,57.66432969050704,66.8873731833962,515.041
761,19,1,66.68886056535897,66.8873731833962,517.806
762,19,2,75.71152679856746,66.8873731833962,520.194
763,19,3,84.73189808821485,66.8873526928287,522.016
764,19,4,86.25038574449208,-113.11258401423594,523.157
765,19,5,77.23561520996411,-113.11261133499262,523.584
766,19,6,68.22398656245434,-113.11261133499262,523.347
767,19,7,59.215684217070375,-113.11261816518179,522.572
768,19,8,50.21080379646059,-113.11261816518179,521.447
769,19,9,41.209406772327505,-113.11261816518179,520.195
770,19,10,32.211534125806146,-113.11261816518179,519.058
771,19,11,23.217158536139834,-113.11261816518179,518.261
772,19,12,14.22624329106178,-113.11261816518179,517.994
773,19,13,5.238673984903386,-113.11261816518179,518.388
774,19,14,-3.7457197101777746,-113.11261816518179,519.502
775,19,15,-12.727164471084782,-113.11261816518179,521.312
776,19,16,-21.705972352085343,-113.11261816518179,523.716
777,19,17,-30.682524563112505,-113.11261816518179,526.537
778,19,18,-39.65733166080673,-113.11262499537095,529.544
779,19,19,-48.6309434753962,-113.11262499537095,532.469
780,19,20,-57.603991799379145,-113.11262499537095,535.034
781,19,21,-66.57720746299675,-113.11262499537095,536.977
782,19,22,-75.55131788139565,-113.11263182556013,538.08
783,19,23,-84.52706754519534,-113.11264548593846,538.187
784,19,24,-86.49480406394099,66.8874209947204,537.224
785,19,25,-77.51358341861612,66.88739367396371,535.206
786,19,26,-68.52871545227447,66.88738684377455,532.241
787,19,27,-59.53964008940408,66.88738684377455,528.515
788,19,28,-50.54601582054647,66.88738001358539,524.285
789,19,29,-41.547630909837366,66.88738001358539,519.85
790,19,30,-32.54443413085798,66.88738001358539,515.526
791,19,31,-23.536541596824215,66.88738001358539,511.622
792,19,32,-14.524228222850157,66.88738001358539,508.406
793,19,33,-5.50791748066435,66.88738001358539,506.088
794,19,34,3.5118213761545687,66.88738001358539,504.796
795,19,35,12.534402018555037,66.88738001358539,504.572
796,19,36,21.5590925490788,66.88738001358539,505.363
797,19,37,30.58515680139939,66.88738001358539,507.034
798,19,38,39.6118528462182,66.88738001358539,509.378
799,19,39,48.638470343861556,66.88738001358539,512.14
800,20,0,53.151528083231234,75.88738367912778,513.59
801,20,1,62.176796618513514,75.88737684893862,516.457
802,20,2,71.20046005934084,75.88737684893862,519.061
803,20,3,80.22202663209298,75.88737001874944,521.185
804,20,4,89.24110701598723,75.88719243383102,522.676
805,20,5,81.74261798663457,-104.11260083926105,523.458
806,20,6,72.7293979050482,-104.11260766945021,523.542
807,20,7,63.7194153331284,-104.11261449963938,523.016
808,20,8,54.712806874658604,-104.11261449963938,522.04
809,20,9,45.709664737192576,-104.11261449963938,520.822
810,20,10,36.71002648677077,-104.11261449963938,519.597
811,20,11,27.71390919886611,-104.11261449963938,518.604
812,20,12,18.721271892343566,-104.11261449963938,518.051
813,20,13,9.732038581348627,-104.11261449963938,518.103
814,20,14,0.7460920320874934,-104.11261449963938,518.855
815,20,15,-8.2367932050433,-104.11261449963938,520.325
816,20,16,-17.216874916324066,-104.11261449963938,522.449
817,20,17,-26.194492636861753,-104.11261449963938,525.088
818,20,18,-35.17011252706721,-104.11262132982856,528.034
819,20,19,-44.14424685112819,-104.11262132982856,531.034
820,20,20,-53.11750349588082,-104.11262132982856,533.813
821,20,21,-62.090538159485426,-104.11262132982856,536.098
822,20,22,-71.0641021627507,-104.11262132982856,537.645
823,20,23,-80.03894341139078,-104.11262816001772,538.264
824,20,24,-89.01579273564684,-104.11276476380112,537.84
825,20,25,-82.00462404319626,75.88740416969529,536.342
826,20,26,-73.02162754868719,75.88739050931694,533.832
827,20,27,-64.03473101616204,75.88739050931694,530.458
828,20,28,-55.0434153512439,75.88739050931694,526.445
829,20,29,-46.047427836933466,75.88738367912778,522.073
830,20,30,-37.04663186944734,75.88738367912778,517.654
831,20,31,-28.041059892184087,75.88738367912778,513.504
832,20,32,-19.030913395724216,75.88738367912778,509.913
833,20,33,-10.016541573489045,75.88738367912778,507.125
834,20,34,-0.9984557291709757,75.88738367912778,505.309
835,20,35,8.022802524573153,75.88738367912778,504.552
836,20,36,17.04652999842395,75.88738367912778,504.847
837,20,37,26.072000024286744,75.88738367912778,506.1
838,20,38,35.098470672862945,75.88738367912778,508.137
839,20,39,44.125214529005945,75.88738367912778,510.724
840,21,0,57.66432969050704,84.88736685410267,515.041
841,21,1,66.68886056535897,84.88736685410267,517.806
842,21,2,75.71152679856746,84.88736685410267,520.194
843,21,3,84.73189808821485,84.88734636353516,522.016
844,21,4,86.25038574449208,-95.11259034352948,523.157
845,21,5,77.23561520996411,-95.11261766428615,523.584
846,21,6,68.22398656245434,-95.11261766428615,523.347
847,21,7,59.215684217070375,-95.11262449447533,522.572
848,21,8,50.21080379646059,-95.11262449447533,521.447
849,21,9,41.209406772327505,-95.11262449447533,520.195
850,21,10,32.211534125806146,-95.11262449447533,519.058
851,21,11,23.217158536139834,-95.11262449447533,518.261
852,21,12,14.22624329106178,-95.11262449447533,517.994
853,21,13,5.238673984903386,-95.11262449447533,518.388
854,21,14,-3.7457197101777746,-95.11262449447533,519.502
855,21,15,-12.727164471084782,-95.11262449447533,521.312
856,21,16,-21.705972352085343,-95.11262449447533,523.716
857,21,17,-30.682524563112505,-95.11262449447533,526.537
858,21,18,-39.65733166080673,-95.11263132466449,529.544
859,21,19,-48.6309434753962,-95.11263132466449,532.469
860,21,20,-57.603991799379145,-95.11263132466449,535.034
861,21,21,-66.57720746299675,-95.11263132466449,536.977
862,21,22,-75.55131788139565,-95.11263815485366,538.08
863,21,23,-84.52706754519534,-95.112651815232,538.187
864,21,24,-86.49480406394099,84.88741466542686,537.224
865,21,25,-77.51358341861612,84.88738734467019,535.206
866,21,26,-68.52871545227447,84.88738051448101,532.241
867,21,27,-59.53964008940408,84.88738051448101,528.515
868,21,28,-50.54601582054647,84.88737368429184,524.285
869,21,29,-41.547630909837366,84.88737368429184,519.85
870,21,30,-32.54443413085798,84.88737368429184,515.526
871,21,31,-23.536541596824215,84.88737368429184,511.622
872,21,32,-14.524228222850157,84.88737368429184,508.406
873,21,33,-5.50791748066435,84.88737368429184,506.088
874,21,34,3.5118213761545687,84.88737368429184,504.796
875,21,35,12.534402018555037,84.88737368429184,504.572
876,21,36,21.5590925490788,84.88737368429184,505.363
877,21,37,30.58515680139939,84.88737368429184,507.034
878,21,38,39.6118528462182,84.88737368429184,509.378
879,21,39,48.638470343861556,84.88737368429184,512.14
880,22,0,53.151528083231234,93.88737734983424,513.59
881,22,1,62.176796618513514,93.88737051964507,516.457
882,22,2,71.20046005934084,93.88737051964507,519.061
883,22,3,80.22202663209298,93.88736368945591,521.185
884,22,4,89.24110701598723,93.88718610453748,522.676
885,22,5,81.74261798663457,-86.11260716855458,523.458
886,22,6,72.7293979050482,-86.11261399874375,523.542
887,22,7,63.7194153331284,-86.11262082893292,523.016
888,22,8,54.712806874658604,-86.11262082893292,522.04
889,22,9,45.709664737192576,-86.11262082893292,520.822
890,22,10,36.71002648677077,-86.11262082893292,519.597
891,22,11,27.71390919886611,-86.11262082893292,518.604
892,22,12,18.721271892343566,-86.11262082893292,518.051
893,22,13,9.732038581348627,-86.11262082893292,518.103
894,22,14,0.7460920320874934,-86.11262082893292,518.855
895,22,15,-8.2367932050433,-86.11262082893292,520.325
896,22,16,-17.216874916324066,-86.11262082893292,522.449
897,22,17,-26.194492636861753,-86.11262082893292,525.088
898,22,18,-35.17011252706721,-86.11262765912208,528.034
899,22,19,-44.14424685112819,-86.11262765912208,531.034
900,22,20,-53.11750349588082,-86.11262765912208,533.813
901,22,21,-62.090538159485426,-86.11262765912208,536.098
902,22,22,-71.0641021627507,-86.11262765912208,537.645
903,22,23,-80.03894341139078,-86.11263448931126,538.264
904,22,24,-89.01579273564684,-86.11277109309466,537.84
905,22,25,-82.00462404319626,93.88739784040176,536.342
906,22,26,-73.02162754868719,93.88738418002342,533.832
907,22,27,-64.03473101616204,93.88738418002342,530.458
908,22,28,-55.0434153512439,93.88738418002342,526.445
909,22,29,-46.047427836933466,93.88737734983424,522.073
910,22,30,-37.04663186944734,93.88737734983424,517.654
911,22,31,-28.041059892184087,93.88737734983424,513.504
912,22,32,-19.030913395724216,93.88737734983424,509.913
913,22,33,-10.016541573489045,93.88737734983424,507.125
914,22,34,-0.9984557291709757,93.88737734983424,505.309
915,22,35,8.022802524573153,93.88737734983424,504.552
916,22,36,17.04652999842395,93.88737734983424,504.847
917,22,37,26.072000024286744,93.88737734983424,506.1
918,22,38,35.098470672862945,93.88737734983424,508.137
919,22,39,44.125214529005945,93.88737734983424,510.724
920,23,0,57.66432969050704,102.88737418518748,515.041
921,23,1,66.68886056535897,102.88737418518748,517.806
922,23,2,75.71152679856746,102.88737418518748,520.194
923,23,3,84.73189808821485,102.88735369461996,522.016
924,23,4,86.25038574449208,-77.11258301244467,523.157
925,23,5,77.23561520996411,-77.11261033320135,523.584
926,23,6,68.22398656245434,-77.11261033320135,523.347
927,23,7,59.215684217070375,-77.11261716339052,522.572
928,23,8,50.21080379646059,-77.11261716339052,521.447
929,23,9,41.209406772327505,-77.11261716339052,520.195
930,23,10,32.211534125806146,-77.11261716339052,519.058
931,23,11,23.217158536139834,-77.11261716339052,518.261
932,23,12,14.22624329106178,-77.11261716339052,517.994
933,23,13,5.238673984903386,-77.11261716339052,518.388
934,23,14,-3.7457197101777746,-77.11261716339052,519.502
935,23,15,-12.727164471084782,-77.11261716339052,521.312
936,23,16,-21.705972352085343,-77.11261716339052,523.716
937,23,17,-30.682524563112505,-77.11261716339052,526.537
938,23,18,-39.65733166080673,-77.11262399357969,529.544
939,23,19,-48.6309434753962,-77.11262399357969,532.469
940,23,20,-57.603991799379145,-77.11262399357969,535.034
941,23,21,-66.57720746299675,-77.11262399357969,536.977
942,23,22,-75.55131788139565,-77.11263082376885,538.08
943,23,23,-84.52706754519534,-77.1126444841472,538.187
944,23,24,-86.49480406394099,102.88742199651166,537.224
945,23,25,-77.51358341861612,102.88739467575499,535.206
946,23,26,-68.52871545227447,102.88738784556581,532.241
947,23,27,-59.53964008940408,102.88738784556581,528.515
948,23,28,-50.54601582054647,102.88738101537665,524.285
949,23,29,-41.547630909837366,102.88738101537665,519.85
950,23,30,-32.54443413085798,102.88738101537665,515.526
951,23,31,-23.536541596824215,102.88738101537665,511.622
952,23,32,-14.524228222850157,102.88738101537665,508.406
953,23,33,-5.50791748066435,102.88738101537665,506.088
954,23,34,3.5118213761545687,102.88738101537665,504.796
955,23,35,12.534402018555037,102.88738101537665,504.572
956,23,36,21.5590925490788,102.88738101537665,505.363
957,23,37,30.58515680139939,102.88738101537665,507.034
958,23,38,39.6118528462182,102.88738101537665,509.378
959,23,39,48.638470343861556,102.88738101537665,512.14
960,24,0,53.151528083231234,111.88738468091904,513.59
961,24,1,62.176796618513514,111.88737785072988,516.457
962,24,2,71.20046005934084,111.88737785072988,519.061
963,24,3,80.22202663209298,111.88737102054071,521.185
964,24,4,89.24110701598723,111.8871934356223,522.676
965,24,5,81.74261798663457,-68.11259983746977,523.458
966,24,6,72.7293979050482,-68.11260666765895,523.542
967,24,7,63.7194153331284,-68.11261349784812,523.016
968,24,8,54.712806874658604,-68.11261349784812,522.04
969,24,9,45.709664737192576,-68.11261349784812,520.822
970,24,10,36.71002648677077,-68.11261349784812,519.597
971,24,11,27.71390919886611,-68.11261349784812,518.604
972,24,12,18.721271892343566,-68.11261349784812,518.051
973,24,13,9.732038581348627,-68.11261349784812,518.103
974,24,14,0.7460920320874934,-68.11261349784812,518.855
975,24,15,-8.2367932050433,-68.11261349784812,520.325
976,24,16,-17.216874916324066,-68.11261349784812,522.449
977,24,17,-26.194492636861753,-68.11261349784812,525.088
978,24,18,-35.17011252706721,-68.11262032803728,528.034
979,24,19,-44.14424685112819,-68.11262032803728,531.034
980,24,20,-53.11750349588082,-68.11262032803728,533.813
981,24,21,-62.090538159485426,-68.11262032803728,536.098
982,24,22,-71.0641021627507,-68.11262032803728,537.645
983,24,23,-80.03894341139078,-68.11262715822646,538.264
984,24,24,-89.01579273564684,-68.11276376200986,537.84
985,24,25,-82.00462404319626,111.88740517148656,536.342
986,24,26,-73.02162754868719,111.88739151110822,533.832
987,24,27,-64.03473101616204,111.88739151110822,530.458
988,24,28,-55.0434153512439,111.88739151110822,526.445
989,24,29,-46.047427836933466,111.88738468091904,522.073
990,24,30,-37.04663186944734,111.88738468091904,517.654
991,24,31,-28.041059892184087,111.88738468091904,513.504
992,24,32,-19.030913395724216,111.88738468091904,509.913
993,24,33,-10.016541573489045,111.88738468091904,507.125
994,24,34,-0.9984557291709757,111.88738468091904,505.309
995,24,35,8.022802524573153,111.88738468091904,504.552
996,24,36,17.04652999842395,111.88738468091904,504.847
997,24,37,26.072000024286744,111.88738468091904,506.1
998,24,38,35.098470672862945,111.88738468091904,508.137
999,24,39,44.125214529005945,111.88738468091904,510.724
1000,25,0,57.66432969050704,120.88736785589394,515.041
1001,25,1,66.68886056535897,120.88736785589394,517.806
1002,25,2,75.71152679856746,120.88736785589394,520.194
1003,25,3,84.73189808821485,120.8873541955156,522.016
1004,25,4,86.25038574449208,-59.11258934173821,523.157
1005,25,5,77.23561520996411,-59.11261666249489,523.584
1006,25,6,68.22398656245434,-59.11261666249489,523.347
1007,25,7,59.215684217070375,-59.11262349268406,522.572
1008,25,8,50.21080379646059,-59.11262349268406,521.447
1009,25,9,41.209406772327505,-59.11262349268406,520.195
1010,25,10,32.211534125806146,-59.11262349268406,519.058
1011,25,11,23.217158536139834,-59.11262349268406,518.261
1012,25,12,14.22624329106178,-59.11262349268406,517.994
1013,25,13,5.238673984903386,-59.11262349268406,518.388
1014,25,14,-3.7457197101777746,-59.11262349268406,519.502
1015,25,15,-12.727164471084782,-59.11262349268406,521.312
1016,25,16,-21.705972352085343,-59.11262349268406,523.716
1017,25,17,-30.682524563112505,-59.11262349268406,526.537
1018,25,18,-39.65733166080673,-59.11263032287322,529.544
1019,25,19,-48.6309434753962,-59.11263032287322,532.469
1020,25,20,-57.603991799379145,-59.11263032287322,535.034
1021,25,21,-66.57720746299675,-59.11263032287322,536.977
1022,25,22,-75.55131788139565,-59.112637153062394,538.08
1023,25,23,-84.52706754519534,-59.11265081344074,538.187
1024,25,24,-86.49480406394099,120.8874224974073,537.224
1025,25,25,-77.51358341861612,120.88738151627228,535.206
1026,25,26,-68.52871545227447,120.88738151627228,532.241
1027,25,27,-59.53964008940408,120.88738151627228,528.515
1028,25,28,-50.54601582054647,120.88738151627228,524.285
1029,25,29,-41.547630909837366,120.88738151627228,519.85
1030,25,30,-32.54443413085798,120.88738151627228,515.526
1031,25,31,-23.536541596824215,120.88738151627228,511.622
1032,25,32,-14.524228222850157,120.88738151627228,508.406
1033,25,33,-5.50791748066435,120.88738151627228,506.088
1034,25,34,3.5118213761545687,120.88736785589394,504.796
1035,25,35,12.534402018555037,120.88736785589394,504.572
1036,25,36,21.5590925490788,120.88736785589394,505.363
1037,25,37,30.58515680139939,120.88736785589394,507.034
1038,25,38,39.6118528462182,120.88736785589394,509.378
1039,25,39,48.638470343861556,120.88736785589394,512.14
1040,26,0,53.151528083231234,129.8873851818147,513.59
1041,26,1,62.176796618513514,129.8873851818147,516.457
1042,26,2,71.20046005934084,129.8873851818147,519.061
1043,26,3,80.22202663209298,129.88737152143634,521.185
1044,26,4,89.24110701598723,129.88720759689625,522.676
1045,26,5,81.74261798663457,-50.11258909129039,523.458
1046,26,6,72.7293979050482,-50.11259933657414,523.542
1047,26,7,63.7194153331284,-50.112602751668724,523.016
1048,26,8,54.712806874658604,-50.112602751668724,522.04
1049,26,9,45.709664737192576,-50.112606166763314,520.822
1050,26,10,36.71002648677077,-50.112606166763314,519.597
1051,26,11,27.71390919886611,-50.112606166763314,518.604
1052,26,12,18.721271892343566,-50.112606166763314,518.051
1053,26,13,9.732038581348627,-50.112606166763314,518.103
1054,26,14,0.7460920320874934,-50.112606166763314,518.855
1055,26,15,-8.2367932050433,-50.112609581857896,520.325
1056,26,16,-17.216874916324066,-50.112609581857896,522.449
1057,26,17,-26.194492636861753,-50.112609581857896,525.088
1058,26,18,-35.17011252706721,-50.112609581857896,528.034
1059,26,19,-44.14424685112819,-50.112609581857896,531.034
1060,26,20,-53.11750349588082,-50.112609581857896,533.813
1061,26,21,-62.090538159485426,-50.112612996952485,536.098
1062,26,22,-71.0641021627507,-50.11261641204707,537.645
1063,26,23,-80.03894341139078,-50.11262324223624,538.264
1064,26,24,-89.01579273564684,-50.11275301583047,537.84
1065,26,25,-82.00462404319626,129.88741250257135,536.342
1066,26,26,-73.02162754868719,129.88739884219302,533.832
1067,26,27,-64.03473101616204,129.88739884219302,530.458
1068,26,28,-55.0434153512439,129.88739884219302,526.445
1069,26,29,-46.047427836933466,129.88739884219302,522.073
1070,26,30,-37.04663186944734,129.88739884219302,517.654
1071,26,31,-28.041059892184087,129.88739884219302,513.504
1072,26,32,-19.030913395724216,129.88739884219302,509.913
1073,26,33,-10.016541573489045,129.88739884219302,507.125
1074,26,34,-0.9984557291709757,129.88739884219302,505.309
1075,26,35,8.022802524573153,129.8873851818147,504.552
1076,26,36,17.04652999842395,129.8873851818147,504.847
1077,26,37,26.072000024286744,129.8873851818147,506.1
1078,26,38,35.098470672862945,129.8873851818147,508.137
1079,26,39,44.125214529005945,129.8873851818147,510.724
1080,27,0,57.66432969050704,138.88736152660042,515.041
1081,27,1,66.68886056535897,138.88736152660042,517.806
1082,27,2,75.71152679856746,138.88736152660042,520.194
1083,27,3,84.73189808821485,138.88734786622206,522.016
1084,27,4,86.25038574449208,-41.11259225593716,523.157
1085,27,5,77.23561520996411,-41.11261957669384,523.584
1086,27,6,68.22398656245434,-41.11262640688301,523.347
1087,27,7,59.215684217070375,-41.11262640688301,522.572
1088,27,8,50.21080379646059,-41.11262982197759,521.447
1089,27,9,41.209406772327505,-41.11262982197759,520.195
1090,27,10,32.211534125806146,-41.11262982197759,519.058
1091,27,11,23.217158536139834,-41.11262982197759,518.261
1092,27,12,14.22624329106178,-41.11262982197759,517.994
1093,27,13,5.238673984903386,-41.11262982197759,518.388
1094,27,14,-3.7457197101777746,-41.112633237072174,519.502
1095,27,15,-12.727164471084782,-41.112633237072174,521.312
1096,27,16,-21.705972352085343,-41.112633237072174,523.716
1097,27,17,-30.682524563112505,-41.112633237072174,526.537
1098,27,18,-39.65733166080673,-41.112633237072174,529.544
1099,27,19,-48.6309434753962,-41.112633237072174,532.469
1100,27,20,-57.603991799379145,-41.11263665216676,535.034
1101,27,21,-66.57720746299675,-41.11263665216676,536.977
1102,27,22,-75.55131788139565,-41.112640067261346,538.08
1103,27,23,-84.52706754519534,-41.11265714273427,538.187
1104,27,24,-86.49480406394099,138.88741616811376,537.224
1105,27,25,-77.51358341861612,138.88737518697874,535.206
1106,27,26,-68.52871545227447,138.88737518697874,532.241
1107,27,27,-59.53964008940408,138.88737518697874,528.515
1108,27,28,-50.54601582054647,138.88737518697874,524.285
1109,27,29,-41.547630909837366,138.88737518697874,519.85
1110,27,30,-32.54443413085798,138.88737518697874,515.526
1111,27,31,-23.536541596824215,138.88737518697874,511.622
1112,27,32,-14.524228222850157,138.88737518697874,508.406
1113,27,33,-5.50791748066435,138.88737518697874,506.088
1114,27,34,3.5118213761545687,138.88736152660042,504.796
1115,27,35,12.534402018555037,138.88736152660042,504.572
1116,27,36,21.5590925490788,138.88736152660042,505.363
1117,27,37,30.58515680139939,138.88736152660042,507.034
1118,27,38,39.6118528462182,138.88736152660042,509.378
1119,27,39,48.638470343861556,138.88736152660042,512.14
1120,28,0,53.151528083231234,147.8873651921428,513.59
1121,28,1,62.176796618513514,147.8873651921428,516.457
1122,28,2,71.20046005934084,147.8873651921428,519.061
1123,28,3,80.22202663209298,147.88735153176447,521.185
1124,28,4,89.24110701598723,147.88718760722438,522.676
1125,28,5,81.74261798663457,-32.112609080962265,523.458
1126,28,6,72.7293979050482,-32.11261932624602,523.542
1127,28,7,63.7194153331284,-32.1126227413406,523.016
1128,28,8,54.712806874658604,-32.1126227413406,522.04
1129,28,9,45.709664737192576,-32.11262615643519,520.822
1130,28,10,36.71002648677077,-32.11262615643519,519.597
1131,28,11,27.71390919886611,-32.11262615643519,518.604
1132,28,12,18.721271892343566,-32.11262615643519,518.051
1133,28,13,9.732038581348627,-32.11262615643519,518.103
1134,28,14,0.7460920320874934,-32.11262615643519,518.855
1135,28,15,-8.2367932050433,-32.11262957152977,520.325
1136,28,16,-17.216874916324066,-32.11262957152977,522.449
1137,28,17,-26.194492636861753,-32.11262957152977,525.088
1138,28,18,-35.17011252706721,-32.11262957152977,528.034
1139,28,19,-44.14424685112819,-32.11262957152977,531.034
1140,28,20,-53.11750349588082,-32.11262957152977,533.813
1141,28,21,-62.090538159485426,-32.11263298662436,536.098
1142,28,22,-71.0641021627507,-32.112636401718945,537.645
1143,28,23,-80.03894341139078,-32.112643231908116,538.264
1144,28,24,-89.01579273564684,-32.11277300550235,537.84
1145,28,25,-82.00462404319626,147.88739251289948,536.342
1146,28,26,-73.02162754868719,147.88737885252115,533.832
1147,28,27,-64.03473101616204,147.88737885252115,530.458
1148,28,28,-55.0434153512439,147.88737885252115,526.445
1149,28,29,-46.047427836933466,147.88737885252115,522.073
1150,28,30,-37.04663186944734,147.88737885252115,517.654
1151,28,31,-28.041059892184087,147.88737885252115,513.504
1152,28,32,-19.030913395724216,147.88737885252115,509.913
1153,28,33,-10.016541573489045,147.88737885252115,507.125
1154,28,34,-0.9984557291709757,147.88737885252115,505.309
1155,28,35,8.022802524573153,147.8873651921428,504.552
1156,28,36,17.04652999842395,147.8873651921428,504.847
1157,28,37,26.072000024286744,147.8873651921428,506.1
1158,28,38,35.098470672862945,147.8873651921428,508.137
1159,28,39,44.125214529005945,147.8873651921428,510.724
1160,29,0,57.66432969050704,156.8873688576852,515.041
1161,29,1,66.68886056535897,156.8873688576852,517.806
1162,29,2,75.71152679856746,156.8873688576852,520.194
1163,29,3,84.73189808821485,156.88735519730687,522.016
1164,29,4,86.25038574449208,-23.112586632399644,523.157
1165,29,5,77.23561520996411,-23.112613953156327,523.584
1166,29,6,68.22398656245434,-23.11261736825091,523.347
1167,29,7,59.215684217070375,-23.112620783345495,522.572
1168,29,8,50.21080379646059,-23.112620783345495,521.447
1169,29,9,41.209406772327505,-23.11262249089279,520.195
1170,29,10,32.211534125806146,-23.11262249089279,519.058
1171,29,11,23.217158536139834,-23.11262249089279,518.261
1172,29,12,14.22624329106178,-23.11262419844008,517.994
1173,29,13,5.238673984903386,-23.11262419844008,518.388
1174,29,14,-3.7457197101777746,-23.11262419844008,519.502
1175,29,15,-12.727164471084782,-23.11262419844008,521.312
1176,29,16,-21.705972352085343,-23.11262590598737,523.716
1177,29,17,-30.682524563112505,-23.11262590598737,526.537
1178,29,18,-39.65733166080673,-23.11262590598737,529.544
1179,29,19,-48.6309434753962,-23.112627613534666,532.469
1180,29,20,-57.603991799379145,-23.112627613534666,535.034
1181,29,21,-66.57720746299675,-23.112629321081958,536.977
1182,29,22,-75.55131788139565,-23.112634443723834,538.08
1183,29,23,-84.52706754519534,-23.11264981164947,538.187
1184,29,24,-86.49480406394099,156.88742349919858,537.224
1185,29,25,-77.51358341861612,156.88738251806353,535.206
1186,29,26,-68.52871545227447,156.88738251806353,532.241
1187,29,27,-59.53964008940408,156.88738251806353,528.515
1188,29,28,-50.54601582054647,156.88738251806353,524.285
1189,29,29,-41.547630909837366,156.88738251806353,519.85
1190,29,30,-32.54443413085798,156.88738251806353,515.526
1191,29,31,-23.536541596824215,156.88738251806353,511.622
1192,29,32,-14.524228222850157,156.88738251806353,508.406
1193,29,33,-5.50791748066435,156.88738251806353,506.088
1194,29,34,3.5118213761545687,156.8873688576852,504.796
1195,29,35,12.534402018555037,156.8873688576852,504.572
1196,29,36,21.5590925490788,156.8873688576852,505.363
1197,29,37,30.58515680139939,156.8873688576852,507.034
1198,29,38,39.6118528462182,156.8873688576852,509.378
1199,29,39,48.638470343861556,156.8873688576852,512.14
1200,30,0,53.151528083231234,165.8873725232276,513.59
1201,30,1,62.176796618513514,165.8873725232276,516.457
1202,30,2,71.20046005934084,165.8873725232276,519.061
1203,30,3,80.22202663209298,165.88735886284925,521.185
1204,30,4,89.24110701598723,165.8871949383092,522.676
1205,30,5,81.74261798663457,-14.112603457424754,523.458
1206,30,6,72.7293979050482,-14.112612848934862,523.542
1207,30,7,63.7194153331284,-14.1126154102558,523.016
1208,30,8,54.712806874658604,-14.112617117803094,522.04
1209,30,9,45.709664737192576,-14.11261797157674,520.822
1210,30,10,36.71002648677077,-14.112618825350387,519.597
1211,30,11,27.71390919886611,-14.112618825350387,518.604
1212,30,12,18.721271892343566,-14.112619679124032,518.051
1213,30,13,9.732038581348627,-14.11262053289768,518.103
1214,30,14,0.7460920320874934,-14.11262053289768,518.855
1215,30,15,-8.2367932050433,-14.11262053289768,520.325
1216,30,16,-17.216874916324066,-14.112621386671325,522.449
1217,30,17,-26.194492636861753,-14.112621386671325,525.088
1218,30,18,-35.17011252706721,-14.11262224044497,528.034
1219,30,19,-44.14424685112819,-14.112623094218618,531.034
1220,30,20,-53.11750349588082,-14.112623947992263,533.813
1221,30,21,-62.090538159485426,-14.112625655539556,536.098
1222,30,22,-71.0641021627507,-14.112628216860495,537.645
1223,30,23,-80.03894341139078,-14.112635047049665,538.264
1224,30,24,-89.01579273564684,-14.112766528191187,537.84
1225,30,25,-82.00462404319626,165.8873998439843,536.342
1226,30,26,-73.02162754868719,165.88738618360594,533.832
1227,30,27,-64.03473101616204,165.88738618360594,530.458
1228,30,28,-55.0434153512439,165.88738618360594,526.445
1229,30,29,-46.047427836933466,165.88738618360594,522.073
1230,30,30,-37.04663186944734,165.88738618360594,517.654
1231,30,31,-28.041059892184087,165.88738618360594,513.504
1232,30,32,-19.030913395724216,165.88738618360594,509.913
1233,30,33,-10.016541573489045,165.88738618360594,507.125
1234,30,34,-0.9984557291709757,165.88738618360594,505.309
1235,30,35,8.022802524573153,165.8873725232276,504.552
1236,30,36,17.04652999842395,165.8873725232276,504.847
1237,30,37,26.072000024286744,165.8873725232276,506.1
1238,30,38,35.098470672862945,165.8873725232276,508.137
1239,30,39,44.125214529005945,165.8873725232276,510.724
1240,31,0,57.66432969050704,174.88737618877002,515.041
1241,31,1,66.68886056535897,174.88737618877002,517.806
1242,31,2,75.71152679856746,174.88737618877002,520.194
1243,31,3,84.73189808821485,174.88736252839166,522.016
1244,31,4,86.25038574449208,-5.112578447541195,523.157
1245,31,5,77.23561520996411,-5.112605768297875,523.584
1246,31,6,68.22398656245434,-5.11261046405293,523.347
1247,31,7,59.215684217070375,-5.112612598487046,522.572
1248,31,8,50.21080379646059,-5.112613879147515,521.447
1249,31,9,41.209406772327505,-5.112614732921162,520.195
1250,31,10,32.211534125806146,-5.1126151598079845,519.058
1251,31,11,23.217158536139834,-5.112615586694807,518.261
1252,31,12,14.22624329106178,-5.112616440468454,517.994
1253,31,13,5.238673984903386,-5.112616440468454,518.388
1254,31,14,-3.7457197101777746,-5.112616867355277,519.502
1255,31,15,-12.727164471084782,-5.1126172942421,521.312
1256,31,16,-21.705972352085343,-5.112617721128923,523.716
1257,31,17,-30.682524563112505,-5.112618148015747,526.537
1258,31,18,-39.65733166080673,-5.112619001789392,529.544
1259,31,19,-48.6309434753962,-5.112619855563039,532.469
1260,31,20,-57.603991799379145,-5.112620709336685,535.034
1261,31,21,-66.57720746299675,-5.112622843770801,536.977
1262,31,22,-75.55131788139565,-5.1126266857522085,538.08
1263,31,23,-84.52706754519534,-5.112642907451487,538.187
1264,31,24,-86.49480406394099,174.88743083028336,537.224
1265,31,25,-77.51358341861612,174.88738984914835,535.206
1266,31,26,-68.52871545227447,174.88738984914835,532.241
1267,31,27,-59.53964008940408,174.88738984914835,528.515
1268,31,28,-50.54601582054647,174.88738984914835,524.285
1269,31,29,-41.547630909837366,174.88738984914835,519.85
1270,31,30,-32.54443413085798,174.88738984914835,515.526
1271,31,31,-23.536541596824215,174.88738984914835,511.622
1272,31,32,-14.524228222850157,174.88738984914835,508.406
1273,31,33,-5.50791748066435,174.88738984914835,506.088
1274,31,34,3.5118213761545687,174.88737618877002,504.796
1275,31,35,12.534402018555037,174.88737618877002,504.572
1276,31,36,21.5590925490788,174.88737618877002,505.363
1277,31,37,30.58515680139939,174.88737618877002,507.034
1278,31,38,39.6118528462182,174.88737618877002,509.378
1279,31,39,48.638470343861556,174.88737618877002,512.14
1280,32,0,53.151528083231234,-176.11261650322191,513.59
1281,32,1,62.176796618513514,-176.11261650322191,516.457
1282,32,2,71.20046005934084,-176.11261650322191,519.061
1283,32,3,80.22202663209298,-176.11263016360024,521.185
1284,32,4,89.24110701598723,-176.1128077485187,522.676
1285,32,5,81.74261798663457,3.8874038736600496,523.458
1286,32,6,72.7293979050482,3.887394909036764,523.542
1287,32,7,63.7194153331284,3.887391920829002,523.016
1288,32,8,54.712806874658604,3.8873902132817095,522.04
1289,32,9,45.709664737192576,3.8873893595080635,520.822
1290,32,10,36.71002648677077,3.887388505734417,519.597
1291,32,11,27.71390919886611,3.887388078847594,518.604
1292,32,12,18.721271892343566,3.887387651960771,518.051
1293,32,13,9.732038581348627,3.887387225073948,518.103
1294,32,14,0.7460920320874934,3.8873867981871246,518.855
1295,32,15,-8.2367932050433,3.8873863713003014,520.325
1296,32,16,-17.216874916324066,3.8873859444134786,522.449
1297,32,17,-26.194492636861753,3.8873855175266554,525.088
1298,32,18,-35.17011252706721,3.887385090639832,528.034
1299,32,19,-44.14424685112819,3.8873842368661857,531.034
1300,32,20,-53.11750349588082,3.8873833830925397,533.813
1301,32,21,-62.090538159485426,3.8873821024320705,536.098
1302,32,22,-71.0641021627507,3.8873795411111316,537.645
1303,32,23,-80.03894341139078,3.8873727109219613,538.264
1304,32,24,-89.01579273564684,3.887240802893616,537.84
1305,32,25,-82.00462404319626,-176.11258918246523,536.342
1306,32,26,-73.02162754868719,-176.1126028428436,533.832
1307,32,27,-64.03473101616204,-176.1126028428436,530.458
1308,32,28,-55.0434153512439,-176.1126028428436,526.445
1309,32,29,-46.047427836933466,-176.11261650322191,522.073
1310,32,30,-37.04663186944734,-176.11261650322191,517.654
1311,32,31,-28.041059892184087,-176.11261650322191,513.504
1312,32,32,-19.030913395724216,-176.11261650322191,509.913
1313,32,33,-10.016541573489045,-176.11261650322191,507.125
1314,32,34,-0.9984557291709757,-176.11261650322191,505.309
1315,32,35,8.022802524573153,-176.11261650322191,504.552
1316,32,36,17.04652999842395,-176.11261650322191,504.847
1317,32,37,26.072000024286744,-176.11261650322191,506.1
1318,32,38,35.098470672862945,-176.11261650322191,508.137
1319,32,39,44.125214529005945,-176.11261650322191,510.724
1320,33,0,57.66432969050704,-167.1126128376795,515.041
1321,33,1,66.68886056535897,-167.1126128376795,517.806
1322,33,2,75.71152679856746,-167.1126128376795,520.194
1323,33,3,84.73189808821485,-167.1126401584362,522.016
1324,33,4,86.25038574449208,12.887428883543608,523.157
1325,33,5,77.23561520996411,12.887401562786927,523.584
1326,33,6,68.22398656245434,12.88739644014505,523.347
1327,33,7,59.215684217070375,12.887394732597757,522.572
1328,33,8,50.21080379646059,12.887393878824112,521.447
1329,33,9,41.209406772327505,12.887393025050464,520.195
1330,33,10,32.211534125806146,12.887392171276819,519.058
1331,33,11,23.217158536139834,12.887391317503173,518.261
1332,33,12,14.22624329106178,12.887391317503173,517.994
1333,33,13,5.238673984903386,12.887390463729526,518.388
1334,33,14,-3.7457197101777746,12.887390463729526,519.502
1335,33,15,-12.727164471084782,12.88738960995588,521.312
1336,33,16,-21.705972352085343,12.88738960995588,523.716
1337,33,17,-30.682524563112505,12.887388756182235,526.537
1338,33,18,-39.65733166080673,12.887388756182235,529.544
1339,33,19,-48.6309434753962,12.887387902408587,532.469
1340,33,20,-57.603991799379145,12.887386194861294,535.034
1341,33,21,-66.57720746299675,12.887384487314003,536.977
1342,33,22,-75.55131788139565,12.887381072219418,538.08
1343,33,23,-84.52706754519534,12.887363996746492,538.187
1344,33,24,-86.49480406394099,-167.1125718565445,537.224
1345,33,25,-77.51358341861612,-167.11259917730118,535.206
1346,33,26,-68.52871545227447,-167.11259917730118,532.241
1347,33,27,-59.53964008940408,-167.11259917730118,528.515
1348,33,28,-50.54601582054647,-167.1126128376795,524.285
1349,33,29,-41.547630909837366,-167.1126128376795,519.85
1350,33,30,-32.54443413085798,-167.1126128376795,515.526
1351,33,31,-23.536541596824215,-167.1126128376795,511.622
1352,33,32,-14.524228222850157,-167.1126128376795,508.406
1353,33,33,-5.50791748066435,-167.1126128376795,506.088
1354,33,34,3.5118213761545687,-167.1126128376795,504.796
1355,33,35,12.534402018555037,-167.1126128376795,504.572
1356,33,36,21.5590925490788,-167.1126128376795,505.363
1357,33,37,30.58515680139939,-167.1126128376795,507.034
1358,33,38,39.6118528462182,-167.1126128376795,509.378
1359,33,39,48.638470343861556,-167.1126128376795,512.14
1360,34,0,53.151528083231234,-158.11263649289378,513.59
1361,34,1,62.176796618513514,-158.11263649289378,516.457
1362,34,2,71.20046005934084,-158.11263649289378,519.061
1363,34,3,80.22202663209298,-158.11265015327214,521.185
1364,34,4,89.24110701598723,-158.11282773819056,522.676
1365,34,5,81.74261798663457,21.88738388398817,523.458
1366,34,6,72.7293979050482,21.887375346251712,523.542
1367,34,7,63.7194153331284,21.887371931157126,523.016
1368,34,8,54.712806874658604,21.88737022360983,522.04
1369,34,9,45.709664737192576,21.88737022360983,520.822
1370,34,10,36.71002648677077,21.88736851606254,519.597
1371,34,11,27.71390919886611,21.88736851606254,518.604
1372,34,12,18.721271892343566,21.88736680851525,518.051
1373,34,13,9.732038581348627,21.88736680851525,518.103
1374,34,14,0.7460920320874934,21.88736680851525,518.855
1375,34,15,-8.2367932050433,21.88736680851525,520.325
1376,34,16,-17.216874916324066,21.88736680851525,522.449
1377,34,17,-26.194492636861753,21.887365100967955,525.088
1378,34,18,-35.17011252706721,21.887365100967955,528.034
1379,34,19,-44.14424685112819,21.887365100967955,531.034
1380,34,20,-53.11750349588082,21.887363393420664,533.813
1381,34,21,-62.090538159485426,21.88736168587337,536.098
1382,34,22,-71.0641021627507,21.887359978326078,537.645
1383,34,23,-80.03894341139078,21.887353148136906,538.264
1384,34,24,-89.01579273564684,21.887221666995384,537.84
1385,34,25,-82.00462404319626,-158.11260917213713,536.342
1386,34,26,-73.02162754868719,-158.11262283251546,533.832
1387,34,27,-64.03473101616204,-158.11262283251546,530.458
1388,34,28,-55.0434153512439,-158.11262283251546,526.445
1389,34,29,-46.047427836933466,-158.11263649289378,522.073
1390,34,30,-37.04663186944734,-158.11263649289378,517.654
1391,34,31,-28.041059892184087,-158.11263649289378,513.504
1392,34,32,-19.030913395724216,-158.11263649289378,509.913
1393,34,33,-10.016541573489045,-158.11263649289378,507.125
1394,34,34,-0.9984557291709757,-158.11263649289378,505.309
1395,34,35,8.022802524573153,-158.11263649289378,504.552
1396,34,36,17.04652999842395,-158.11263649289378,504.847
1397,34,37,26.072000024286744,-158.11263649289378,506.1
1398,34,38,35.098470672862945,-158.11263649289378,508.137
1399,34,39,44.125214529005945,-158.11263649289378,510.724
1400,35,0,57.66432969050704,-149.1126328273514,515.041
1401,35,1,66.68886056535897,-149.1126328273514,517.806
1402,35,2,75.71152679856746,-149.1126328273514,520.194
1403,35,3,84.73189808821485,-149.11266014810806,522.016
1404,35,4,86.25038574449208,30.88740974764538,523.157
1405,35,5,77.23561520996411,30.887382426888696,523.584
1406,35,6,68.22398656245434,30.887375596699528,523.347
1407,35,7,59.215684217070375,30.887375596699528,522.572
1408,35,8,50.21080379646059,30.887372181604942,521.447
1409,35,9,41.209406772327505,30.887372181604942,520.195
1410,35,10,32.211534125806146,30.887372181604942,519.058
1411,35,11,23.217158536139834,30.887372181604942,518.261
1412,35,12,14.22624329106178,30.887372181604942,517.994
1413,35,13,5.238673984903386,30.887372181604942,518.388
1414,35,14,-3.7457197101777746,30.887368766510356,519.502
1415,35,15,-12.727164471084782,30.887368766510356,521.312
1416,35,16,-21.705972352085343,30.887368766510356,523.716
1417,35,17,-30.682524563112505,30.887368766510356,526.537
1418,35,18,-39.65733166080673,30.887368766510356,529.544
1419,35,19,-48.6309434753962,30.887368766510356,532.469
1420,35,20,-57.603991799379145,30.887365351415774,535.034
1421,35,21,-66.57720746299675,30.887365351415774,536.977
1422,35,22,-75.55131788139565,30.887361936321188,538.08
1423,35,23,-84.52706754519534,30.887344860848263,538.187
1424,35,24,-86.49480406394099,-149.11259184621636,537.224
1425,35,25,-77.51358341861612,-149.11261916697305,535.206
1426,35,26,-68.52871545227447,-149.11261916697305,532.241
1427,35,27,-59.53964008940408,-149.11261916697305,528.515
1428,35,28,-50.54601582054647,-149.1126328273514,524.285
1429,35,29,-41.547630909837366,-149.1126328273514,519.85
1430,35,30,-32.54443413085798,-149.1126328273514,515.526
1431,35,31,-23.536541596824215,-149.1126328273514,511.622
1432,35,32,-14.524228222850157,-149.1126328273514,508.406
1433,35,33,-5.50791748066435,-149.1126328273514,506.088
1434,35,34,3.5118213761545687,-149.1126328273514,504.796
1435,35,35,12.534402018555037,-149.1126328273514,504.572
1436,35,36,21.5590925490788,-149.1126328273514,505.363
1437,35,37,30.58515680139939,-149.1126328273514,507.034
1438,35,38,39.6118528462182,-149.1126328273514,509.378
1439,35,39,48.638470343861556,-149.1126328273514,512.14
1440,36,0,53.151528083231234,-140.112629161809,513.59
1441,36,1,62.176796618513514,-140.112629161809,516.457
1442,36,2,71.20046005934084,-140.112629161809,519.061
1443,36,3,80.22202663209298,-140.11264282218733,521.185
1444,36,4,89.24110701598723,-140.11282040710574,522.676
1445,36,5,81.74261798663457,39.88739292262027,523.458
1446,36,6,72.7293979050482,39.88738267733651,523.542
1447,36,7,63.7194153331284,39.88737926224193,523.016
1448,36,8,54.712806874658604,39.88737926224193,522.04
1449,36,9,45.709664737192576,39.88737584714735,520.822
1450,36,10,36.71002648677077,39.88737584714735,519.597
1451,36,11,27.71390919886611,39.88737584714735,518.604
1452,36,12,18.721271892343566,39.88737584714735,518.051
1453,36,13,9.732038581348627,39.88737584714735,518.103
1454,36,14,0.7460920320874934,39.88737584714735,518.855
1455,36,15,-8.2367932050433,39.88737243205276,520.325
1456,36,16,-17.216874916324066,39.88737243205276,522.449
1457,36,17,-26.194492636861753,39.88737243205276,525.088
1458,36,18,-35.17011252706721,39.88737243205276,528.034
1459,36,19,-44.14424685112819,39.88737243205276,531.034
1460,36,20,-53.11750349588082,39.88737243205276,533.813
1461,36,21,-62.090538159485426,39.887369016958175,536.098
1462,36,22,-71.0641021627507,39.887365601863586,537.645
1463,36,23,-80.03894341139078,39.88735877167442,538.264
1464,36,24,-89.01579273564684,39.88722899808019,537.84
1465,36,25,-82.00462404319626,-140.1126018410523,536.342
1466,36,26,-73.02162754868719,-140.11261550143064,533.832
1467,36,27,-64.03473101616204,-140.11261550143064,530.458
1468,36,28,-55.0434153512439,-140.11261550143064,526.445
1469,36,29,-46.047427836933466,-140.112629161809,522.073
1470,36,30,-37.04663186944734,-140.112629161809,517.654
1471,36,31,-28.041059892184087,-140.112629161809,513.504
1472,36,32,-19.030913395724216,-140.112629161809,509.913
1473,36,33,-10.016541573489045,-140.112629161809,507.125
1474,36,34,-0.9984557291709757,-140.112629161809,505.309
1475,36,35,8.022802524573153,-140.112629161809,504.552
1476,36,36,17.04652999842395,-140.112629161809,504.847
1477,36,37,26.072000024286744,-140.112629161809,506.1
1478,36,38,35.098470672862945,-140.112629161809,508.137
1479,36,39,44.125214529005945,-140.112629161809,510.724
1480,37,0,57.66432969050704,-131.1126254962666,515.041
1481,37,1,66.68886056535897,-131.1126254962666,517.806
1482,37,2,75.71152679856746,-131.1126254962666,520.194
1483,37,3,84.73189808821485,-131.11265281702327,522.016
1484,37,4,86.25038574449208,48.88741707873018,523.157
1485,37,5,77.23561520996411,48.8873897579735,523.584
1486,37,6,68.22398656245434,48.88738292778433,523.347
1487,37,7,59.215684217070375,48.88738292778433,522.572
1488,37,8,50.21080379646059,48.88737951268975,521.447
1489,37,9,41.209406772327505,48.88737951268975,520.195
1490,37,10,32.211534125806146,48.88737951268975,519.058
1491,37,11,23.217158536139834,48.88737951268975,518.261
1492,37,12,14.22624329106178,48.88737951268975,517.994
1493,37,13,5.238673984903386,48.88737951268975,518.388
1494,37,14,-3.7457197101777746,48.88737609759516,519.502
1495,37,15,-12.727164471084782,48.88737609759516,521.312
1496,37,16,-21.705972352085343,48.88737609759516,523.716
1497,37,17,-30.682524563112505,48.88737609759516,526.537
1498,37,18,-39.65733166080673,48.88737609759516,529.544
1499,37,19,-48.6309434753962,48.88737609759516,532.469
1500,37,20,-57.603991799379145,48.887372682500576,535.034
1501,37,21,-66.57720746299675,48.887372682500576,536.977
1502,37,22,-75.55131788139565,48.887369267405994,538.08
1503,37,23,-84.52706754519534,48.88735219193307,538.187
1504,37,24,-86.49480406394099,-131.11258451513157,537.224
1505,37,25,-77.51358341861612,-131.11261183588826,535.206
1506,37,26,-68.52871545227447,-131.11261183588826,532.241
1507,37,27,-59.53964008940408,-131.11261183588826,528.515
1508,37,28,-50.54601582054647,-131.1126254962666,524.285
1509,37,29,-41.547630909837366,-131.1126254962666,519.85
1510,37,30,-32.54443413085798,-131.1126254962666,515.526
1511,37,31,-23.536541596824215,-131.1126254962666,511.622
1512,37,32,-14.524228222850157,-131.1126254962666,508.406
1513,37,33,-5.50791748066435,-131.1126254962666,506.088
1514,37,34,3.5118213761545687,-131.1126254962666,504.796
1515,37,35,12.534402018555037,-131.1126254962666,504.572
1516,37,36,21.5590925490788,-131.1126254962666,505.363
1517,37,37,30.58515680139939,-131.1126254962666,507.034
1518,37,38,39.6118528462182,-131.1126254962666,509.378
1519,37,39,48.638470343861556,-131.1126254962666,512.14
1520,38,0,53.151528083231234,-122.11262183072418,513.59
1521,38,1,62.176796618513514,-122.11262183072418,516.457
1522,38,2,71.20046005934084,-122.11262183072418,519.061
1523,38,3,80.22202663209298,-122.11263549110252,521.185
1524,38,4,89.24110701598723,-122.11281307602094,522.676
1525,38,5,81.74261798663457,57.887396838610485,523.458
1526,38,6,72.7293979050482,57.88739000842132,523.542
1527,38,7,63.7194153331284,57.88738317823215,523.016
1528,38,8,54.712806874658604,57.88738317823215,522.04
1529,38,9,45.709664737192576,57.88738317823215,520.822
1530,38,10,36.71002648677077,57.88738317823215,519.597
1531,38,11,27.71390919886611,57.88738317823215,518.604
1532,38,12,18.721271892343566,57.88738317823215,518.051
1533,38,13,9.732038581348627,57.88738317823215,518.103
1534,38,14,0.7460920320874934,57.88738317823215,518.855
1535,38,15,-8.2367932050433,57.88738317823215,520.325
1536,38,16,-17.216874916324066,57.88738317823215,522.449
1537,38,17,-26.194492636861753,57.88738317823215,525.088
1538,38,18,-35.17011252706721,57.88737634804298,528.034
1539,38,19,-44.14424685112819,57.88737634804298,531.034
1540,38,20,-53.11750349588082,57.88737634804298,533.813
1541,38,21,-62.090538159485426,57.88737634804298,536.098
1542,38,22,-71.0641021627507,57.88737634804298,537.645
1543,38,23,-80.03894341139078,57.887369517853806,538.264
1544,38,24,-89.01579273564684,57.88723291407041,537.84
1545,38,25,-82.00462404319626,-122.11259450996751,536.342
1546,38,26,-73.02162754868719,-122.11260817034585,533.832
1547,38,27,-64.03473101616204,-122.11260817034585,530.458
1548,38,28,-55.0434153512439,-122.11260817034585,526.445
1549,38,29,-46.047427836933466,-122.11262183072418,522.073
1550,38,30,-37.04663186944734,-122.11262183072418,517.654
1551,38,31,-28.041059892184087,-122.11262183072418,513.504
1552,38,32,-19.030913395724216,-122.11262183072418,509.913
1553,38,33,-10.016541573489045,-122.11262183072418,507.125
1554,38,34,-0.9984557291709757,-122.11262183072418,505.309
1555,38,35,8.022802524573153,-122.11262183072418,504.552
1556,38,36,17.04652999842395,-122.11262183072418,504.847
1557,38,37,26.072000024286744,-122.11262183072418,506.1
1558,38,38,35.098470672862945,-122.11262183072418,508.137
1559,38,39,44.125214529005945,-122.11262183072418,510.724
1560,39,0,57.66432969050704,-113.11261816518179,515.041
1561,39,1,66.68886056535897,-113.11261816518179,517.806
1562,39,2,75.71152679856746,-113.11262499537095,520.194
1563,39,3,84.73189808821485,-113.1126386557493,522.016
1564,39,4,86.25038574449208,66.8874209947204,523.157
1565,39,5,77.23561520996411,66.88739367396371,523.584
1566,39,6,68.22398656245434,66.88739367396371,523.347
1567,39,7,59.215684217070375,66.88738684377455,522.572
1568,39,8,50.21080379646059,66.88738684377455,521.447
1569,39,9,41.209406772327505,66.88738684377455,520.195
1570,39,10,32.211534125806146,66.88738684377455,519.058
1571,39,11,23.217158536139834,66.88738684377455,518.261
1572,39,12,14.22624329106178,66.88738684377455,517.994
1573,39,13,5.238673984903386,66.88738684377455,518.388
1574,39,14,-3.7457197101777746,66.88738684377455,519.502
1575,39,15,-12.727164471084782,66.88738684377455,521.312
1576,39,16,-21.705972352085343,66.88738684377455,523.716
1577,39,17,-30.682524563112505,66.88738684377455,526.537
1578,39,18,-39.65733166080673,66.88738001358539,529.544
1579,39,19,-48.6309434753962,66.88738001358539,532.469
1580,39,20,-57.603991799379145,66.88738001358539,535.034
1581,39,21,-66.57720746299675,66.88738001358539,536.977
1582,39,22,-75.55131788139565,66.8873731833962,538.08
1583,39,23,-84.52706754519534,66.88735952301786,538.187
1584,39,24,-86.49480406394099,-113.11257718404677,537.224
1585,39,25,-77.51358341861612,-113.11260450480344,535.206
1586,39,26,-68.52871545227447,-113.11261133499262,532.241
1587,39,27,-59.53964008940408,-113.11261133499262,528.515
1588,39,28,-50.54601582054647,-113.11261133499262,524.285
1589,39,29,-41.547630909837366,-113.11261133499262,519.85
1590,39,30,-32.54443413085798,-113.11261133499262,515.526
1591,39,31,-23.536541596824215,-113.11261133499262,511.622
1592,39,32,-14.524228222850157,-113.11261133499262,508.406
1593,39,33,-5.50791748066435,-113.11261133499262,506.088
1594,39,34,3.5118213761545687,-113.11261816518179,504.796
1595,39,35,12.534402018555037,-113.11261816518179,504.572
1596,39,36,21.5590925490788,-113.11261816518179,505.363
1597,39,37,30.58515680139939,-113.11261816518179,507.034
1598,39,38,39.6118528462182,-113.11261816518179,509.378
1599,39,39,48.638470343861556,-113.11261816518179,512.14
