0,0,0,88.8065498904235,73.3806564424089,522.909
1,0,1,79.79092558224927,73.38054715938219,523.537
2,0,2,70.77840217995825,73.38054032919302,523.478
3,0,3,61.769150438279645,73.38054032919302,522.839
4,0,4,52.76329330061854,73.38054032919302,521.791
5,0,5,43.76091272924498,73.38053349900385,520.551
6,0,6,34.7620428751048,73.38053349900385,519.357
7,0,7,25.76668886083988,73.38053349900385,518.441
8,0,8,16.774799460031453,73.38053349900385,518.008
9,0,9,7.7862978330513535,73.38053349900385,518.205
10,0,10,-1.1989774900412677,73.38053349900385,519.113
11,0,11,-10.181224264567224,73.38053349900385,520.732
12,0,12,-19.160745046562404,73.38053349900385,522.982
13,0,13,-28.137905144425698,73.38053349900385,525.706
14,0,14,-37.11314766667951,73.38053349900385,528.686
15,0,15,-46.08704293411954,73.38053349900385,531.662
16,0,16,-55.060200541129205,73.38053349900385,534.356
17,0,17,-64.03328984624717,73.38052666881468,536.5
18,0,18,-73.00707241556589,73.38052666881468,537.86
19,0,19,-81.98229615479949,73.38051300843634,538.26
20,0,20,-89.04030628457801,-106.61931441560158,537.603
21,0,21,-80.06004186573695,-106.61945101938497,535.878
22,0,22,-71.07623940890582,-106.61945784957415,533.165
23,0,23,-62.08838664989687,-106.61945784957415,529.632
24,0,24,-53.096073777359905,-106.61946467976331,525.516
25,0,25,-44.099058319579385,-106.61946467976331,521.107
26,0,26,-35.09720025767732,-106.61946467976331,516.72
27,0,27,-26.090639610531706,-106.61946467976331,512.668
28,0,28,-17.07954030268262,-106.61946467976331,509.233
29,0,29,-8.064311291706614,-106.61946467976331,506.644
30,0,30,0.9545375060860879,-106.61946467976331,505.054
31,0,31,9.976388598905833,-106.61946467976331,504.529
32,0,32,19.000553204863508,-106.61946467976331,505.043
33,0,33,28.026299853387687,-106.61946467976331,506.483
34,0,34,37.05285758687581,-106.61946467976331,508.661
35,0,35,46.079563876978376,-106.61947150995249,511.333
36,0,36,55.10570326137983,-106.61947150995249,514.223
37,0,37,64.13066785324405,-106.61947150995249,517.054
38,0,38,73.15390782234283,-106.61947150995249,519.571
39,0,39,82.1749621309072,-106.61948517033082,521.568
40,1,0,84.29836549102663,82.38055765511376,523.313
41,1,1,75.28426431503732,82.38054399473542,523.589
42,1,2,66.27335966757957,82.38053716454625,523.222
43,1,3,57.26579498262597,82.38053716454625,522.354
44,1,4,48.26166588282488,82.38053716454625,521.18
45,1,5,39.261040670068006,82.38053716454625,519.933
46,1,6,30.26392617454452,82.38053716454625,518.851
47,1,7,21.27031556606525,82.38053716454625,518.154
48,1,8,12.28013712764391,82.38053716454625,518.02
49,1,9,3.293267275545208,82.38053716454625,518.568
50,1,10,-5.690458981987995,82.38053716454625,519.837
51,1,11,-14.671304393795333,82.38053033435708,521.787
52,1,12,-23.649586350229804,82.38053033435708,524.297
53,1,13,-32.62572362726489,82.38053033435708,527.18
54,1,14,-41.600226781541046,82.38053033435708,530.192
55,1,15,-50.57367125649586,82.38053033435708,533.062
56,1,16,-59.54671616538422,82.38053033435708,535.513
57,1,17,-68.52004794221772,82.38053033435708,537.291
58,1,18,-77.49445888894009,82.38052350416791,538.188
59,1,19,-86.47067300560333,82.38049618341124,538.067
60,1,20,-84.55058388650768,-97.6194405236534,536.871
61,1,21,-75.56861875056329,-97.61945418403174,534.636
62,1,22,-66.58284919925119,-97.61946101422092,531.488
63,1,23,-57.59280394951867,-97.61946101422092,527.63
64,1,24,-48.59817222775848,-97.61946101422092,523.329
65,1,25,-39.59872180753885,-97.61946101422092,518.891
66,1,26,-30.59451757565689,-97.61946101422092,514.634
67,1,27,-21.58563466419347,-97.61946784441008,510.858
68,1,28,-12.572412875059804,-97.61946784441008,507.822
69,1,29,-3.555303000741105,-97.61946784441008,505.718
70,1,30,5.465129333721982,-97.61946784441008,504.658
71,1,31,14.48822629573502,-97.61946784441008,504.661
72,1,32,23.513274557416565,-97.61946784441008,505.658
73,1,33,32.5395334701285,-97.61946784441008,507.494
74,1,34,41.56623976023106,-97.61946784441008,509.952
75,1,35,50.592744559753115,-97.61946784441008,512.768
76,1,36,59.61837167996682,-97.61946784441008,515.663
77,1,37,68.64253372460355,-97.61947467459925,518.366
78,1,38,77.6647355049485,-97.61947467459925,520.645
79,1,39,86.6845535492731,-97.6195088255451,522.326
80,2,0,88.8065498904235,91.38065694330454,522.909
81,2,1,79.79092558224927,91.38054766027783,523.537
82,2,2,70.77840217995825,91.38054083008865,523.478
83,2,3,61.769150438279645,91.38054083008865,522.839
84,2,4,52.76329330061854,91.38054083008865,521.791
85,2,5,43.76091272924498,91.38053399989948,520.551
86,2,6,34.7620428751048,91.38053399989948,519.357
87,2,7,25.76668886083988,91.38053399989948,518.441
88,2,8,16.774799460031453,91.38053399989948,518.008
89,2,9,7.7862978330513535,91.38053399989948,518.205
90,2,10,-1.1989774900412677,91.38053399989948,519.113
91,2,11,-10.181224264567224,91.38053399989948,520.732
92,2,12,-19.160745046562404,91.38053399989948,522.982
93,2,13,-28.137905144425698,91.38053399989948,525.706
94,2,14,-37.11314766667951,91.38053399989948,528.686
95,2,15,-46.08704293411954,91.38053399989948,531.662
96,2,16,-55.060200541129205,91.38053399989948,534.356
97,2,17,-64.03328984624717,91.38052716971032,536.5
98,2,18,-73.00707241556589,91.38052716971032,537.86
99,2,19,-81.98229615479949,91.38051350933198,538.26
100,2,20,-89.04030628457801,-88.61931391470594,537.603
101,2,21,-80.06004186573695,-88.61945051848934,535.878
102,2,22,-71.07623940890582,-88.61945734867851,533.165
103,2,23,-62.08838664989687,-88.61945734867851,529.632
104,2,24,-53.096073777359905,-88.61946417886767,525.516
105,2,25,-44.099058319579385,-88.61946417886767,521.107
106,2,26,-35.09720025767732,-88.61946417886767,516.72
107,2,27,-26.090639610531706,-88.61946417886767,512.668
108,2,28,-17.07954030268262,-88.61946417886767,509.233
109,2,29,-8.064311291706614,-88.61946417886767,506.644
110,2,30,0.9545375060860879,-88.61946417886767,505.054
111,2,31,9.976388598905833,-88.61946417886767,504.529
112,2,32,19.000553204863508,-88.61946417886767,505.043
113,2,33,28.026299853387687,-88.61946417886767,506.483
114,2,34,37.05285758687581,-88.61946417886767,508.661
115,2,35,46.079563876978376,-88.61947100905685,511.333
116,2,36,55.10570326137983,-88.61947100905685,514.223
117,2,37,64.13066785324405,-88.61947100905685,517.054
118,2,38,73.15390782234283,-88.61947100905685,519.571
119,2,39,82.1749621309072,-88.6194846694352,521.568
120,3,0,84.29836549102663,100.3805581560094,523.313
121,3,1,75.28426431503732,100.38054449563106,523.589
122,3,2,66.27335966757957,100.38053766544189,523.222
123,3,3,57.26579498262597,100.38053766544189,522.354
124,3,4,48.26166588282488,100.38053766544189,521.18
125,3,5,39.261040670068006,100.38053766544189,519.933
126,3,6,30.26392617454452,100.38053766544189,518.851
127,3,7,21.27031556606525,100.38053766544189,518.154
128,3,8,12.28013712764391,100.38053766544189,518.02
129,3,9,3.293267275545208,100.38053766544189,518.568
130,3,10,-5.690458981987995,100.38053766544189,519.837
131,3,11,-14.671304393795333,100.38053083525271,521.787
132,3,12,-23.649586350229804,100.38053083525271,524.297
133,3,13,-32.62572362726489,100.38053083525271,527.18
134,3,14,-41.600226781541046,100.38053083525271,530.192
135,3,15,-50.57367125649586,100.38053083525271,533.062
136,3,16,-59.54671616538422,100.38053083525271,535.513
137,3,17,-68.52004794221772,100.38053083525271,537.291
138,3,18,-77.49445888894009,100.38052400506355,538.188
139,3,19,-86.47067300560333,100.38049668430686,538.067
140,3,20,-84.55058388650768,-79.61944002275777,536.871
141,3,21,-75.56861875056329,-79.61945368313611,534.636
142,3,22,-66.58284919925119,-79.61946051332528,531.488
143,3,23,-57.59280394951867,-79.61946051332528,527.63
144,3,24,-48.59817222775848,-79.61946051332528,523.329
145,3,25,-39.59872180753885,-79.61946051332528,518.891
146,3,26,-30.59451757565689,-79.61946051332528,514.634
147,3,27,-21.58563466419347,-79.61946734351444,510.858
148,3,28,-12.572412875059804,-79.61946734351444,507.822
149,3,29,-3.555303000741105,-79.61946734351444,505.718
150,3,30,5.465129333721982,-79.61946734351444,504.658
151,3,31,14.48822629573502,-79.61946734351444,504.661
152,3,32,23.513274557416565,-79.61946734351444,505.658
153,3,33,32.5395334701285,-79.61946734351444,507.494
154,3,34,41.56623976023106,-79.61946734351444,509.952
155,3,35,50.592744559753115,-79.61946734351444,512.768
156,3,36,59.61837167996682,-79.61946734351444,515.663
157,3,37,68.64253372460355,-79.61947417370362,518.366
158,3,38,77.6647355049485,-79.61947417370362,520.645
159,3,39,86.6845535492731,-79.61950832464947,522.326
160,4,0,88.8065498904235,109.38065744420018,522.909
161,4,1,79.79092558224927,109.38054816117345,523.537
162,4,2,70.77840217995825,109.38054133098429,523.478
163,4,3,61.769150438279645,109.38054133098429,522.839
164,4,4,52.76329330061854,109.38054133098429,521.791
165,4,5,43.76091272924498,109.38053450079512,520.551
166,4,6,34.7620428751048,109.38053450079512,519.357
167,4,7,25.76668886083988,109.38053450079512,518.441
168,4,8,16.774799460031453,109.38053450079512,518.008
169,4,9,7.7862978330513535,109.38053450079512,518.205
170,4,10,-1.1989774900412677,109.38053450079512,519.113
171,4,11,-10.181224264567224,109.38053450079512,520.732
172,4,12,-19.160745046562404,109.38053450079512,522.982
173,4,13,-28.137905144425698,109.38053450079512,525.706
174,4,14,-37.11314766667951,109.38053450079512,528.686
175,4,15,-46.08704293411954,109.38053450079512,531.662
176,4,16,-55.060200541129205,109.38053450079512,534.356
177,4,17,-64.03328984624717,109.38052767060594,536.5
178,4,18,-73.00707241556589,109.38052767060594,537.86
179,4,19,-81.98229615479949,109.38051401022761,538.26
180,4,20,-89.04030628457801,-70.6193134138103,537.603
181,4,21,-80.06004186573695,-70.6194500175937,535.878
182,4,22,-71.07623940890582,-70.61945684778287,533.165
183,4,23,-62.08838664989687,-70.61945684778287,529.632
184,4,24,-53.096073777359905,-70.61946367797205,525.516
185,4,25,-44.099058319579385,-70.61946367797205,521.107
186,4,26,-35.09720025767732,-70.61946367797205,516.72
187,4,27,-26.090639610531706,-70.61946367797205,512.668
188,4,28,-17.07954030268262,-70.61946367797205,509.233
189,4,29,-8.064311291706614,-70.61946367797205,506.644
190,4,30,0.9545375060860879,-70.61946367797205,505.054
191,4,31,9.976388598905833,-70.61946367797205,504.529
192,4,32,19.000553204863508,-70.61946367797205,505.043
193,4,33,28.026299853387687,-70.61946367797205,506.483
194,4,34,37.05285758687581,-70.61946367797205,508.661
195,4,35,46.079563876978376,-70.61947050816121,511.333
196,4,36,55.10570326137983,-70.61947050816121,514.223
197,4,37,64.13066785324405,-70.61947050816121,517.054
198,4,38,73.15390782234283,-70.61947050816121,519.571
199,4,39,82.1749621309072,-70.61948416853956,521.568
200,5,0,84.29836549102663,118.3805654870942,523.313
201,5,1,75.28426431503732,118.38053816633752,523.589
202,5,2,66.27335966757957,118.38053816633752,523.222
203,5,3,57.26579498262597,118.38053816633752,522.354
204,5,4,48.26166588282488,118.38053816633752,521.18
205,5,5,39.261040670068006,118.38053816633752,519.933
206,5,6,30.26392617454452,118.38053816633752,518.851
207,5,7,21.27031556606525,118.38053816633752,518.154
208,5,8,12.28013712764391,118.38053816633752,518.02
209,5,9,3.293267275545208,118.38053816633752,518.568
210,5,10,-5.690458981987995,118.38053816633752,519.837
211,5,11,-14.671304393795333,118.38053816633752,521.787
212,5,12,-23.649586350229804,118.38053816633752,524.297
213,5,13,-32.62572362726489,118.38053816633752,527.18
214,5,14,-41.600226781541046,118.38053816633752,530.192
215,5,15,-50.57367125649586,118.38053816633752,533.062
216,5,16,-59.54671616538422,118.38052450595917,535.513
217,5,17,-68.52004794221772,118.38052450595917,537.291
218,5,18,-77.49445888894009,118.38052450595917,538.188
219,5,19,-86.47067300560333,118.3804971852025,538.067
220,5,20,-84.55058388650768,-61.619439521862134,536.871
221,5,21,-75.56861875056329,-61.61945318224048,534.636
222,5,22,-66.58284919925119,-61.61946001242964,531.488
223,5,23,-57.59280394951867,-61.61946001242964,527.63
224,5,24,-48.59817222775848,-61.61946001242964,523.329
225,5,25,-39.59872180753885,-61.61946001242964,518.891
226,5,26,-30.59451757565689,-61.61946001242964,514.634
227,5,27,-21.58563466419347,-61.61946684261881,510.858
228,5,28,-12.572412875059804,-61.61946684261881,507.822
229,5,29,-3.555303000741105,-61.61946684261881,505.718
230,5,30,5.465129333721982,-61.61946684261881,504.658
231,5,31,14.48822629573502,-61.61946684261881,504.661
232,5,32,23.513274557416565,-61.61946684261881,505.658
233,5,33,32.5395334701285,-61.61946684261881,507.494
234,5,34,41.56623976023106,-61.61946684261881,509.952
235,5,35,50.592744559753115,-61.61946684261881,512.768
236,5,36,59.61837167996682,-61.61946684261881,515.663
237,5,37,68.64253372460355,-61.619473672807985,518.366
238,5,38,77.6647355049485,-61.619473672807985,520.645
239,5,39,86.6845535492731,-61.619507823753835,522.326
240,6,0,88.8065498904235,127.38065111490664,522.909
241,6,1,79.79092558224927,127.38055549225827,523.537
242,6,2,70.77840217995825,127.38054183187992,523.478
243,6,3,61.769150438279645,127.38054183187992,522.839
244,6,4,52.76329330061854,127.38054183187992,521.791
245,6,5,43.76091272924498,127.38054183187992,520.551
246,6,6,34.7620428751048,127.38054183187992,519.357
247,6,7,25.76668886083988,127.38054183187992,518.441
248,6,8,16.774799460031453,127.38054183187992,518.008
249,6,9,7.7862978330513535,127.38054183187992,518.205
250,6,10,-1.1989774900412677,127.38054183187992,519.113
251,6,11,-10.181224264567224,127.38054183187992,520.732
252,6,12,-19.160745046562404,127.38052817150158,522.982
253,6,13,-28.137905144425698,127.38052817150158,525.706
254,6,14,-37.11314766667951,127.38052817150158,528.686
255,6,15,-46.08704293411954,127.38052817150158,531.662
256,6,16,-55.060200541129205,127.38052817150158,534.356
257,6,17,-64.03328984624717,127.38052817150158,536.5
258,6,18,-73.00707241556589,127.38052817150158,537.86
259,6,19,-81.98229615479949,127.38051451112324,538.26
260,6,20,-89.04030628457801,-52.619316328009255,537.603
261,6,21,-80.06004186573695,-52.619449516698076,535.878
262,6,22,-71.07623940890582,-52.61945634688724,533.165
263,6,23,-62.08838664989687,-52.61945976198183,529.632
264,6,24,-53.096073777359905,-52.61945976198183,525.516
265,6,25,-44.099058319579385,-52.61946317707641,521.107
266,6,26,-35.09720025767732,-52.61946317707641,516.72
267,6,27,-26.090639610531706,-52.61946317707641,512.668
268,6,28,-17.07954030268262,-52.61946317707641,509.233
269,6,29,-8.064311291706614,-52.61946317707641,506.644
270,6,30,0.9545375060860879,-52.61946317707641,505.054
271,6,31,9.976388598905833,-52.619466592171,504.529
272,6,32,19.000553204863508,-52.619466592171,505.043
273,6,33,28.026299853387687,-52.619466592171,506.483
274,6,34,37.05285758687581,-52.619466592171,508.661
275,6,35,46.079563876978376,-52.619466592171,511.333
276,6,36,55.10570326137983,-52.619466592171,514.223
277,6,37,64.13066785324405,-52.61947000726558,517.054
278,6,38,73.15390782234283,-52.619473422360166,519.571
279,6,39,82.1749621309072,-52.61948366764392,521.568
280,7,0,84.29836549102663,136.38055915780066,523.313
281,7,1,75.28426431503732,136.38054549742233,523.589
282,7,2,66.27335966757957,136.38053183704397,523.222
283,7,3,57.26579498262597,136.38053183704397,522.354
284,7,4,48.26166588282488,136.38053183704397,521.18
285,7,5,39.261040670068006,136.38053183704397,519.933
286,7,6,30.26392617454452,136.38053183704397,518.851
287,7,7,21.27031556606525,136.38053183704397,518.154
288,7,8,12.28013712764391,136.38053183704397,518.02
289,7,9,3.293267275545208,136.38053183704397,518.568
290,7,10,-5.690458981987995,136.38053183704397,519.837
291,7,11,-14.671304393795333,136.38053183704397,521.787
292,7,12,-23.649586350229804,136.38053183704397,524.297
293,7,13,-32.62572362726489,136.38053183704397,527.18
294,7,14,-41.600226781541046,136.38053183704397,530.192
295,7,15,-50.57367125649586,136.38053183704397,533.062
296,7,16,-59.54671616538422,136.38053183704397,535.513
297,7,17,-68.52004794221772,136.38053183704397,537.291
298,7,18,-77.49445888894009,136.38051817666565,538.188
299,7,19,-86.47067300560333,136.38049085590896,538.067
300,7,20,-84.55058388650768,-43.619442436061085,536.871
301,7,21,-75.56861875056329,-43.61945951153401,534.636
302,7,22,-66.58284919925119,-43.61946292662859,531.488
303,7,23,-57.59280394951867,-43.61946292662859,527.63
304,7,24,-48.59817222775848,-43.61946634172318,523.329
305,7,25,-39.59872180753885,-43.61946634172318,518.891
306,7,26,-30.59451757565689,-43.61946634172318,514.634
307,7,27,-21.58563466419347,-43.61946634172318,510.858
308,7,28,-12.572412875059804,-43.61946634172318,507.822
309,7,29,-3.555303000741105,-43.61946634172318,505.718
310,7,30,5.465129333721982,-43.61946634172318,504.658
311,7,31,14.48822629573502,-43.619469756817765,504.661
312,7,32,23.513274557416565,-43.619469756817765,505.658
313,7,33,32.5395334701285,-43.619469756817765,507.494
314,7,34,41.56623976023106,-43.619469756817765,509.952
315,7,35,50.592744559753115,-43.619469756817765,512.768
316,7,36,59.61837167996682,-43.619473171912354,515.663
317,7,37,68.64253372460355,-43.619473171912354,518.366
318,7,38,77.6647355049485,-43.61948000210152,520.645
319,7,39,86.6845535492731,-43.61951073795279,522.326
320,8,0,88.8065498904235,145.38065844599146,522.909
321,8,1,79.79092558224927,145.3805491629647,523.537
322,8,2,70.77840217995825,145.3805491629647,523.478
323,8,3,61.769150438279645,145.38053550258638,522.839
324,8,4,52.76329330061854,145.38053550258638,521.791
325,8,5,43.76091272924498,145.38053550258638,520.551
326,8,6,34.7620428751048,145.38053550258638,519.357
327,8,7,25.76668886083988,145.38053550258638,518.441
328,8,8,16.774799460031453,145.38053550258638,518.008
329,8,9,7.7862978330513535,145.38053550258638,518.205
330,8,10,-1.1989774900412677,145.38053550258638,519.113
331,8,11,-10.181224264567224,145.38053550258638,520.732
332,8,12,-19.160745046562404,145.38053550258638,522.982
333,8,13,-28.137905144425698,145.38053550258638,525.706
334,8,14,-37.11314766667951,145.38053550258638,528.686
335,8,15,-46.08704293411954,145.38053550258638,531.662
336,8,16,-55.060200541129205,145.38053550258638,534.356
337,8,17,-64.03328984624717,145.38053550258638,536.5
338,8,18,-73.00707241556589,145.38052184220805,537.86
339,8,19,-81.98229615479949,145.38052184220805,538.26
340,8,20,-89.04030628457801,-34.619315827113624,537.603
341,8,21,-80.06004186573695,-34.61944901580244,535.878
342,8,22,-71.07623940890582,-34.61945584599161,533.165
343,8,23,-62.08838664989687,-34.61945926108619,529.632
344,8,24,-53.096073777359905,-34.61945926108619,525.516
345,8,25,-44.099058319579385,-34.61946267618078,521.107
346,8,26,-35.09720025767732,-34.61946267618078,516.72
347,8,27,-26.090639610531706,-34.61946267618078,512.668
348,8,28,-17.07954030268262,-34.61946267618078,509.233
349,8,29,-8.064311291706614,-34.61946267618078,506.644
350,8,30,0.9545375060860879,-34.61946267618078,505.054
351,8,31,9.976388598905833,-34.61946609127536,504.529
352,8,32,19.000553204863508,-34.61946609127536,505.043
353,8,33,28.026299853387687,-34.61946609127536,506.483
354,8,34,37.05285758687581,-34.61946609127536,508.661
355,8,35,46.079563876978376,-34.61946609127536,511.333
356,8,36,55.10570326137983,-34.61946609127536,514.223
357,8,37,64.13066785324405,-34.61946950636995,517.054
358,8,38,73.15390782234283,-34.619472921464535,519.571
359,8,39,82.1749621309072,-34.61948316674829,521.568
360,9,0,84.29836549102663,154.38055282850712,523.313
361,9,1,75.28426431503732,154.3805391681288,523.589
362,9,2,66.27335966757957,154.3805391681288,523.222
363,9,3,57.26579498262597,154.3805391681288,522.354
364,9,4,48.26166588282488,154.3805391681288,521.18
365,9,5,39.261040670068006,154.3805391681288,519.933
366,9,6,30.26392617454452,154.3805391681288,518.851
367,9,7,21.27031556606525,154.3805391681288,518.154
368,9,8,12.28013712764391,154.3805391681288,518.02
369,9,9,3.293267275545208,154.3805391681288,518.568
370,9,10,-5.690458981987995,154.3805391681288,519.837
371,9,11,-14.671304393795333,154.38052550775043,521.787
372,9,12,-23.649586350229804,154.38052550775043,524.297
373,9,13,-32.62572362726489,154.38052550775043,527.18
374,9,14,-41.600226781541046,154.38052550775043,530.192
375,9,15,-50.57367125649586,154.38052550775043,533.062
376,9,16,-59.54671616538422,154.38052550775043,535.513
377,9,17,-68.52004794221772,154.38052550775043,537.291
378,9,18,-77.49445888894009,154.38052550775043,538.188
379,9,19,-86.47067300560333,154.38049818699378,538.067
380,9,20,-84.55058388650768,-25.61944022761816,536.871
381,9,21,-75.56861875056329,-25.619457303091085,534.636
382,9,22,-66.58284919925119,-25.61946071818567,531.488
383,9,23,-57.59280394951867,-25.619462425732962,527.63
384,9,24,-48.59817222775848,-25.619464133280257,523.329
385,9,25,-39.59872180753885,-25.619465840827548,518.891
386,9,26,-30.59451757565689,-25.619465840827548,514.634
387,9,27,-21.58563466419347,-25.619465840827548,510.858
388,9,28,-12.572412875059804,-25.619465840827548,507.822
389,9,29,-3.555303000741105,-25.61946754837484,505.718
390,9,30,5.465129333721982,-25.61946754837484,504.658
391,9,31,14.48822629573502,-25.61946754837484,504.661
392,9,32,23.513274557416565,-25.61946754837484,505.658
393,9,33,32.5395334701285,-25.619469255922134,507.494
394,9,34,41.56623976023106,-25.619469255922134,509.952
395,9,35,50.592744559753115,-25.619470963469425,512.768
396,9,36,59.61837167996682,-25.619470963469425,515.663
397,9,37,68.64253372460355,-25.61947437856401,518.366
398,9,38,77.6647355049485,-25.619477793658596,520.645
399,9,39,86.6845535492731,-25.619510237057153,522.326
400,10,0,88.8065498904235,163.38065211669792,522.909
401,10,1,79.79092558224927,163.38055649404953,523.537
402,10,2,70.77840217995825,163.3805428336712,523.478
403,10,3,61.769150438279645,163.3805428336712,522.839
404,10,4,52.76329330061854,163.3805428336712,521.791
405,10,5,43.76091272924498,163.3805428336712,520.551
406,10,6,34.7620428751048,163.3805428336712,519.357
407,10,7,25.76668886083988,163.3805428336712,518.441
408,10,8,16.774799460031453,163.3805428336712,518.008
409,10,9,7.7862978330513535,163.3805428336712,518.205
410,10,10,-1.1989774900412677,163.3805428336712,519.113
411,10,11,-10.181224264567224,163.3805428336712,520.732
412,10,12,-19.160745046562404,163.38052917329284,522.982
413,10,13,-28.137905144425698,163.38052917329284,525.706
414,10,14,-37.11314766667951,163.38052917329284,528.686
415,10,15,-46.08704293411954,163.38052917329284,531.662
416,10,16,-55.060200541129205,163.38052917329284,534.356
417,10,17,-64.03328984624717,163.38052917329284,536.5
418,10,18,-73.00707241556589,163.38052917329284,537.86
419,10,19,-81.98229615479949,163.3805155129145,538.26
420,10,20,-89.04030628457801,-16.6193136186707,537.603
421,10,21,-80.06004186573695,-16.619448514906807,535.878
422,10,22,-71.07623940890582,-16.619455345095975,533.165
423,10,23,-62.08838664989687,-16.61945876019056,529.632
424,10,24,-53.096073777359905,-16.619460467737852,525.516
425,10,25,-44.099058319579385,-16.619460467737852,521.107
426,10,26,-35.09720025767732,-16.619462175285147,516.72
427,10,27,-26.090639610531706,-16.619462175285147,512.668
428,10,28,-17.07954030268262,-16.619462175285147,509.233
429,10,29,-8.064311291706614,-16.619463882832438,506.644
430,10,30,0.9545375060860879,-16.619463882832438,505.054
431,10,31,9.976388598905833,-16.619463882832438,504.529
432,10,32,19.000553204863508,-16.619463882832438,505.043
433,10,33,28.026299853387687,-16.619465590379733,506.483
434,10,34,37.05285758687581,-16.619465590379733,508.661
435,10,35,46.079563876978376,-16.619465590379733,511.333
436,10,36,55.10570326137983,-16.619467297927024,514.223
437,10,37,64.13066785324405,-16.619469005474315,517.054
438,10,38,73.15390782234283,-16.6194724205689,519.571
439,10,39,82.1749621309072,-16.619480958305363,521.568
440,11,0,84.29836549102663,172.38056015959194,523.313
441,11,1,75.28426431503732,172.38054649921358,523.589
442,11,2,66.27335966757957,172.38053283883525,523.222
443,11,3,57.26579498262597,172.38053283883525,522.354
444,11,4,48.26166588282488,172.38053283883525,521.18
445,11,5,39.261040670068006,172.38053283883525,519.933
446,11,6,30.26392617454452,172.38053283883525,518.851
447,11,7,21.27031556606525,172.38053283883525,518.154
448,11,8,12.28013712764391,172.38053283883525,518.02
449,11,9,3.293267275545208,172.38053283883525,518.568
450,11,10,-5.690458981987995,172.38053283883525,519.837
451,11,11,-14.671304393795333,172.38053283883525,521.787
452,11,12,-23.649586350229804,172.38053283883525,524.297
453,11,13,-32.62572362726489,172.38053283883525,527.18
454,11,14,-41.600226781541046,172.38053283883525,530.192
455,11,15,-50.57367125649586,172.38053283883525,533.062
456,11,16,-59.54671616538422,172.38053283883525,535.513
457,11,17,-68.52004794221772,172.38053283883525,537.291
458,11,18,-77.49445888894009,172.38051917845692,538.188
459,11,19,-86.47067300560333,172.38049185770024,538.067
460,11,20,-84.55058388650768,-7.619440580496173,536.871
461,11,21,-75.56861875056329,-7.619456802195452,534.636
462,11,22,-66.58284919925119,-7.619461071063683,531.488
463,11,23,-57.59280394951867,-7.619462778610976,527.63
464,11,24,-48.59817222775848,-7.619463632384622,523.329
465,11,25,-39.59872180753885,-7.619464486158268,518.891
466,11,26,-30.59451757565689,-7.6194653399319145,514.634
467,11,27,-21.58563466419347,-7.6194653399319145,510.858
468,11,28,-12.572412875059804,-7.619466193705561,507.822
469,11,29,-3.555303000741105,-7.619466193705561,505.718
470,11,30,5.465129333721982,-7.619467047479207,504.658
471,11,31,14.48822629573502,-7.619467047479207,504.661
472,11,32,23.513274557416565,-7.619467901252853,505.658
473,11,33,32.5395334701285,-7.619467901252853,507.494
474,11,34,41.56623976023106,-7.6194687550264995,509.952
475,11,35,50.592744559753115,-7.619469608800146,512.768
476,11,36,59.61837167996682,-7.619471316347438,515.663
477,11,37,68.64253372460355,-7.619473023894731,518.366
478,11,38,77.6647355049485,-7.619478146536609,520.645
479,11,39,86.6845535492731,-7.619509736161519,522.326
480,12,0,88.8065498904235,-178.6193369097516,522.909
481,12,1,79.79092558224927,-178.61944619277833,523.537
482,12,2,70.77840217995825,-178.61945985315668,523.478
483,12,3,61.769150438279645,-178.61945985315668,522.839
484,12,4,52.76329330061854,-178.61945985315668,521.791
485,12,5,43.76091272924498,-178.61945985315668,520.551
486,12,6,34.7620428751048,-178.61945985315668,519.357
487,12,7,25.76668886083988,-178.61945985315668,518.441
488,12,8,16.774799460031453,-178.61945985315668,518.008
489,12,9,7.7862978330513535,-178.61945985315668,518.205
490,12,10,-1.1989774900412677,-178.61945985315668,519.113
491,12,11,-10.181224264567224,-178.61945985315668,520.732
492,12,12,-19.160745046562404,-178.61945985315668,522.982
493,12,13,-28.137905144425698,-178.61945985315668,525.706
494,12,14,-37.11314766667951,-178.61945985315668,528.686
495,12,15,-46.08704293411954,-178.61945985315668,531.662
496,12,16,-55.060200541129205,-178.61945985315668,534.356
497,12,17,-64.03328984624717,-178.619473513535,536.5
498,12,18,-73.00707241556589,-178.619473513535,537.86
499,12,19,-81.98229615479949,-178.61948717391337,538.26
500,12,20,-89.04030628457801,1.3806866687815236,537.603
501,12,21,-80.06004186573695,1.3805513456585925,535.878
502,12,22,-71.07623940890582,1.380544302026011,533.165
503,12,23,-62.08838664989687,1.3805417407050722,529.632
504,12,24,-53.096073777359905,1.380540353322897,525.516
505,12,25,-44.099058319579385,1.3805393928275451,521.107
506,12,26,-35.09720025767732,1.3805387524973103,516.72
507,12,27,-26.090639610531706,1.3805382188887816,512.668
508,12,28,-17.07954030268262,1.3805377920019584,509.233
509,12,29,-8.064311291706614,1.3805373651151351,506.644
510,12,30,0.9545375060860879,1.3805369382283121,505.054
511,12,31,9.976388598905833,1.3805366180631948,504.529
512,12,32,19.000553204863508,1.3805361911763716,505.043
513,12,33,28.026299853387687,1.3805356575678427,506.483
514,12,34,37.05285758687581,1.3805351239593138,508.661
515,12,35,46.079563876978376,1.3805343769073732,511.333
516,12,36,55.10570326137983,1.3805334164120213,514.223
517,12,37,64.13066785324405,1.3805318155864346,517.054
518,12,38,73.15390782234283,1.380528720656967,519.571
519,12,39,82.1749621309072,1.3805187955383293,521.568
520,13,0,84.29836549102663,-169.6194288668576,523.313
521,13,1,75.28426431503732,-169.61945618761428,523.589
522,13,2,66.27335966757957,-169.61945618761428,523.222
523,13,3,57.26579498262597,-169.61945618761428,522.354
524,13,4,48.26166588282488,-169.61945618761428,521.18
525,13,5,39.261040670068006,-169.61945618761428,519.933
526,13,6,30.26392617454452,-169.61945618761428,518.851
527,13,7,21.27031556606525,-169.61945618761428,518.154
528,13,8,12.28013712764391,-169.61945618761428,518.02
529,13,9,3.293267275545208,-169.61945618761428,518.568
530,13,10,-5.690458981987995,-169.61945618761428,519.837
531,13,11,-14.671304393795333,-169.61945618761428,521.787
532,13,12,-23.649586350229804,-169.61945618761428,524.297
533,13,13,-32.62572362726489,-169.61945618761428,527.18
534,13,14,-41.600226781541046,-169.61945618761428,530.192
535,13,15,-50.57367125649586,-169.61945618761428,533.062
536,13,16,-59.54671616538422,-169.6194698479926,535.513
537,13,17,-68.52004794221772,-169.6194698479926,537.291
538,13,18,-77.49445888894009,-169.6194698479926,538.188
539,13,19,-86.47067300560333,-169.6194971687493,538.067
540,13,20,-84.55058388650768,10.38056675058863,536.871
541,13,21,-75.56861875056329,10.380550528889351,534.636
542,13,22,-66.58284919925119,10.38054626002112,531.488
543,13,23,-57.59280394951867,10.380544552473827,527.63
544,13,24,-48.59817222775848,10.380543698700182,523.329
545,13,25,-39.59872180753885,10.380542844926536,518.891
546,13,26,-30.59451757565689,10.380541991152889,514.634
547,13,27,-21.58563466419347,10.380541991152889,510.858
548,13,28,-12.572412875059804,10.380541137379243,507.822
549,13,29,-3.555303000741105,10.380541137379243,505.718
550,13,30,5.465129333721982,10.380540283605596,504.658
551,13,31,14.48822629573502,10.380540283605596,504.661
552,13,32,23.513274557416565,10.38053942983195,505.658
553,13,33,32.5395334701285,10.38053942983195,507.494
554,13,34,41.56623976023106,10.380538576058305,509.952
555,13,35,50.592744559753115,10.380537722284657,512.768
556,13,36,59.61837167996682,10.380536014737364,515.663
557,13,37,68.64253372460355,10.380534307190073,518.366
558,13,38,77.6647355049485,10.380529184548195,520.645
559,13,39,86.6845535492731,10.380497594923284,522.326
560,14,0,88.8065498904235,-160.61934323904515,522.909
561,14,1,79.79092558224927,-160.61945252207187,523.537
562,14,2,70.77840217995825,-160.61946618245022,523.478
563,14,3,61.769150438279645,-160.61946618245022,522.839
564,14,4,52.76329330061854,-160.61946618245022,521.791
565,14,5,43.76091272924498,-160.61946618245022,520.551
566,14,6,34.7620428751048,-160.61946618245022,519.357
567,14,7,25.76668886083988,-160.61946618245022,518.441
568,14,8,16.774799460031453,-160.61946618245022,518.008
569,14,9,7.7862978330513535,-160.61946618245022,518.205
570,14,10,-1.1989774900412677,-160.61946618245022,519.113
571,14,11,-10.181224264567224,-160.61946618245022,520.732
572,14,12,-19.160745046562404,-160.61946618245022,522.982
573,14,13,-28.137905144425698,-160.61946618245022,525.706
574,14,14,-37.11314766667951,-160.61946618245022,528.686
575,14,15,-46.08704293411954,-160.61946618245022,531.662
576,14,16,-55.060200541129205,-160.61946618245022,534.356
577,14,17,-64.03328984624717,-160.61947984282855,536.5
578,14,18,-73.00707241556589,-160.61947984282855,537.86
579,14,19,-81.98229615479949,-160.61949350320688,538.26
580,14,20,-89.04030628457801,19.3806805529314,537.603
581,14,21,-80.06004186573695,19.38054565669529,535.878
582,14,22,-71.07623940890582,19.380538826506122,533.165
583,14,23,-62.08838664989687,19.380535411411536,529.632
584,14,24,-53.096073777359905,19.380533703864245,525.516
585,14,25,-44.099058319579385,19.380533703864245,521.107
586,14,26,-35.09720025767732,19.38053199631695,516.72
587,14,27,-26.090639610531706,19.38053199631695,512.668
588,14,28,-17.07954030268262,19.38053199631695,509.233
589,14,29,-8.064311291706614,19.38053028876966,506.644
590,14,30,0.9545375060860879,19.38053028876966,505.054
591,14,31,9.976388598905833,19.38053028876966,504.529
592,14,32,19.000553204863508,19.38053028876966,505.043
593,14,33,28.026299853387687,19.380528581222364,506.483
594,14,34,37.05285758687581,19.380528581222364,508.661
595,14,35,46.079563876978376,19.380528581222364,511.333
596,14,36,55.10570326137983,19.380526873675073,514.223
597,14,37,64.13066785324405,19.380525166127782,517.054
598,14,38,73.15390782234283,19.380521751033196,519.571
599,14,39,82.1749621309072,19.380513213296734,521.568
600,15,0,84.29836549102663,-151.61943519615113,523.313
601,15,1,75.28426431503732,-151.61946251690782,523.589
602,15,2,66.27335966757957,-151.61946251690782,523.222
603,15,3,57.26579498262597,-151.61946251690782,522.354
604,15,4,48.26166588282488,-151.61946251690782,521.18
605,15,5,39.261040670068006,-151.61946251690782,519.933
606,15,6,30.26392617454452,-151.61946251690782,518.851
607,15,7,21.27031556606525,-151.61946251690782,518.154
608,15,8,12.28013712764391,-151.61946251690782,518.02
609,15,9,3.293267275545208,-151.61946251690782,518.568
610,15,10,-5.690458981987995,-151.61946251690782,519.837
611,15,11,-14.671304393795333,-151.61946251690782,521.787
612,15,12,-23.649586350229804,-151.61946251690782,524.297
613,15,13,-32.62572362726489,-151.61946251690782,527.18
614,15,14,-41.600226781541046,-151.61946251690782,530.192
615,15,15,-50.57367125649586,-151.61946251690782,533.062
616,15,16,-59.54671616538422,-151.61947617728615,535.513
617,15,17,-68.52004794221772,-151.61947617728615,537.291
618,15,18,-77.49445888894009,-151.61947617728615,538.188
619,15,19,-86.47067300560333,-151.61950349804283,538.067
620,15,20,-84.55058388650768,28.38056127506874,536.871
621,15,21,-75.56861875056329,28.380544199595814,534.636
622,15,22,-66.58284919925119,28.38054078450123,531.488
623,15,23,-57.59280394951867,28.380539076953937,527.63
624,15,24,-48.59817222775848,28.380537369406646,523.329
625,15,25,-39.59872180753885,28.38053566185935,518.891
626,15,26,-30.59451757565689,28.38053566185935,514.634
627,15,27,-21.58563466419347,28.38053566185935,510.858
628,15,28,-12.572412875059804,28.38053566185935,507.822
629,15,29,-3.555303000741105,28.38053395431206,505.718
630,15,30,5.465129333721982,28.38053395431206,504.658
631,15,31,14.48822629573502,28.38053395431206,504.661
632,15,32,23.513274557416565,28.38053395431206,505.658
633,15,33,32.5395334701285,28.380532246764766,507.494
634,15,34,41.56623976023106,28.380532246764766,509.952
635,15,35,50.592744559753115,28.380530539217474,512.768
636,15,36,59.61837167996682,28.380530539217474,515.663
637,15,37,68.64253372460355,28.38052712412289,518.366
638,15,38,77.6647355049485,28.380523709028306,520.645
639,15,39,86.6845535492731,28.380491265629747,522.326
640,16,0,88.8065498904235,-142.61933590796036,522.909
641,16,1,79.79092558224927,-142.61944519098708,523.537
642,16,2,70.77840217995825,-142.6194588513654,523.478
643,16,3,61.769150438279645,-142.6194588513654,522.839
644,16,4,52.76329330061854,-142.6194588513654,521.791
645,16,5,43.76091272924498,-142.6194588513654,520.551
646,16,6,34.7620428751048,-142.6194588513654,519.357
647,16,7,25.76668886083988,-142.6194588513654,518.441
648,16,8,16.774799460031453,-142.6194588513654,518.008
649,16,9,7.7862978330513535,-142.6194588513654,518.205
650,16,10,-1.1989774900412677,-142.6194588513654,519.113
651,16,11,-10.181224264567224,-142.6194588513654,520.732
652,16,12,-19.160745046562404,-142.6194588513654,522.982
653,16,13,-28.137905144425698,-142.6194588513654,525.706
654,16,14,-37.11314766667951,-142.6194588513654,528.686
655,16,15,-46.08704293411954,-142.6194588513654,531.662
656,16,16,-55.060200541129205,-142.6194588513654,534.356
657,16,17,-64.03328984624717,-142.61947251174374,536.5
658,16,18,-73.00707241556589,-142.61947251174374,537.86
659,16,19,-81.98229615479949,-142.6194861721221,538.26
660,16,20,-89.04030628457801,37.380686176468906,537.603
661,16,21,-80.06004186573695,37.38055298778009,535.878
662,16,22,-71.07623940890582,37.38054615759092,533.165
663,16,23,-62.08838664989687,37.38054274249634,529.632
664,16,24,-53.096073777359905,37.38054274249634,525.516
665,16,25,-44.099058319579385,37.380539327401756,521.107
666,16,26,-35.09720025767732,37.380539327401756,516.72
667,16,27,-26.090639610531706,37.380539327401756,512.668
668,16,28,-17.07954030268262,37.380539327401756,509.233
669,16,29,-8.064311291706614,37.380539327401756,506.644
670,16,30,0.9545375060860879,37.380539327401756,505.054
671,16,31,9.976388598905833,37.38053591230717,504.529
672,16,32,19.000553204863508,37.38053591230717,505.043
673,16,33,28.026299853387687,37.38053591230717,506.483
674,16,34,37.05285758687581,37.38053591230717,508.661
675,16,35,46.079563876978376,37.38053591230717,511.333
676,16,36,55.10570326137983,37.38053591230717,514.223
677,16,37,64.13066785324405,37.380532497212585,517.054
678,16,38,73.15390782234283,37.380529082118,519.571
679,16,39,82.1749621309072,37.38051883683424,521.568
680,17,0,84.29836549102663,-133.61944152544467,523.313
681,17,1,75.28426431503732,-133.61946884620136,523.589
682,17,2,66.27335966757957,-133.61946884620136,523.222
683,17,3,57.26579498262597,-133.61946884620136,522.354
684,17,4,48.26166588282488,-133.61946884620136,521.18
685,17,5,39.261040670068006,-133.61946884620136,519.933
686,17,6,30.26392617454452,-133.61946884620136,518.851
687,17,7,21.27031556606525,-133.61946884620136,518.154
688,17,8,12.28013712764391,-133.61946884620136,518.02
689,17,9,3.293267275545208,-133.61946884620136,518.568
690,17,10,-5.690458981987995,-133.61946884620136,519.837
691,17,11,-14.671304393795333,-133.61946884620136,521.787
692,17,12,-23.649586350229804,-133.61946884620136,524.297
693,17,13,-32.62572362726489,-133.61946884620136,527.18
694,17,14,-41.600226781541046,-133.61946884620136,530.192
695,17,15,-50.57367125649586,-133.61946884620136,533.062
696,17,16,-59.54671616538422,-133.6194825065797,535.513
697,17,17,-68.52004794221772,-133.6194825065797,537.291
698,17,18,-77.49445888894009,-133.6194825065797,538.188
699,17,19,-86.47067300560333,-133.61950982733637,538.067
700,17,20,-84.55058388650768,46.38055323822791,536.871
701,17,21,-75.56861875056329,46.380536162754986,534.636
702,17,22,-66.58284919925119,46.3805327476604,531.488
703,17,23,-57.59280394951867,46.3805327476604,527.63
704,17,24,-48.59817222775848,46.380529332565814,523.329
705,17,25,-39.59872180753885,46.380529332565814,518.891
706,17,26,-30.59451757565689,46.380529332565814,514.634
707,17,27,-21.58563466419347,46.380529332565814,510.858
708,17,28,-12.572412875059804,46.380529332565814,507.822
709,17,29,-3.555303000741105,46.380529332565814,505.718
710,17,30,5.465129333721982,46.380529332565814,504.658
711,17,31,14.48822629573502,46.38052591747123,504.661
712,17,32,23.513274557416565,46.38052591747123,505.658
713,17,33,32.5395334701285,46.38052591747123,507.494
714,17,34,41.56623976023106,46.38052591747123,509.952
715,17,35,50.592744559753115,46.38052591747123,512.768
716,17,36,59.61837167996682,46.38052250237664,515.663
717,17,37,68.64253372460355,46.38052250237664,518.366
718,17,38,77.6647355049485,46.38051567218748,520.645
719,17,39,86.6845535492731,46.38048493633621,522.326
720,18,0,88.8065498904235,-124.61934223725389,522.909
721,18,1,79.79092558224927,-124.6194515202806,523.537
722,18,2,70.77840217995825,-124.61946518065895,523.478
723,18,3,61.769150438279645,-124.61946518065895,522.839
724,18,4,52.76329330061854,-124.61946518065895,521.791
725,18,5,43.76091272924498,-124.61946518065895,520.551
726,18,6,34.7620428751048,-124.61946518065895,519.357
727,18,7,25.76668886083988,-124.61946518065895,518.441
728,18,8,16.774799460031453,-124.61946518065895,518.008
729,18,9,7.7862978330513535,-124.61946518065895,518.205
730,18,10,-1.1989774900412677,-124.61946518065895,519.113
731,18,11,-10.181224264567224,-124.61946518065895,520.732
732,18,12,-19.160745046562404,-124.61946518065895,522.982
733,18,13,-28.137905144425698,-124.61946518065895,525.706
734,18,14,-37.11314766667951,-124.61946518065895,528.686
735,18,15,-46.08704293411954,-124.61946518065895,531.662
736,18,16,-55.060200541129205,-124.61946518065895,534.356
737,18,17,-64.03328984624717,-124.61947884103729,536.5
738,18,18,-73.00707241556589,-124.61947884103729,537.86
739,18,19,-81.98229615479949,-124.61949250141562,538.26
740,18,20,-89.04030628457801,55.38067984717537,537.603
741,18,21,-80.06004186573695,55.38054665848656,535.878
742,18,22,-71.07623940890582,55.38053982829739,533.165
743,18,23,-62.08838664989687,55.380536413202805,529.632
744,18,24,-53.096073777359905,55.380536413202805,525.516
745,18,25,-44.099058319579385,55.380532998108215,521.107
746,18,26,-35.09720025767732,55.380532998108215,516.72
747,18,27,-26.090639610531706,55.380532998108215,512.668
748,18,28,-17.07954030268262,55.380532998108215,509.233
749,18,29,-8.064311291706614,55.380532998108215,506.644
750,18,30,0.9545375060860879,55.380532998108215,505.054
751,18,31,9.976388598905833,55.38052958301363,504.529
752,18,32,19.000553204863508,55.38052958301363,505.043
753,18,33,28.026299853387687,55.38052958301363,506.483
754,18,34,37.05285758687581,55.38052958301363,508.661
755,18,35,46.079563876978376,55.38052958301363,511.333
756,18,36,55.10570326137983,55.38052958301363,514.223
757,18,37,64.13066785324405,55.38052616791905,517.054
758,18,38,73.15390782234283,55.38052275282446,519.571
759,18,39,82.1749621309072,55.38051250754071,521.568
760,19,0,84.29836549102663,-115.61943419435987,523.313
761,19,1,75.28426431503732,-115.61946151511654,523.589
762,19,2,66.27335966757957,-115.61946151511654,523.222
763,19,3,57.26579498262597,-115.61946151511654,522.354
764,19,4,48.26166588282488,-115.61946151511654,521.18
765,19,5,39.261040670068006,-115.61946151511654,519.933
766,19,6,30.26392617454452,-115.61946151511654,518.851
767,19,7,21.27031556606525,-115.61946151511654,518.154
768,19,8,12.28013712764391,-115.61946151511654,518.02
769,19,9,3.293267275545208,-115.61946151511654,518.568
770,19,10,-5.690458981987995,-115.61946151511654,519.837
771,19,11,-14.671304393795333,-115.61946151511654,521.787
772,19,12,-23.649586350229804,-115.61946151511654,524.297
773,19,13,-32.62572362726489,-115.61946151511654,527.18
774,19,14,-41.600226781541046,-115.61946151511654,530.192
775,19,15,-50.57367125649586,-115.61946151511654,533.062
776,19,16,-59.54671616538422,-115.61947517549488,535.513
777,19,17,-68.52004794221772,-115.61947517549488,537.291
778,19,18,-77.49445888894009,-115.61947517549488,538.188
779,19,19,-86.47067300560333,-115.61950249625157,538.067
780,19,20,-84.55058388650768,64.3805639844073,536.871
781,19,21,-75.56861875056329,64.3805434938398,534.636
782,19,22,-66.58284919925119,64.3805434938398,531.488
783,19,23,-57.59280394951867,64.38053666365062,527.63
784,19,24,-48.59817222775848,64.38053666365062,523.329
785,19,25,-39.59872180753885,64.38053666365062,518.891
786,19,26,-30.59451757565689,64.38053666365062,514.634
787,19,27,-21.58563466419347,64.38053666365062,510.858
788,19,28,-12.572412875059804,64.38053666365062,507.822
789,19,29,-3.555303000741105,64.38053666365062,505.718
790,19,30,5.465129333721982,64.38053666365062,504.658
791,19,31,14.48822629573502,64.38053666365062,504.661
792,19,32,23.513274557416565,64.38053666365062,505.658
793,19,33,32.5395334701285,64.38053666365062,507.494
794,19,34,41.56623976023106,64.38052983346145,509.952
795,19,35,50.592744559753115,64.38052983346145,512.768
796,19,36,59.61837167996682,64.38052983346145,515.663
797,19,37,68.64253372460355,64.38052983346145,518.366
798,19,38,77.6647355049485,64.38052300327227,520.645
799,19,39,86.6845535492731,64.38048885232642,522.326
800,20,0,88.8065498904235,-106.61934173635825,522.909
801,20,1,79.79092558224927,-106.6194441891958,523.537
802,20,2,70.77840217995825,-106.61945101938497,523.478
803,20,3,61.769150438279645,-106.61945784957415,522.839
804,20,4,52.76329330061854,-106.61945784957415,521.791
805,20,5,43.76091272924498,-106.61945784957415,520.551
806,20,6,34.7620428751048,-106.61945784957415,519.357
807,20,7,25.76668886083988,-106.61945784957415,518.441
808,20,8,16.774799460031453,-106.61945784957415,518.008
809,20,9,7.7862978330513535,-106.61945784957415,518.205
810,20,10,-1.1989774900412677,-106.61945784957415,519.113
811,20,11,-10.181224264567224,-106.61946467976331,520.732
812,20,12,-19.160745046562404,-106.61946467976331,522.982
813,20,13,-28.137905144425698,-106.61946467976331,525.706
814,20,14,-37.11314766667951,-106.61946467976331,528.686
815,20,15,-46.08704293411954,-106.61946467976331,531.662
816,20,16,-55.060200541129205,-106.61946467976331,534.356
817,20,17,-64.03328984624717,-106.61946467976331,536.5
818,20,18,-73.00707241556589,-106.61947150995249,537.86
819,20,19,-81.98229615479949,-106.61947834014165,538.26
820,20,20,-89.04030628457801,73.38069059335476,537.603
821,20,21,-80.06004186573695,73.38055398957137,535.878
822,20,22,-71.07623940890582,73.38054715938219,533.165
823,20,23,-62.08838664989687,73.38054715938219,529.632
824,20,24,-53.096073777359905,73.38054032919302,525.516
825,20,25,-44.099058319579385,73.38054032919302,521.107
826,20,26,-35.09720025767732,73.38054032919302,516.72
827,20,27,-26.090639610531706,73.38054032919302,512.668
828,20,28,-17.07954030268262,73.38054032919302,509.233
829,20,29,-8.064311291706614,73.38054032919302,506.644
830,20,30,0.9545375060860879,73.38054032919302,505.054
831,20,31,9.976388598905833,73.38054032919302,504.529
832,20,32,19.000553204863508,73.38054032919302,505.043
833,20,33,28.026299853387687,73.38054032919302,506.483
834,20,34,37.05285758687581,73.38054032919302,508.661
835,20,35,46.079563876978376,73.38053349900385,511.333
836,20,36,55.10570326137983,73.38053349900385,514.223
837,20,37,64.13066785324405,73.38053349900385,517.054
838,20,38,73.15390782234283,73.38053349900385,519.571
839,20,39,82.1749621309072,73.38051983862552,521.568
840,21,0,84.29836549102663,-97.61944735384257,523.313
841,21,1,75.28426431503732,-97.61946101422092,523.589
842,21,2,66.27335966757957,-97.61946784441008,523.222
843,21,3,57.26579498262597,-97.61946784441008,522.354
844,21,4,48.26166588282488,-97.61946784441008,521.18
845,21,5,39.261040670068006,-97.61946784441008,519.933
846,21,6,30.26392617454452,-97.61946784441008,518.851
847,21,7,21.27031556606525,-97.61946784441008,518.154
848,21,8,12.28013712764391,-97.61946784441008,518.02
849,21,9,3.293267275545208,-97.61946784441008,518.568
850,21,10,-5.690458981987995,-97.61946784441008,519.837
851,21,11,-14.671304393795333,-97.61947467459925,521.787
852,21,12,-23.649586350229804,-97.61947467459925,524.297
853,21,13,-32.62572362726489,-97.61947467459925,527.18
854,21,14,-41.600226781541046,-97.61947467459925,530.192
855,21,15,-50.57367125649586,-97.61947467459925,533.062
856,21,16,-59.54671616538422,-97.61947467459925,535.513
857,21,17,-68.52004794221772,-97.61947467459925,537.291
858,21,18,-77.49445888894009,-97.61948150478842,538.188
859,21,19,-86.47067300560333,-97.6195088255451,538.067
860,21,20,-84.55058388650768,82.38055765511376,536.871
861,21,21,-75.56861875056329,82.38053716454625,534.636
862,21,22,-66.58284919925119,82.38053716454625,531.488
863,21,23,-57.59280394951867,82.38053033435708,527.63
864,21,24,-48.59817222775848,82.38053033435708,523.329
865,21,25,-39.59872180753885,82.38053033435708,518.891
866,21,26,-30.59451757565689,82.38053033435708,514.634
867,21,27,-21.58563466419347,82.38053033435708,510.858
868,21,28,-12.572412875059804,82.38053033435708,507.822
869,21,29,-3.555303000741105,82.38053033435708,505.718
870,21,30,5.465129333721982,82.38053033435708,504.658
871,21,31,14.48822629573502,82.38053033435708,504.661
872,21,32,23.513274557416565,82.38053033435708,505.658
873,21,33,32.5395334701285,82.38053033435708,507.494
874,21,34,41.56623976023106,82.38052350416791,509.952
875,21,35,50.592744559753115,82.38052350416791,512.768
876,21,36,59.61837167996682,82.38052350416791,515.663
877,21,37,68.64253372460355,82.38052350416791,518.366
878,21,38,77.6647355049485,82.38051667397875,520.645
879,21,39,86.6845535492731,82.3804825230329,522.326
880,22,0,88.8065498904235,-88.61934806565179,522.909
881,22,1,79.79092558224927,-88.61945051848934,523.537
882,22,2,70.77840217995825,-88.61945734867851,523.478
883,22,3,61.769150438279645,-88.61946417886767,522.839
884,22,4,52.76329330061854,-88.61946417886767,521.791
885,22,5,43.76091272924498,-88.61946417886767,520.551
886,22,6,34.7620428751048,-88.61946417886767,519.357
887,22,7,25.76668886083988,-88.61946417886767,518.441
888,22,8,16.774799460031453,-88.61946417886767,518.008
889,22,9,7.7862978330513535,-88.61946417886767,518.205
890,22,10,-1.1989774900412677,-88.61946417886767,519.113
891,22,11,-10.181224264567224,-88.61947100905685,520.732
892,22,12,-19.160745046562404,-88.61947100905685,522.982
893,22,13,-28.137905144425698,-88.61947100905685,525.706
894,22,14,-37.11314766667951,-88.61947100905685,528.686
895,22,15,-46.08704293411954,-88.61947100905685,531.662
896,22,16,-55.060200541129205,-88.61947100905685,534.356
897,22,17,-64.03328984624717,-88.61947100905685,536.5
898,22,18,-73.00707241556589,-88.61947783924602,537.86
899,22,19,-81.98229615479949,-88.6194846694352,538.26
900,22,20,-89.04030628457801,91.38068426406123,537.603
901,22,21,-80.06004186573695,91.38054766027783,535.878
902,22,22,-71.07623940890582,91.38054083008865,533.165
903,22,23,-62.08838664989687,91.38054083008865,529.632
904,22,24,-53.096073777359905,91.38053399989948,525.516
905,22,25,-44.099058319579385,91.38053399989948,521.107
906,22,26,-35.09720025767732,91.38053399989948,516.72
907,22,27,-26.090639610531706,91.38053399989948,512.668
908,22,28,-17.07954030268262,91.38053399989948,509.233
909,22,29,-8.064311291706614,91.38053399989948,506.644
910,22,30,0.9545375060860879,91.38053399989948,505.054
911,22,31,9.976388598905833,91.38053399989948,504.529
912,22,32,19.000553204863508,91.38053399989948,505.043
913,22,33,28.026299853387687,91.38053399989948,506.483
914,22,34,37.05285758687581,91.38053399989948,508.661
915,22,35,46.079563876978376,91.38052716971032,511.333
916,22,36,55.10570326137983,91.38052716971032,514.223
917,22,37,64.13066785324405,91.38052716971032,517.054
918,22,38,73.15390782234283,91.38052716971032,519.571
919,22,39,82.1749621309072,91.38051350933198,521.568
920,23,0,84.29836549102663,-79.61944002275777,523.313
921,23,1,75.28426431503732,-79.61945368313611,523.589
922,23,2,66.27335966757957,-79.61946051332528,523.222
923,23,3,57.26579498262597,-79.61946051332528,522.354
924,23,4,48.26166588282488,-79.61946051332528,521.18
925,23,5,39.261040670068006,-79.61946051332528,519.933
926,23,6,30.26392617454452,-79.61946051332528,518.851
927,23,7,21.27031556606525,-79.61946051332528,518.154
928,23,8,12.28013712764391,-79.61946051332528,518.02
929,23,9,3.293267275545208,-79.61946051332528,518.568
930,23,10,-5.690458981987995,-79.61946051332528,519.837
931,23,11,-14.671304393795333,-79.61946734351444,521.787
932,23,12,-23.649586350229804,-79.61946734351444,524.297
933,23,13,-32.62572362726489,-79.61946734351444,527.18
934,23,14,-41.600226781541046,-79.61946734351444,530.192
935,23,15,-50.57367125649586,-79.61946734351444,533.062
936,23,16,-59.54671616538422,-79.61946734351444,535.513
937,23,17,-68.52004794221772,-79.61946734351444,537.291
938,23,18,-77.49445888894009,-79.61947417370362,538.188
939,23,19,-86.47067300560333,-79.6195014944603,538.067
940,23,20,-84.55058388650768,100.38056498619856,536.871
941,23,21,-75.56861875056329,100.38054449563106,534.636
942,23,22,-66.58284919925119,100.38054449563106,531.488
943,23,23,-57.59280394951867,100.38053766544189,527.63
944,23,24,-48.59817222775848,100.38053766544189,523.329
945,23,25,-39.59872180753885,100.38053766544189,518.891
946,23,26,-30.59451757565689,100.38053766544189,514.634
947,23,27,-21.58563466419347,100.38053766544189,510.858
948,23,28,-12.572412875059804,100.38053766544189,507.822
949,23,29,-3.555303000741105,100.38053766544189,505.718
950,23,30,5.465129333721982,100.38053766544189,504.658
951,23,31,14.48822629573502,100.38053766544189,504.661
952,23,32,23.513274557416565,100.38053766544189,505.658
953,23,33,32.5395334701285,100.38053766544189,507.494
954,23,34,41.56623976023106,100.38053083525271,509.952
955,23,35,50.592744559753115,100.38053083525271,512.768
956,23,36,59.61837167996682,100.38053083525271,515.663
957,23,37,68.64253372460355,100.38053083525271,518.366
958,23,38,77.6647355049485,100.38052400506355,520.645
959,23,39,86.6845535492731,100.3804898541177,522.326
960,24,0,88.8065498904235,-70.61934073456699,522.909
961,24,1,79.79092558224927,-70.61944318740454,523.537
962,24,2,70.77840217995825,-70.6194500175937,523.478
963,24,3,61.769150438279645,-70.61945684778287,522.839
964,24,4,52.76329330061854,-70.61945684778287,521.791
965,24,5,43.76091272924498,-70.61945684778287,520.551
966,24,6,34.7620428751048,-70.61945684778287,519.357
967,24,7,25.76668886083988,-70.61945684778287,518.441
968,24,8,16.774799460031453,-70.61945684778287,518.008
969,24,9,7.7862978330513535,-70.61945684778287,518.205
970,24,10,-1.1989774900412677,-70.61945684778287,519.113
971,24,11,-10.181224264567224,-70.61946367797205,520.732
972,24,12,-19.160745046562404,-70.61946367797205,522.982
973,24,13,-28.137905144425698,-70.61946367797205,525.706
974,24,14,-37.11314766667951,-70.61946367797205,528.686
975,24,15,-46.08704293411954,-70.61946367797205,531.662
976,24,16,-55.060200541129205,-70.61946367797205,534.356
977,24,17,-64.03328984624717,-70.61946367797205,536.5
978,24,18,-73.00707241556589,-70.61947050816121,537.86
979,24,19,-81.98229615479949,-70.61947733835039,538.26
980,24,20,-89.04030628457801,109.38069159514603,537.603
981,24,21,-80.06004186573695,109.38055499136263,535.878
982,24,22,-71.07623940890582,109.38054816117345,533.165
983,24,23,-62.08838664989687,109.38054816117345,529.632
984,24,24,-53.096073777359905,109.38054133098429,525.516
985,24,25,-44.099058319579385,109.38054133098429,521.107
986,24,26,-35.09720025767732,109.38054133098429,516.72
987,24,27,-26.090639610531706,109.38054133098429,512.668
988,24,28,-17.07954030268262,109.38054133098429,509.233
989,24,29,-8.064311291706614,109.38054133098429,506.644
990,24,30,0.9545375060860879,109.38054133098429,505.054
991,24,31,9.976388598905833,109.38054133098429,504.529
992,24,32,19.000553204863508,109.38054133098429,505.043
993,24,33,28.026299853387687,109.38054133098429,506.483
994,24,34,37.05285758687581,109.38054133098429,508.661
995,24,35,46.079563876978376,109.38053450079512,511.333
996,24,36,55.10570326137983,109.38053450079512,514.223
997,24,37,64.13066785324405,109.38053450079512,517.054
998,24,38,73.15390782234283,109.38053450079512,519.571
999,24,39,82.1749621309072,109.38052084041678,521.568
1000,25,0,84.29836549102663,-61.619446352051305,523.313
1001,25,1,75.28426431503732,-61.61946001242964,523.589
1002,25,2,66.27335966757957,-61.61946684261881,523.222
1003,25,3,57.26579498262597,-61.61946684261881,522.354
1004,25,4,48.26166588282488,-61.61946684261881,521.18
1005,25,5,39.261040670068006,-61.61946684261881,519.933
1006,25,6,30.26392617454452,-61.61946684261881,518.851
1007,25,7,21.27031556606525,-61.61946684261881,518.154
1008,25,8,12.28013712764391,-61.61946684261881,518.02
1009,25,9,3.293267275545208,-61.61946684261881,518.568
1010,25,10,-5.690458981987995,-61.61946684261881,519.837
1011,25,11,-14.671304393795333,-61.619473672807985,521.787
1012,25,12,-23.649586350229804,-61.619473672807985,524.297
1013,25,13,-32.62572362726489,-61.619473672807985,527.18
1014,25,14,-41.600226781541046,-61.619473672807985,530.192
1015,25,15,-50.57367125649586,-61.619473672807985,533.062
1016,25,16,-59.54671616538422,-61.619473672807985,535.513
1017,25,17,-68.52004794221772,-61.619473672807985,537.291
1018,25,18,-77.49445888894009,-61.619480502997156,538.188
1019,25,19,-86.47067300560333,-61.619507823753835,538.067
1020,25,20,-84.55058388650768,118.38055182671586,536.871
1021,25,21,-75.56861875056329,118.38053816633752,534.636
1022,25,22,-66.58284919925119,118.38053816633752,531.488
1023,25,23,-57.59280394951867,118.38053816633752,527.63
1024,25,24,-48.59817222775848,118.38053816633752,523.329
1025,25,25,-39.59872180753885,118.38053816633752,518.891
1026,25,26,-30.59451757565689,118.38053816633752,514.634
1027,25,27,-21.58563466419347,118.38052450595917,510.858
1028,25,28,-12.572412875059804,118.38052450595917,507.822
1029,25,29,-3.555303000741105,118.38052450595917,505.718
1030,25,30,5.465129333721982,118.38052450595917,504.658
1031,25,31,14.48822629573502,118.38052450595917,504.661
1032,25,32,23.513274557416565,118.38052450595917,505.658
1033,25,33,32.5395334701285,118.38052450595917,507.494
1034,25,34,41.56623976023106,118.38052450595917,509.952
1035,25,35,50.592744559753115,118.38052450595917,512.768
1036,25,36,59.61837167996682,118.38052450595917,515.663
1037,25,37,68.64253372460355,118.38052450595917,518.366
1038,25,38,77.6647355049485,118.38052450595917,520.645
1039,25,39,86.6845535492731,118.38048352482416,522.326
1040,26,0,88.8065498904235,-52.61933340348218,522.909
1041,26,1,79.79092558224927,-52.619439271414315,523.537
1042,26,2,70.77840217995825,-52.61944610160349,523.478
1043,26,3,61.769150438279645,-52.619449516698076,522.839
1044,26,4,52.76329330061854,-52.619449516698076,521.791
1045,26,5,43.76091272924498,-52.619449516698076,520.551
1046,26,6,34.7620428751048,-52.619449516698076,519.357
1047,26,7,25.76668886083988,-52.61945293179266,518.441
1048,26,8,16.774799460031453,-52.61945293179266,518.008
1049,26,9,7.7862978330513535,-52.61945293179266,518.205
1050,26,10,-1.1989774900412677,-52.61945293179266,519.113
1051,26,11,-10.181224264567224,-52.61945293179266,520.732
1052,26,12,-19.160745046562404,-52.61945293179266,522.982
1053,26,13,-28.137905144425698,-52.61945293179266,525.706
1054,26,14,-37.11314766667951,-52.61945293179266,528.686
1055,26,15,-46.08704293411954,-52.61945634688724,531.662
1056,26,16,-55.060200541129205,-52.61945634688724,534.356
1057,26,17,-64.03328984624717,-52.61945634688724,536.5
1058,26,18,-73.00707241556589,-52.61945976198183,537.86
1059,26,19,-81.98229615479949,-52.61947000726558,538.26
1060,26,20,-89.04030628457801,127.38069209604166,537.603
1061,26,21,-80.06004186573695,127.38055549225827,535.878
1062,26,22,-71.07623940890582,127.38055549225827,533.165
1063,26,23,-62.08838664989687,127.38055549225827,529.632
1064,26,24,-53.096073777359905,127.38055549225827,525.516
1065,26,25,-44.099058319579385,127.38055549225827,521.107
1066,26,26,-35.09720025767732,127.38055549225827,516.72
1067,26,27,-26.090639610531706,127.38054183187992,512.668
1068,26,28,-17.07954030268262,127.38054183187992,509.233
1069,26,29,-8.064311291706614,127.38054183187992,506.644
1070,26,30,0.9545375060860879,127.38054183187992,505.054
1071,26,31,9.976388598905833,127.38054183187992,504.529
1072,26,32,19.000553204863508,127.38054183187992,505.043
1073,26,33,28.026299853387687,127.38054183187992,506.483
1074,26,34,37.05285758687581,127.38054183187992,508.661
1075,26,35,46.079563876978376,127.38054183187992,511.333
1076,26,36,55.10570326137983,127.38054183187992,514.223
1077,26,37,64.13066785324405,127.38054183187992,517.054
1078,26,38,73.15390782234283,127.38054183187992,519.571
1079,26,39,82.1749621309072,127.38052817150158,521.568
1080,27,0,84.29836549102663,-43.61945268134484,523.313
1081,27,1,75.28426431503732,-43.61946634172318,523.589
1082,27,2,66.27335966757957,-43.619469756817765,523.222
1083,27,3,57.26579498262597,-43.619473171912354,522.354
1084,27,4,48.26166588282488,-43.619473171912354,521.18
1085,27,5,39.261040670068006,-43.619473171912354,519.933
1086,27,6,30.26392617454452,-43.619473171912354,518.851
1087,27,7,21.27031556606525,-43.619476587006936,518.154
1088,27,8,12.28013712764391,-43.619476587006936,518.02
1089,27,9,3.293267275545208,-43.619476587006936,518.568
1090,27,10,-5.690458981987995,-43.619476587006936,519.837
1091,27,11,-14.671304393795333,-43.619476587006936,521.787
1092,27,12,-23.649586350229804,-43.619476587006936,524.297
1093,27,13,-32.62572362726489,-43.619476587006936,527.18
1094,27,14,-41.600226781541046,-43.61948000210152,530.192
1095,27,15,-50.57367125649586,-43.61948000210152,533.062
1096,27,16,-59.54671616538422,-43.61948000210152,535.513
1097,27,17,-68.52004794221772,-43.61948341719611,537.291
1098,27,18,-77.49445888894009,-43.61948683229069,538.188
1099,27,19,-86.47067300560333,-43.61951756814196,538.067
1100,27,20,-84.55058388650768,136.38054549742233,536.871
1101,27,21,-75.56861875056329,136.38053183704397,534.636
1102,27,22,-66.58284919925119,136.38053183704397,531.488
1103,27,23,-57.59280394951867,136.38053183704397,527.63
1104,27,24,-48.59817222775848,136.38053183704397,523.329
1105,27,25,-39.59872180753885,136.38053183704397,518.891
1106,27,26,-30.59451757565689,136.38053183704397,514.634
1107,27,27,-21.58563466419347,136.38051817666565,510.858
1108,27,28,-12.572412875059804,136.38051817666565,507.822
1109,27,29,-3.555303000741105,136.38051817666565,505.718
1110,27,30,5.465129333721982,136.38051817666565,504.658
1111,27,31,14.48822629573502,136.38051817666565,504.661
1112,27,32,23.513274557416565,136.38051817666565,505.658
1113,27,33,32.5395334701285,136.38051817666565,507.494
1114,27,34,41.56623976023106,136.38051817666565,509.952
1115,27,35,50.592744559753115,136.38051817666565,512.768
1116,27,36,59.61837167996682,136.38051817666565,515.663
1117,27,37,68.64253372460355,136.38051817666565,518.366
1118,27,38,77.6647355049485,136.38051817666565,520.645
1119,27,39,86.6845535492731,136.38047719553063,522.326
1120,28,0,88.8065498904235,-34.61935339315406,522.909
1121,28,1,79.79092558224927,-34.61945926108619,523.537
1122,28,2,70.77840217995825,-34.61946609127536,523.478
1123,28,3,61.769150438279645,-34.61946950636995,522.839
1124,28,4,52.76329330061854,-34.61946950636995,521.791
1125,28,5,43.76091272924498,-34.61946950636995,520.551
1126,28,6,34.7620428751048,-34.61946950636995,519.357
1127,28,7,25.76668886083988,-34.619472921464535,518.441
1128,28,8,16.774799460031453,-34.619472921464535,518.008
1129,28,9,7.7862978330513535,-34.619472921464535,518.205
1130,28,10,-1.1989774900412677,-34.619472921464535,519.113
1131,28,11,-10.181224264567224,-34.619472921464535,520.732
1132,28,12,-19.160745046562404,-34.619472921464535,522.982
1133,28,13,-28.137905144425698,-34.619472921464535,525.706
1134,28,14,-37.11314766667951,-34.619472921464535,528.686
1135,28,15,-46.08704293411954,-34.61947633655912,531.662
1136,28,16,-55.060200541129205,-34.61947633655912,534.356
1137,28,17,-64.03328984624717,-34.61947633655912,536.5
1138,28,18,-73.00707241556589,-34.61947975165371,537.86
1139,28,19,-81.98229615479949,-34.61948999693746,538.26
1140,28,20,-89.04030628457801,145.3806721063698,537.603
1141,28,21,-80.06004186573695,145.38053550258638,535.878
1142,28,22,-71.07623940890582,145.38053550258638,533.165
1143,28,23,-62.08838664989687,145.38053550258638,529.632
1144,28,24,-53.096073777359905,145.38053550258638,525.516
1145,28,25,-44.099058319579385,145.38053550258638,521.107
1146,28,26,-35.09720025767732,145.38053550258638,516.72
1147,28,27,-26.090639610531706,145.38052184220805,512.668
1148,28,28,-17.07954030268262,145.38052184220805,509.233
1149,28,29,-8.064311291706614,145.38052184220805,506.644
1150,28,30,0.9545375060860879,145.38052184220805,505.054
1151,28,31,9.976388598905833,145.38052184220805,504.529
1152,28,32,19.000553204863508,145.38052184220805,505.043
1153,28,33,28.026299853387687,145.38052184220805,506.483
1154,28,34,37.05285758687581,145.38052184220805,508.661
1155,28,35,46.079563876978376,145.38052184220805,511.333
1156,28,36,55.10570326137983,145.38052184220805,514.223
1157,28,37,64.13066785324405,145.38052184220805,517.054
1158,28,38,73.15390782234283,145.38052184220805,519.571
1159,28,39,82.1749621309072,145.3805081818297,521.568
1160,29,0,84.29836549102663,-25.619443642712746,523.313
1161,29,1,75.28426431503732,-25.619459010638376,523.589
1162,29,2,66.27335966757957,-25.619462425732962,523.222
1163,29,3,57.26579498262597,-25.619465840827548,522.354
1164,29,4,48.26166588282488,-25.619465840827548,521.18
1165,29,5,39.261040670068006,-25.61946754837484,519.933
1166,29,6,30.26392617454452,-25.61946754837484,518.851
1167,29,7,21.27031556606525,-25.61946754837484,518.154
1168,29,8,12.28013712764391,-25.619469255922134,518.02
1169,29,9,3.293267275545208,-25.619469255922134,518.568
1170,29,10,-5.690458981987995,-25.619469255922134,519.837
1171,29,11,-14.671304393795333,-25.619469255922134,521.787
1172,29,12,-23.649586350229804,-25.619469255922134,524.297
1173,29,13,-32.62572362726489,-25.619470963469425,527.18
1174,29,14,-41.600226781541046,-25.619470963469425,530.192
1175,29,15,-50.57367125649586,-25.61947267101672,533.062
1176,29,16,-59.54671616538422,-25.61947267101672,535.513
1177,29,17,-68.52004794221772,-25.619476086111302,537.291
1178,29,18,-77.49445888894009,-25.619479501205888,538.188
1179,29,19,-86.47067300560333,-25.619510237057153,538.067
1180,29,20,-84.55058388650768,154.38055282850712,536.871
1181,29,21,-75.56861875056329,154.3805391681288,534.636
1182,29,22,-66.58284919925119,154.3805391681288,531.488
1183,29,23,-57.59280394951867,154.3805391681288,527.63
1184,29,24,-48.59817222775848,154.3805391681288,523.329
1185,29,25,-39.59872180753885,154.3805391681288,518.891
1186,29,26,-30.59451757565689,154.3805391681288,514.634
1187,29,27,-21.58563466419347,154.38052550775043,510.858
1188,29,28,-12.572412875059804,154.38052550775043,507.822
1189,29,29,-3.555303000741105,154.38052550775043,505.718
1190,29,30,5.465129333721982,154.38052550775043,504.658
1191,29,31,14.48822629573502,154.38052550775043,504.661
1192,29,32,23.513274557416565,154.38052550775043,505.658
1193,29,33,32.5395334701285,154.38052550775043,507.494
1194,29,34,41.56623976023106,154.38052550775043,509.952
1195,29,35,50.592744559753115,154.38052550775043,512.768
1196,29,36,59.61837167996682,154.38052550775043,515.663
1197,29,37,68.64253372460355,154.38052550775043,518.366
1198,29,38,77.6647355049485,154.38052550775043,520.645
1199,29,39,86.6845535492731,154.38048452661542,522.326
1200,30,0,88.8065498904235,-16.619344354521964,522.909
1201,30,1,79.79092558224927,-16.61945193000139,523.537
1202,30,2,70.77840217995825,-16.61945876019056,523.478
1203,30,3,61.769150438279645,-16.619460467737852,522.839
1204,30,4,52.76329330061854,-16.619462175285147,521.791
1205,30,5,43.76091272924498,-16.619462175285147,520.551
1206,30,6,34.7620428751048,-16.619463882832438,519.357
1207,30,7,25.76668886083988,-16.619463882832438,518.441
1208,30,8,16.774799460031453,-16.619463882832438,518.008
1209,30,9,7.7862978330513535,-16.619465590379733,518.205
1210,30,10,-1.1989774900412677,-16.619465590379733,519.113
1211,30,11,-10.181224264567224,-16.619465590379733,520.732
1212,30,12,-19.160745046562404,-16.619465590379733,522.982
1213,30,13,-28.137905144425698,-16.619467297927024,525.706
1214,30,14,-37.11314766667951,-16.619467297927024,528.686
1215,30,15,-46.08704293411954,-16.619467297927024,531.662
1216,30,16,-55.060200541129205,-16.619469005474315,534.356
1217,30,17,-64.03328984624717,-16.61947071302161,536.5
1218,30,18,-73.00707241556589,-16.619474128116195,537.86
1219,30,19,-81.98229615479949,-16.619482665852654,538.26
1220,30,20,-89.04030628457801,163.38067943745457,537.603
1221,30,21,-80.06004186573695,163.3805428336712,535.878
1222,30,22,-71.07623940890582,163.3805428336712,533.165
1223,30,23,-62.08838664989687,163.3805428336712,529.632
1224,30,24,-53.096073777359905,163.3805428336712,525.516
1225,30,25,-44.099058319579385,163.3805428336712,521.107
1226,30,26,-35.09720025767732,163.3805428336712,516.72
1227,30,27,-26.090639610531706,163.38052917329284,512.668
1228,30,28,-17.07954030268262,163.38052917329284,509.233
1229,30,29,-8.064311291706614,163.38052917329284,506.644
1230,30,30,0.9545375060860879,163.38052917329284,505.054
1231,30,31,9.976388598905833,163.38052917329284,504.529
1232,30,32,19.000553204863508,163.38052917329284,505.043
1233,30,33,28.026299853387687,163.38052917329284,506.483
1234,30,34,37.05285758687581,163.38052917329284,508.661
1235,30,35,46.079563876978376,163.38052917329284,511.333
1236,30,36,55.10570326137983,163.38052917329284,514.223
1237,30,37,64.13066785324405,163.38052917329284,517.054
1238,30,38,73.15390782234283,163.38052917329284,519.571
1239,30,39,82.1749621309072,163.3805155129145,521.568
1240,31,0,84.29836549102663,-7.6194363116279415,523.313
1241,31,1,75.28426431503732,-7.619451679553574,523.589
1242,31,2,66.27335966757957,-7.619455948421805,523.222
1243,31,3,57.26579498262597,-7.619457655969098,522.354
1244,31,4,48.26166588282488,-7.619458509742745,521.18
1245,31,5,39.261040670068006,-7.61945936351639,519.933
1246,31,6,30.26392617454452,-7.619460217290037,518.851
1247,31,7,21.27031556606525,-7.619461071063683,518.154
1248,31,8,12.28013712764391,-7.619461071063683,518.02
1249,31,9,3.293267275545208,-7.61946192483733,518.568
1250,31,10,-5.690458981987995,-7.61946192483733,519.837
1251,31,11,-14.671304393795333,-7.61946192483733,521.787
1252,31,12,-23.649586350229804,-7.619462778610976,524.297
1253,31,13,-32.62572362726489,-7.619463632384622,527.18
1254,31,14,-41.600226781541046,-7.619463632384622,530.192
1255,31,15,-50.57367125649586,-7.619464486158268,533.062
1256,31,16,-59.54671616538422,-7.619466193705561,535.513
1257,31,17,-68.52004794221772,-7.619467901252853,537.291
1258,31,18,-77.49445888894009,-7.619473023894731,538.188
1259,31,19,-86.47067300560333,-7.619502052198703,538.067
1260,31,20,-84.55058388650768,172.38056015959194,536.871
1261,31,21,-75.56861875056329,172.38054649921358,534.636
1262,31,22,-66.58284919925119,172.38054649921358,531.488
1263,31,23,-57.59280394951867,172.38054649921358,527.63
1264,31,24,-48.59817222775848,172.38054649921358,523.329
1265,31,25,-39.59872180753885,172.38054649921358,518.891
1266,31,26,-30.59451757565689,172.38054649921358,514.634
1267,31,27,-21.58563466419347,172.38053283883525,510.858
1268,31,28,-12.572412875059804,172.38053283883525,507.822
1269,31,29,-3.555303000741105,172.38053283883525,505.718
1270,31,30,5.465129333721982,172.38053283883525,504.658
1271,31,31,14.48822629573502,172.38053283883525,504.661
1272,31,32,23.513274557416565,172.38053283883525,505.658
1273,31,33,32.5395334701285,172.38053283883525,507.494
1274,31,34,41.56623976023106,172.38053283883525,509.952
1275,31,35,50.592744559753115,172.38053283883525,512.768
1276,31,36,59.61837167996682,172.38053283883525,515.663
1277,31,37,68.64253372460355,172.38053283883525,518.366
1278,31,38,77.6647355049485,172.38053283883525,520.645
1279,31,39,86.6845535492731,172.38049185770024,522.326
1280,32,0,88.8065498904235,1.3806623362326054,522.909
1281,32,1,79.79092558224927,1.3805559346919412,523.537
1282,32,2,70.77840217995825,1.380549211224477,523.478
1283,32,3,61.769150438279645,1.3805466499035381,522.839
1284,32,4,52.76329330061854,1.380545369243069,521.791
1285,32,5,43.76091272924498,1.3805444087477168,520.551
1286,32,6,34.7620428751048,1.3805437684174822,519.357
1287,32,7,25.76668886083988,1.3805432348089532,518.441
1288,32,8,16.774799460031453,1.38054280792213,518.008
1289,32,9,7.7862978330513535,1.380542381035307,518.205
1290,32,10,-1.1989774900412677,1.3805419541484838,519.113
1291,32,11,-10.181224264567224,1.3805415272616608,520.732
1292,32,12,-19.160745046562404,1.3805411003748376,522.982
1293,32,13,-28.137905144425698,1.3805406734880143,525.706
1294,32,14,-37.11314766667951,1.3805401398794857,528.686
1295,32,15,-46.08704293411954,1.3805393928275451,531.662
1296,32,16,-55.060200541129205,1.380538432332193,534.356
1297,32,17,-64.03328984624717,1.3805368315066062,536.5
1298,32,18,-73.00707241556589,1.3805338432988445,537.86
1299,32,19,-81.98229615479949,1.380524238345324,538.26
1300,32,20,-89.04030628457801,-178.61930958899492,537.603
1301,32,21,-80.06004186573695,-178.61944619277833,535.878
1302,32,22,-71.07623940890582,-178.61944619277833,533.165
1303,32,23,-62.08838664989687,-178.61945985315668,529.632
1304,32,24,-53.096073777359905,-178.61945985315668,525.516
1305,32,25,-44.099058319579385,-178.61945985315668,521.107
1306,32,26,-35.09720025767732,-178.61945985315668,516.72
1307,32,27,-26.090639610531706,-178.61945985315668,512.668
1308,32,28,-17.07954030268262,-178.61945985315668,509.233
1309,32,29,-8.064311291706614,-178.61945985315668,506.644
1310,32,30,0.9545375060860879,-178.61945985315668,505.054
1311,32,31,9.976388598905833,-178.61945985315668,504.529
1312,32,32,19.000553204863508,-178.61945985315668,505.043
1313,32,33,28.026299853387687,-178.61945985315668,506.483
1314,32,34,37.05285758687581,-178.61945985315668,508.661
1315,32,35,46.079563876978376,-178.61945985315668,511.333
1316,32,36,55.10570326137983,-178.61945985315668,514.223
1317,32,37,64.13066785324405,-178.61945985315668,517.054
1318,32,38,73.15390782234283,-178.61945985315668,519.571
1319,32,39,82.1749621309072,-178.619473513535,521.568
1320,33,0,84.29836549102663,10.38057101945686,523.313
1321,33,1,75.28426431503732,10.380555651531228,523.589
1322,33,2,66.27335966757957,10.380551382662997,523.222
1323,33,3,57.26579498262597,10.380549675115706,522.354
1324,33,4,48.26166588282488,10.380548821342058,521.18
1325,33,5,39.261040670068006,10.380547967568413,519.933
1326,33,6,30.26392617454452,10.380547113794767,518.851
1327,33,7,21.27031556606525,10.38054626002112,518.154
1328,33,8,12.28013712764391,10.38054626002112,518.02
1329,33,9,3.293267275545208,10.380545406247474,518.568
1330,33,10,-5.690458981987995,10.380545406247474,519.837
1331,33,11,-14.671304393795333,10.380545406247474,521.787
1332,33,12,-23.649586350229804,10.380544552473827,524.297
1333,33,13,-32.62572362726489,10.380543698700182,527.18
1334,33,14,-41.600226781541046,10.380543698700182,530.192
1335,33,15,-50.57367125649586,10.380542844926536,533.062
1336,33,16,-59.54671616538422,10.380541137379243,535.513
1337,33,17,-68.52004794221772,10.38053942983195,537.291
1338,33,18,-77.49445888894009,10.380534307190073,538.188
1339,33,19,-86.47067300560333,10.3805052788861,538.067
1340,33,20,-84.55058388650768,-169.6194288668576,536.871
1341,33,21,-75.56861875056329,-169.61944252723595,534.636
1342,33,22,-66.58284919925119,-169.61944252723595,531.488
1343,33,23,-57.59280394951867,-169.61945618761428,527.63
1344,33,24,-48.59817222775848,-169.61945618761428,523.329
1345,33,25,-39.59872180753885,-169.61945618761428,518.891
1346,33,26,-30.59451757565689,-169.61945618761428,514.634
1347,33,27,-21.58563466419347,-169.61945618761428,510.858
1348,33,28,-12.572412875059804,-169.61945618761428,507.822
1349,33,29,-3.555303000741105,-169.61945618761428,505.718
1350,33,30,5.465129333721982,-169.61945618761428,504.658
1351,33,31,14.48822629573502,-169.61945618761428,504.661
1352,33,32,23.513274557416565,-169.61945618761428,505.658
1353,33,33,32.5395334701285,-169.61945618761428,507.494
1354,33,34,41.56623976023106,-169.61945618761428,509.952
1355,33,35,50.592744559753115,-169.61945618761428,512.768
1356,33,36,59.61837167996682,-169.61945618761428,515.663
1357,33,37,68.64253372460355,-169.61945618761428,518.366
1358,33,38,77.6647355049485,-169.6194698479926,520.645
1359,33,39,86.6845535492731,-169.6194971687493,522.326
1360,34,0,88.8065498904235,19.38064298689096,522.909
1361,34,1,79.79092558224927,19.380535411411536,523.537
1362,34,2,70.77840217995825,19.380528581222364,523.478
1363,34,3,61.769150438279645,19.380526873675073,522.839
1364,34,4,52.76329330061854,19.380525166127782,521.791
1365,34,5,43.76091272924498,19.380525166127782,520.551
1366,34,6,34.7620428751048,19.380523458580488,519.357
1367,34,7,25.76668886083988,19.380523458580488,518.441
1368,34,8,16.774799460031453,19.380523458580488,518.008
1369,34,9,7.7862978330513535,19.380521751033196,518.205
1370,34,10,-1.1989774900412677,19.380521751033196,519.113
1371,34,11,-10.181224264567224,19.380521751033196,520.732
1372,34,12,-19.160745046562404,19.380521751033196,522.982
1373,34,13,-28.137905144425698,19.3805200434859,525.706
1374,34,14,-37.11314766667951,19.3805200434859,528.686
1375,34,15,-46.08704293411954,19.3805200434859,531.662
1376,34,16,-55.060200541129205,19.38051833593861,534.356
1377,34,17,-64.03328984624717,19.38051662839132,536.5
1378,34,18,-73.00707241556589,19.380513213296734,537.86
1379,34,19,-81.98229615479949,19.38050467556027,538.26
1380,34,20,-89.04030628457801,-160.61932957866682,537.603
1381,34,21,-80.06004186573695,-160.61946618245022,535.878
1382,34,22,-71.07623940890582,-160.61946618245022,533.165
1383,34,23,-62.08838664989687,-160.61947984282855,529.632
1384,34,24,-53.096073777359905,-160.61947984282855,525.516
1385,34,25,-44.099058319579385,-160.61947984282855,521.107
1386,34,26,-35.09720025767732,-160.61947984282855,516.72
1387,34,27,-26.090639610531706,-160.61947984282855,512.668
1388,34,28,-17.07954030268262,-160.61947984282855,509.233
1389,34,29,-8.064311291706614,-160.61947984282855,506.644
1390,34,30,0.9545375060860879,-160.61947984282855,505.054
1391,34,31,9.976388598905833,-160.61947984282855,504.529
1392,34,32,19.000553204863508,-160.61947984282855,505.043
1393,34,33,28.026299853387687,-160.61947984282855,506.483
1394,34,34,37.05285758687581,-160.61947984282855,508.661
1395,34,35,46.079563876978376,-160.61947984282855,511.333
1396,34,36,55.10570326137983,-160.61947984282855,514.223
1397,34,37,64.13066785324405,-160.61947984282855,517.054
1398,34,38,73.15390782234283,-160.61947984282855,519.571
1399,34,39,82.1749621309072,-160.61949350320688,521.568
1400,35,0,84.29836549102663,28.380551029784986,523.313
1401,35,1,75.28426431503732,28.38053566185935,523.589
1402,35,2,66.27335966757957,28.380532246764766,523.222
1403,35,3,57.26579498262597,28.380528831670183,522.354
1404,35,4,48.26166588282488,28.380528831670183,521.18
1405,35,5,39.261040670068006,28.38052712412289,519.933
1406,35,6,30.26392617454452,28.38052712412289,518.851
1407,35,7,21.27031556606525,28.38052712412289,518.154
1408,35,8,12.28013712764391,28.380525416575598,518.02
1409,35,9,3.293267275545208,28.380525416575598,518.568
1410,35,10,-5.690458981987995,28.380525416575598,519.837
1411,35,11,-14.671304393795333,28.380525416575598,521.787
1412,35,12,-23.649586350229804,28.380525416575598,524.297
1413,35,13,-32.62572362726489,28.380523709028306,527.18
1414,35,14,-41.600226781541046,28.380523709028306,530.192
1415,35,15,-50.57367125649586,28.380522001481012,533.062
1416,35,16,-59.54671616538422,28.380522001481012,535.513
1417,35,17,-68.52004794221772,28.380518586386426,537.291
1418,35,18,-77.49445888894009,28.380515171291844,538.188
1419,35,19,-86.47067300560333,28.38048443544058,538.067
1420,35,20,-84.55058388650768,-151.61944885652946,536.871
1421,35,21,-75.56861875056329,-151.61946251690782,534.636
1422,35,22,-66.58284919925119,-151.61946251690782,531.488
1423,35,23,-57.59280394951867,-151.61947617728615,527.63
1424,35,24,-48.59817222775848,-151.61947617728615,523.329
1425,35,25,-39.59872180753885,-151.61947617728615,518.891
1426,35,26,-30.59451757565689,-151.61947617728615,514.634
1427,35,27,-21.58563466419347,-151.61947617728615,510.858
1428,35,28,-12.572412875059804,-151.61947617728615,507.822
1429,35,29,-3.555303000741105,-151.61947617728615,505.718
1430,35,30,5.465129333721982,-151.61947617728615,504.658
1431,35,31,14.48822629573502,-151.61947617728615,504.661
1432,35,32,23.513274557416565,-151.61947617728615,505.658
1433,35,33,32.5395334701285,-151.61947617728615,507.494
1434,35,34,41.56623976023106,-151.61947617728615,509.952
1435,35,35,50.592744559753115,-151.61947617728615,512.768
1436,35,36,59.61837167996682,-151.61947617728615,515.663
1437,35,37,68.64253372460355,-151.61947617728615,518.366
1438,35,38,77.6647355049485,-151.6194898376645,520.645
1439,35,39,86.6845535492731,-151.61951715842116,522.326
1440,36,0,88.8065498904235,37.38064861042847,522.909
1441,36,1,79.79092558224927,37.38054274249634,523.537
1442,36,2,70.77840217995825,37.38053591230717,523.478
1443,36,3,61.769150438279645,37.380532497212585,522.839
1444,36,4,52.76329330061854,37.380532497212585,521.791
1445,36,5,43.76091272924498,37.380532497212585,520.551
1446,36,6,34.7620428751048,37.380532497212585,519.357
1447,36,7,25.76668886083988,37.380529082118,518.441
1448,36,8,16.774799460031453,37.380529082118,518.008
1449,36,9,7.7862978330513535,37.380529082118,518.205
1450,36,10,-1.1989774900412677,37.380529082118,519.113
1451,36,11,-10.181224264567224,37.380529082118,520.732
1452,36,12,-19.160745046562404,37.380529082118,522.982
1453,36,13,-28.137905144425698,37.380529082118,525.706
1454,36,14,-37.11314766667951,37.380529082118,528.686
1455,36,15,-46.08704293411954,37.38052566702341,531.662
1456,36,16,-55.060200541129205,37.38052566702341,534.356
1457,36,17,-64.03328984624717,37.38052566702341,536.5
1458,36,18,-73.00707241556589,37.38052225192883,537.86
1459,36,19,-81.98229615479949,37.38051200664508,538.26
1460,36,20,-89.04030628457801,-142.619322247582,537.603
1461,36,21,-80.06004186573695,-142.6194588513654,535.878
1462,36,22,-71.07623940890582,-142.6194588513654,533.165
1463,36,23,-62.08838664989687,-142.61947251174374,529.632
1464,36,24,-53.096073777359905,-142.61947251174374,525.516
1465,36,25,-44.099058319579385,-142.61947251174374,521.107
1466,36,26,-35.09720025767732,-142.61947251174374,516.72
1467,36,27,-26.090639610531706,-142.61947251174374,512.668
1468,36,28,-17.07954030268262,-142.61947251174374,509.233
1469,36,29,-8.064311291706614,-142.61947251174374,506.644
1470,36,30,0.9545375060860879,-142.61947251174374,505.054
1471,36,31,9.976388598905833,-142.61947251174374,504.529
1472,36,32,19.000553204863508,-142.61947251174374,505.043
1473,36,33,28.026299853387687,-142.61947251174374,506.483
1474,36,34,37.05285758687581,-142.61947251174374,508.661
1475,36,35,46.079563876978376,-142.61947251174374,511.333
1476,36,36,55.10570326137983,-142.61947251174374,514.223
1477,36,37,64.13066785324405,-142.61947251174374,517.054
1478,36,38,73.15390782234283,-142.61947251174374,519.571
1479,36,39,82.1749621309072,-142.6194861721221,521.568
1480,37,0,84.29836549102663,46.38055665332249,523.313
1481,37,1,75.28426431503732,46.38054299294416,523.589
1482,37,2,66.27335966757957,46.38053957784957,523.222
1483,37,3,57.26579498262597,46.380536162754986,522.354
1484,37,4,48.26166588282488,46.380536162754986,521.18
1485,37,5,39.261040670068006,46.380536162754986,519.933
1486,37,6,30.26392617454452,46.380536162754986,518.851
1487,37,7,21.27031556606525,46.3805327476604,518.154
1488,37,8,12.28013712764391,46.3805327476604,518.02
1489,37,9,3.293267275545208,46.3805327476604,518.568
1490,37,10,-5.690458981987995,46.3805327476604,519.837
1491,37,11,-14.671304393795333,46.3805327476604,521.787
1492,37,12,-23.649586350229804,46.3805327476604,524.297
1493,37,13,-32.62572362726489,46.3805327476604,527.18
1494,37,14,-41.600226781541046,46.380529332565814,530.192
1495,37,15,-50.57367125649586,46.380529332565814,533.062
1496,37,16,-59.54671616538422,46.380529332565814,535.513
1497,37,17,-68.52004794221772,46.38052591747123,537.291
1498,37,18,-77.49445888894009,46.38052250237664,538.188
1499,37,19,-86.47067300560333,46.38049176652538,538.067
1500,37,20,-84.55058388650768,-133.61944152544467,536.871
1501,37,21,-75.56861875056329,-133.619455185823,534.636
1502,37,22,-66.58284919925119,-133.619455185823,531.488
1503,37,23,-57.59280394951867,-133.61946884620136,527.63
1504,37,24,-48.59817222775848,-133.61946884620136,523.329
1505,37,25,-39.59872180753885,-133.61946884620136,518.891
1506,37,26,-30.59451757565689,-133.61946884620136,514.634
1507,37,27,-21.58563466419347,-133.61946884620136,510.858
1508,37,28,-12.572412875059804,-133.61946884620136,507.822
1509,37,29,-3.555303000741105,-133.61946884620136,505.718
1510,37,30,5.465129333721982,-133.61946884620136,504.658
1511,37,31,14.48822629573502,-133.61946884620136,504.661
1512,37,32,23.513274557416565,-133.61946884620136,505.658
1513,37,33,32.5395334701285,-133.61946884620136,507.494
1514,37,34,41.56623976023106,-133.61946884620136,509.952
1515,37,35,50.592744559753115,-133.61946884620136,512.768
1516,37,36,59.61837167996682,-133.61946884620136,515.663
1517,37,37,68.64253372460355,-133.61946884620136,518.366
1518,37,38,77.6647355049485,-133.6194825065797,520.645
1519,37,39,86.6845535492731,-133.61950982733637,522.326
1520,38,0,88.8065498904235,55.380655941513275,522.909
1521,38,1,79.79092558224927,55.38055007358114,523.537
1522,38,2,70.77840217995825,55.38054324339197,523.478
1523,38,3,61.769150438279645,55.38053982829739,522.839
1524,38,4,52.76329330061854,55.38053982829739,521.791
1525,38,5,43.76091272924498,55.38053982829739,520.551
1526,38,6,34.7620428751048,55.38053982829739,519.357
1527,38,7,25.76668886083988,55.380536413202805,518.441
1528,38,8,16.774799460031453,55.380536413202805,518.008
1529,38,9,7.7862978330513535,55.380536413202805,518.205
1530,38,10,-1.1989774900412677,55.380536413202805,519.113
1531,38,11,-10.181224264567224,55.380536413202805,520.732
1532,38,12,-19.160745046562404,55.380536413202805,522.982
1533,38,13,-28.137905144425698,55.380536413202805,525.706
1534,38,14,-37.11314766667951,55.380536413202805,528.686
1535,38,15,-46.08704293411954,55.380532998108215,531.662
1536,38,16,-55.060200541129205,55.380532998108215,534.356
1537,38,17,-64.03328984624717,55.380532998108215,536.5
1538,38,18,-73.00707241556589,55.38052958301363,537.86
1539,38,19,-81.98229615479949,55.38051933772988,538.26
1540,38,20,-89.04030628457801,-124.6193149164972,537.603
1541,38,21,-80.06004186573695,-124.6194515202806,535.878
1542,38,22,-71.07623940890582,-124.6194515202806,533.165
1543,38,23,-62.08838664989687,-124.61946518065895,529.632
1544,38,24,-53.096073777359905,-124.61946518065895,525.516
1545,38,25,-44.099058319579385,-124.61946518065895,521.107
1546,38,26,-35.09720025767732,-124.61946518065895,516.72
1547,38,27,-26.090639610531706,-124.61946518065895,512.668
1548,38,28,-17.07954030268262,-124.61946518065895,509.233
1549,38,29,-8.064311291706614,-124.61946518065895,506.644
1550,38,30,0.9545375060860879,-124.61946518065895,505.054
1551,38,31,9.976388598905833,-124.61946518065895,504.529
1552,38,32,19.000553204863508,-124.61946518065895,505.043
1553,38,33,28.026299853387687,-124.61946518065895,506.483
1554,38,34,37.05285758687581,-124.61946518065895,508.661
1555,38,35,46.079563876978376,-124.61946518065895,511.333
1556,38,36,55.10570326137983,-124.61946518065895,514.223
1557,38,37,64.13066785324405,-124.61946518065895,517.054
1558,38,38,73.15390782234283,-124.61946518065895,519.571
1559,38,39,82.1749621309072,-124.61947884103729,521.568
1560,39,0,84.29836549102663,64.3805639844073,523.313
1561,39,1,75.28426431503732,64.38055032402896,523.589
1562,39,2,66.27335966757957,64.3805434938398,523.222
1563,39,3,57.26579498262597,64.3805434938398,522.354
1564,39,4,48.26166588282488,64.3805434938398,521.18
1565,39,5,39.261040670068006,64.3805434938398,519.933
1566,39,6,30.26392617454452,64.3805434938398,518.851
1567,39,7,21.27031556606525,64.3805434938398,518.154
1568,39,8,12.28013712764391,64.3805434938398,518.02
1569,39,9,3.293267275545208,64.3805434938398,518.568
1570,39,10,-5.690458981987995,64.3805434938398,519.837
1571,39,11,-14.671304393795333,64.38053666365062,521.787
1572,39,12,-23.649586350229804,64.38053666365062,524.297
1573,39,13,-32.62572362726489,64.38053666365062,527.18
1574,39,14,-41.600226781541046,64.38053666365062,530.192
1575,39,15,-50.57367125649586,64.38053666365062,533.062
1576,39,16,-59.54671616538422,64.38053666365062,535.513
1577,39,17,-68.52004794221772,64.38053666365062,537.291
1578,39,18,-77.49445888894009,64.38052983346145,538.188
1579,39,19,-86.47067300560333,64.38050251270477,538.067
1580,39,20,-84.55058388650768,-115.61943419435987,536.871
1581,39,21,-75.56861875056329,-115.6194478547382,534.636
1582,39,22,-66.58284919925119,-115.6194478547382,531.488
1583,39,23,-57.59280394951867,-115.61946151511654,527.63
1584,39,24,-48.59817222775848,-115.61946151511654,523.329
1585,39,25,-39.59872180753885,-115.61946151511654,518.891
1586,39,26,-30.59451757565689,-115.61946151511654,514.634
1587,39,27,-21.58563466419347,-115.61946151511654,510.858
1588,39,28,-12.572412875059804,-115.61946151511654,507.822
1589,39,29,-3.555303000741105,-115.61946151511654,505.718
1590,39,30,5.465129333721982,-115.61946151511654,504.658
1591,39,31,14.48822629573502,-115.61946151511654,504.661
1592,39,32,23.513274557416565,-115.61946151511654,505.658
1593,39,33,32.5395334701285,-115.61946151511654,507.494
1594,39,34,41.56623976023106,-115.61946151511654,509.952
1595,39,35,50.592744559753115,-115.61946151511654,512.768
1596,39,36,59.61837167996682,-115.61946151511654,515.663
1597,39,37,68.64253372460355,-115.61946151511654,518.366
1598,39,38,77.6647355049485,-115.61947517549488,520.645
1599,39,39,86.6845535492731,-115.61950249625157,522.326
