0,0,0,83.58831951547961,-106.1181219644952,521.824
1,0,1,87.3936228077688,73.881958176542,523.054
2,0,2,78.37846295245815,73.88191719540697,523.571
3,0,3,69.3664449841657,73.8819103652178,523.412
4,0,4,60.35771233686402,73.8819103652178,522.697
5,0,5,51.35239819924193,73.88190353502864,521.603
6,0,6,42.35056404300197,73.88190353502864,520.354
7,0,7,33.35224743418456,73.88190353502864,519.189
8,0,8,24.357434712411365,73.88190353502864,518.337
9,0,9,15.366088311641956,73.88190353502864,517.994
10,0,10,6.378095960641845,73.88190353502864,518.299
11,0,11,-2.606682786353775,73.88190353502864,519.321
12,0,12,-11.588486559079032,73.88190353502864,521.046
13,0,13,-20.567610336328706,73.88190353502864,523.383
14,0,14,-29.54442380209162,73.88190353502864,526.163
15,0,15,-38.51942897527177,73.88190353502864,529.16
16,0,16,-47.49316373326631,73.88190353502864,532.111
17,0,17,-56.46624962328969,73.88189670483946,534.736
18,0,18,-65.43941406048853,73.88189670483946,536.771
19,0,19,-74.4133673845365,73.88189670483946,537.99
20,0,20,-83.38887799171523,73.88188304446113,538.229
21,0,21,-87.63332829669041,-106.118033172036,537.403
22,0,22,-78.65253795328326,-106.11808781354935,535.515
23,0,23,-69.66813443980516,-106.11808781354935,532.661
24,0,24,-60.67961232225755,-106.11809464373853,529.019
25,0,25,-51.68658569495231,-106.11809464373853,524.837
26,0,26,-42.68879159560641,-106.11809464373853,520.411
27,0,27,-33.686223194030674,-106.11809464373853,516.056
28,0,28,-24.678911226076355,-106.11809464373853,512.083
29,0,29,-15.667137437046732,-106.11809464373853,508.767
30,0,30,-6.651303527442355,-106.11809464373853,506.326
31,0,31,2.368058601755155,-106.11809464373853,504.901
32,0,32,11.390319719368513,-106.11809464373853,504.543
33,0,33,20.414781438555085,-106.11809464373853,505.212
34,0,34,29.440680058788296,-106.1181014739277,506.781
35,0,35,38.467335122472086,-106.1181014739277,509.054
36,0,36,47.493993601250466,-106.1181014739277,511.778
37,0,37,56.519992966773934,-106.1181014739277,514.677
38,0,38,65.54472191711179,-106.1181014739277,517.474
39,0,39,74.56764769750875,-106.11810830411687,519.922
40,1,0,88.09769236779206,-97.11817294046617,522.528
41,1,1,82.88566380461455,82.88192086094938,523.401
42,1,2,73.87205440224548,82.88191403076021,523.57
43,1,3,64.8616620189755,82.88190720057104,523.114
44,1,4,55.85462667368256,82.88190720057104,522.184
45,1,5,46.85104398901507,82.88190720057104,520.983
46,1,6,37.85096177629721,82.88190720057104,519.746
47,1,7,28.85440394119108,82.88190720057104,518.71
48,1,8,19.861336332750827,82.88190720057104,518.091
49,1,9,10.87167955002735,82.88190037038187,518.059
50,1,10,1.8853217486729872,82.88190037038187,518.719
51,1,11,-7.09794069632689,82.88190037038187,520.1
52,1,12,-16.078354098669227,82.88190037038187,522.147
53,1,13,-25.056270639983097,82.88190037038187,524.73
54,1,14,-34.03212104907304,82.88190037038187,527.65
55,1,15,-43.00641588257952,82.88190037038187,530.659
56,1,16,-51.979751074507604,82.88190037038187,533.481
57,1,17,-60.95277890792304,82.88190037038187,535.842
58,1,18,-69.92624728853994,82.88189354019269,537.495
59,1,19,-78.90088363150491,82.88189354019269,538.24
60,1,20,-87.8774324274375,82.88183889867933,537.951
61,1,21,-83.14335318162078,-97.11807731781778,536.588
62,1,22,-74.16082797016445,-97.11809097819612,534.2
63,1,23,-65.17441638107037,-97.11809097819612,530.925
64,1,24,-56.183684697326264,-97.11809097819612,526.978
65,1,25,-47.18828116418987,-97.11809097819612,522.635
66,1,26,-38.188120404296555,-97.1180978083853,518.204
67,1,27,-29.18314436103838,-97.1180978083853,514.003
68,1,28,-20.173559647637745,-97.1180978083853,510.327
69,1,29,-11.15969667449574,-97.1180978083853,507.427
70,1,30,-2.1420265112216885,-97.1180978083853,505.481
71,1,31,6.8788692088879015,-97.1180978083853,504.589
72,1,32,15.90232134073778,-97.1180978083853,504.755
73,1,33,24.927608659040278,-97.1180978083853,505.895
74,1,34,33.953963194400586,-97.1180978083853,507.844
75,1,35,42.980707050543586,-97.1180978083853,510.376
76,1,36,52.00711622741726,-97.1180978083853,513.223
77,1,37,61.03254868723962,-97.11810463857447,516.105
78,1,38,70.05643752430956,-97.11810463857447,518.755
79,1,39,79.07829096500683,-97.11811146876363,520.951
80,2,0,83.58831951547961,-88.11812146359958,521.824
81,2,1,87.3936228077688,91.88195867743762,523.054
82,2,2,78.37846295245815,91.88191769630261,523.571
83,2,3,69.3664449841657,91.88191086611344,523.412
84,2,4,60.35771233686402,91.88191086611344,522.697
85,2,5,51.35239819924193,91.88190403592426,521.603
86,2,6,42.35056404300197,91.88190403592426,520.354
87,2,7,33.35224743418456,91.88190403592426,519.189
88,2,8,24.357434712411365,91.88190403592426,518.337
89,2,9,15.366088311641956,91.88190403592426,517.994
90,2,10,6.378095960641845,91.88190403592426,518.299
91,2,11,-2.606682786353775,91.88190403592426,519.321
92,2,12,-11.588486559079032,91.88190403592426,521.046
93,2,13,-20.567610336328706,91.88190403592426,523.383
94,2,14,-29.54442380209162,91.88190403592426,526.163
95,2,15,-38.51942897527177,91.88190403592426,529.16
96,2,16,-47.49316373326631,91.88190403592426,532.111
97,2,17,-56.46624962328969,91.8818972057351,534.736
98,2,18,-65.43941406048853,91.8818972057351,536.771
99,2,19,-74.4133673845365,91.8818972057351,537.99
100,2,20,-83.38887799171523,91.88188354535676,538.229
101,2,21,-87.63332829669041,-88.11803267114037,537.403
102,2,22,-78.65253795328326,-88.11808731265373,535.515
103,2,23,-69.66813443980516,-88.11808731265373,532.661
104,2,24,-60.67961232225755,-88.11809414284289,529.019
105,2,25,-51.68658569495231,-88.11809414284289,524.837
106,2,26,-42.68879159560641,-88.11809414284289,520.411
107,2,27,-33.686223194030674,-88.11809414284289,516.056
108,2,28,-24.678911226076355,-88.11809414284289,512.083
109,2,29,-15.667137437046732,-88.11809414284289,508.767
110,2,30,-6.651303527442355,-88.11809414284289,506.326
111,2,31,2.368058601755155,-88.11809414284289,504.901
112,2,32,11.390319719368513,-88.11809414284289,504.543
113,2,33,20.414781438555085,-88.11809414284289,505.212
114,2,34,29.440680058788296,-88.11810097303206,506.781
115,2,35,38.467335122472086,-88.11810097303206,509.054
116,2,36,47.493993601250466,-88.11810097303206,511.778
117,2,37,56.519992966773934,-88.11810097303206,514.677
118,2,38,65.54472191711179,-88.11810097303206,517.474
119,2,39,74.56764769750875,-88.11810780322124,519.922
120,3,0,88.09769236779206,-79.11817243957053,522.528
121,3,1,82.88566380461455,100.88192136184502,523.401
122,3,2,73.87205440224548,100.88191453165584,523.57
123,3,3,64.8616620189755,100.88190770146667,523.114
124,3,4,55.85462667368256,100.88190770146667,522.184
125,3,5,46.85104398901507,100.88190770146667,520.983
126,3,6,37.85096177629721,100.88190770146667,519.746
127,3,7,28.85440394119108,100.88190770146667,518.71
128,3,8,19.861336332750827,100.88190770146667,518.091
129,3,9,10.87167955002735,100.88190087127751,518.059
130,3,10,1.8853217486729872,100.88190087127751,518.719
131,3,11,-7.09794069632689,100.88190087127751,520.1
132,3,12,-16.078354098669227,100.88190087127751,522.147
133,3,13,-25.056270639983097,100.88190087127751,524.73
134,3,14,-34.03212104907304,100.88190087127751,527.65
135,3,15,-43.00641588257952,100.88190087127751,530.659
136,3,16,-51.979751074507604,100.88190087127751,533.481
137,3,17,-60.95277890792304,100.88190087127751,535.842
138,3,18,-69.92624728853994,100.88189404108833,537.495
139,3,19,-78.90088363150491,100.88189404108833,538.24
140,3,20,-87.8774324274375,100.88183939957497,537.951
141,3,21,-83.14335318162078,-79.11807681692216,536.588
142,3,22,-74.16082797016445,-79.1180904773005,534.2
143,3,23,-65.17441638107037,-79.1180904773005,530.925
144,3,24,-56.183684697326264,-79.1180904773005,526.978
145,3,25,-47.18828116418987,-79.1180904773005,522.635
146,3,26,-38.188120404296555,-79.11809730748966,518.204
147,3,27,-29.18314436103838,-79.11809730748966,514.003
148,3,28,-20.173559647637745,-79.11809730748966,510.327
149,3,29,-11.15969667449574,-79.11809730748966,507.427
150,3,30,-2.1420265112216885,-79.11809730748966,505.481
151,3,31,6.8788692088879015,-79.11809730748966,504.589
152,3,32,15.90232134073778,-79.11809730748966,504.755
153,3,33,24.927608659040278,-79.11809730748966,505.895
154,3,34,33.953963194400586,-79.11809730748966,507.844
155,3,35,42.980707050543586,-79.11809730748966,510.376
156,3,36,52.00711622741726,-79.11809730748966,513.223
157,3,37,61.03254868723962,-79.11810413767883,516.105
158,3,38,70.05643752430956,-79.11810413767883,518.755
159,3,39,79.07829096500683,-79.118110967868,520.951
160,4,0,83.58831951547961,-70.11812096270394,521.824
161,4,1,87.3936228077688,109.88195917833326,523.054
162,4,2,78.37846295245815,109.88191819719825,523.571
163,4,3,69.3664449841657,109.88191136700907,523.412
164,4,4,60.35771233686402,109.88191136700907,522.697
165,4,5,51.35239819924193,109.8819045368199,521.603
166,4,6,42.35056404300197,109.8819045368199,520.354
167,4,7,33.35224743418456,109.8819045368199,519.189
168,4,8,24.357434712411365,109.8819045368199,518.337
169,4,9,15.366088311641956,109.8819045368199,517.994
170,4,10,6.378095960641845,109.8819045368199,518.299
171,4,11,-2.606682786353775,109.8819045368199,519.321
172,4,12,-11.588486559079032,109.8819045368199,521.046
173,4,13,-20.567610336328706,109.8819045368199,523.383
174,4,14,-29.54442380209162,109.8819045368199,526.163
175,4,15,-38.51942897527177,109.8819045368199,529.16
176,4,16,-47.49316373326631,109.8819045368199,532.111
177,4,17,-56.46624962328969,109.88189770663074,534.736
178,4,18,-65.43941406048853,109.88189770663074,536.771
179,4,19,-74.4133673845365,109.88189770663074,537.99
180,4,20,-83.38887799171523,109.8818840462524,538.229
181,4,21,-87.63332829669041,-70.11803217024473,537.403
182,4,22,-78.65253795328326,-70.11808681175809,535.515
183,4,23,-69.66813443980516,-70.11808681175809,532.661
184,4,24,-60.67961232225755,-70.11809364194725,529.019
185,4,25,-51.68658569495231,-70.11809364194725,524.837
186,4,26,-42.68879159560641,-70.11809364194725,520.411
187,4,27,-33.686223194030674,-70.11809364194725,516.056
188,4,28,-24.678911226076355,-70.11809364194725,512.083
189,4,29,-15.667137437046732,-70.11809364194725,508.767
190,4,30,-6.651303527442355,-70.11809364194725,506.326
191,4,31,2.368058601755155,-70.11809364194725,504.901
192,4,32,11.390319719368513,-70.11809364194725,504.543
193,4,33,20.414781438555085,-70.11809364194725,505.212
194,4,34,29.440680058788296,-70.11810047213643,506.781
195,4,35,38.467335122472086,-70.11810047213643,509.054
196,4,36,47.493993601250466,-70.11810047213643,511.778
197,4,37,56.519992966773934,-70.11810047213643,514.677
198,4,38,65.54472191711179,-70.11810047213643,517.474
199,4,39,74.56764769750875,-70.1181073023256,519.922
200,5,0,88.09769236779206,-61.1181719386749,522.528
201,5,1,82.88566380461455,118.88192869292982,523.401
202,5,2,73.87205440224548,118.88191503255148,523.57
203,5,3,64.8616620189755,118.88191503255148,523.114
204,5,4,55.85462667368256,118.88190137217313,522.184
205,5,5,46.85104398901507,118.88190137217313,520.983
206,5,6,37.85096177629721,118.88190137217313,519.746
207,5,7,28.85440394119108,118.88190137217313,518.71
208,5,8,19.861336332750827,118.88190137217313,518.091
209,5,9,10.87167955002735,118.88190137217313,518.059
210,5,10,1.8853217486729872,118.88190137217313,518.719
211,5,11,-7.09794069632689,118.88190137217313,520.1
212,5,12,-16.078354098669227,118.88190137217313,522.147
213,5,13,-25.056270639983097,118.88190137217313,524.73
214,5,14,-34.03212104907304,118.88190137217313,527.65
215,5,15,-43.00641588257952,118.88190137217313,530.659
216,5,16,-51.979751074507604,118.88190137217313,533.481
217,5,17,-60.95277890792304,118.88190137217313,535.842
218,5,18,-69.92624728853994,118.88190137217313,537.495
219,5,19,-78.90088363150491,118.88188771179479,538.24
220,5,20,-87.8774324274375,118.88183307028143,537.951
221,5,21,-83.14335318162078,-61.11807631602652,536.588
222,5,22,-74.16082797016445,-61.11808997640486,534.2
223,5,23,-65.17441638107037,-61.11808997640486,530.925
224,5,24,-56.183684697326264,-61.11808997640486,526.978
225,5,25,-47.18828116418987,-61.11808997640486,522.635
226,5,26,-38.188120404296555,-61.11809680659403,518.204
227,5,27,-29.18314436103838,-61.11809680659403,514.003
228,5,28,-20.173559647637745,-61.11809680659403,510.327
229,5,29,-11.15969667449574,-61.11809680659403,507.427
230,5,30,-2.1420265112216885,-61.11809680659403,505.481
231,5,31,6.8788692088879015,-61.11809680659403,504.589
232,5,32,15.90232134073778,-61.11809680659403,504.755
233,5,33,24.927608659040278,-61.11809680659403,505.895
234,5,34,33.953963194400586,-61.11809680659403,507.844
235,5,35,42.980707050543586,-61.11809680659403,510.376
236,5,36,52.00711622741726,-61.11809680659403,513.223
237,5,37,61.03254868723962,-61.1181036367832,516.105
238,5,38,70.05643752430956,-61.1181036367832,518.755
239,5,39,79.07829096500683,-61.11811046697237,520.951
240,6,0,83.58831951547961,-52.11811704671372,521.824
241,6,1,87.3936228077688,127.8819596792289,523.054
242,6,2,78.37846295245815,127.88191869809388,523.571
243,6,3,69.3664449841657,127.88190503771554,523.412
244,6,4,60.35771233686402,127.88190503771554,522.697
245,6,5,51.35239819924193,127.88190503771554,521.603
246,6,6,42.35056404300197,127.88190503771554,520.354
247,6,7,33.35224743418456,127.88190503771554,519.189
248,6,8,24.357434712411365,127.88190503771554,518.337
249,6,9,15.366088311641956,127.88190503771554,517.994
250,6,10,6.378095960641845,127.88190503771554,518.299
251,6,11,-2.606682786353775,127.88190503771554,519.321
252,6,12,-11.588486559079032,127.88190503771554,521.046
253,6,13,-20.567610336328706,127.88190503771554,523.383
254,6,14,-29.54442380209162,127.88190503771554,526.163
255,6,15,-38.51942897527177,127.88190503771554,529.16
256,6,16,-47.49316373326631,127.88190503771554,532.111
257,6,17,-56.46624962328969,127.88190503771554,534.736
258,6,18,-65.43941406048853,127.88190503771554,536.771
259,6,19,-74.4133673845365,127.8818913773372,537.99
260,6,20,-83.38887799171523,127.88187771695885,538.229
261,6,21,-87.63332829669041,-52.11803508444368,537.403
262,6,22,-78.65253795328326,-52.11808289576787,535.515
263,6,23,-69.66813443980516,-52.11808972595704,532.661
264,6,24,-60.67961232225755,-52.11808972595704,529.019
265,6,25,-51.68658569495231,-52.118093141051624,524.837
266,6,26,-42.68879159560641,-52.118093141051624,520.411
267,6,27,-33.686223194030674,-52.118093141051624,516.056
268,6,28,-24.678911226076355,-52.118093141051624,512.083
269,6,29,-15.667137437046732,-52.118093141051624,508.767
270,6,30,-6.651303527442355,-52.11809655614621,506.326
271,6,31,2.368058601755155,-52.11809655614621,504.901
272,6,32,11.390319719368513,-52.11809655614621,504.543
273,6,33,20.414781438555085,-52.11809655614621,505.212
274,6,34,29.440680058788296,-52.11809655614621,506.781
275,6,35,38.467335122472086,-52.11809655614621,509.054
276,6,36,47.493993601250466,-52.118099971240795,511.778
277,6,37,56.519992966773934,-52.118099971240795,514.677
278,6,38,65.54472191711179,-52.118099971240795,517.474
279,6,39,74.56764769750875,-52.118103386335385,519.922
280,7,0,88.09769236779206,-43.11817485287385,522.528
281,7,1,82.88566380461455,136.88192236363628,523.401
282,7,2,73.87205440224548,136.88190870325795,523.57
283,7,3,64.8616620189755,136.88190870325795,523.114
284,7,4,55.85462667368256,136.88190870325795,522.184
285,7,5,46.85104398901507,136.88190870325795,520.983
286,7,6,37.85096177629721,136.88190870325795,519.746
287,7,7,28.85440394119108,136.88190870325795,518.71
288,7,8,19.861336332750827,136.88190870325795,518.091
289,7,9,10.87167955002735,136.8818950428796,518.059
290,7,10,1.8853217486729872,136.8818950428796,518.719
291,7,11,-7.09794069632689,136.8818950428796,520.1
292,7,12,-16.078354098669227,136.8818950428796,522.147
293,7,13,-25.056270639983097,136.8818950428796,524.73
294,7,14,-34.03212104907304,136.8818950428796,527.65
295,7,15,-43.00641588257952,136.8818950428796,530.659
296,7,16,-51.979751074507604,136.8818950428796,533.481
297,7,17,-60.95277890792304,136.8818950428796,535.842
298,7,18,-69.92624728853994,136.8818950428796,537.495
299,7,19,-78.90088363150491,136.8818950428796,538.24
300,7,20,-87.8774324274375,136.88184040136625,537.951
301,7,21,-83.14335318162078,-43.11807923022547,536.588
302,7,22,-74.16082797016445,-43.11808947550922,534.2
303,7,23,-65.17441638107037,-43.11809289060381,530.925
304,7,24,-56.183684697326264,-43.118096305698394,526.978
305,7,25,-47.18828116418987,-43.118096305698394,522.635
306,7,26,-38.188120404296555,-43.118096305698394,518.204
307,7,27,-29.18314436103838,-43.118096305698394,514.003
308,7,28,-20.173559647637745,-43.118096305698394,510.327
309,7,29,-11.15969667449574,-43.11809972079298,507.427
310,7,30,-2.1420265112216885,-43.11809972079298,505.481
311,7,31,6.8788692088879015,-43.11809972079298,504.589
312,7,32,15.90232134073778,-43.11809972079298,504.755
313,7,33,24.927608659040278,-43.11809972079298,505.895
314,7,34,33.953963194400586,-43.11809972079298,507.844
315,7,35,42.980707050543586,-43.11809972079298,510.376
316,7,36,52.00711622741726,-43.118103135887566,513.223
317,7,37,61.03254868723962,-43.118103135887566,516.105
318,7,38,70.05643752430956,-43.11810655098215,518.755
319,7,39,79.07829096500683,-43.11811338117132,520.951
320,8,0,83.58831951547961,-34.11811654581809,521.824
321,8,1,87.3936228077688,145.88195334993537,523.054
322,8,2,78.37846295245815,145.88191236880033,523.571
323,8,3,69.3664449841657,145.88191236880033,523.412
324,8,4,60.35771233686402,145.88191236880033,522.697
325,8,5,51.35239819924193,145.88191236880033,521.603
326,8,6,42.35056404300197,145.88191236880033,520.354
327,8,7,33.35224743418456,145.88191236880033,519.189
328,8,8,24.357434712411365,145.88191236880033,518.337
329,8,9,15.366088311641956,145.88191236880033,517.994
330,8,10,6.378095960641845,145.881898708422,518.299
331,8,11,-2.606682786353775,145.881898708422,519.321
332,8,12,-11.588486559079032,145.881898708422,521.046
333,8,13,-20.567610336328706,145.881898708422,523.383
334,8,14,-29.54442380209162,145.881898708422,526.163
335,8,15,-38.51942897527177,145.881898708422,529.16
336,8,16,-47.49316373326631,145.881898708422,532.111
337,8,17,-56.46624962328969,145.881898708422,534.736
338,8,18,-65.43941406048853,145.881898708422,536.771
339,8,19,-74.4133673845365,145.881898708422,537.99
340,8,20,-83.38887799171523,145.88188504804367,538.229
341,8,21,-87.63332829669041,-34.118034583548045,537.403
342,8,22,-78.65253795328326,-34.11808239487224,535.515
343,8,23,-69.66813443980516,-34.11808922506141,532.661
344,8,24,-60.67961232225755,-34.11808922506141,529.019
345,8,25,-51.68658569495231,-34.11809264015599,524.837
346,8,26,-42.68879159560641,-34.11809264015599,520.411
347,8,27,-33.686223194030674,-34.11809264015599,516.056
348,8,28,-24.678911226076355,-34.11809264015599,512.083
349,8,29,-15.667137437046732,-34.11809264015599,508.767
350,8,30,-6.651303527442355,-34.118096055250575,506.326
351,8,31,2.368058601755155,-34.118096055250575,504.901
352,8,32,11.390319719368513,-34.118096055250575,504.543
353,8,33,20.414781438555085,-34.118096055250575,505.212
354,8,34,29.440680058788296,-34.118096055250575,506.781
355,8,35,38.467335122472086,-34.118096055250575,509.054
356,8,36,47.493993601250466,-34.118099470345165,511.778
357,8,37,56.519992966773934,-34.118099470345165,514.677
358,8,38,65.54472191711179,-34.118099470345165,517.474
359,8,39,74.56764769750875,-34.11810288543975,519.922
360,9,0,88.09769236779206,-25.118174351978215,522.528
361,9,1,82.88566380461455,154.88191603434274,523.401
362,9,2,73.87205440224548,154.88191603434274,523.57
363,9,3,64.8616620189755,154.8819023739644,523.114
364,9,4,55.85462667368256,154.8819023739644,522.184
365,9,5,46.85104398901507,154.8819023739644,520.983
366,9,6,37.85096177629721,154.8819023739644,519.746
367,9,7,28.85440394119108,154.8819023739644,518.71
368,9,8,19.861336332750827,154.8819023739644,518.091
369,9,9,10.87167955002735,154.8819023739644,518.059
370,9,10,1.8853217486729872,154.8819023739644,518.719
371,9,11,-7.09794069632689,154.8819023739644,520.1
372,9,12,-16.078354098669227,154.8819023739644,522.147
373,9,13,-25.056270639983097,154.8819023739644,524.73
374,9,14,-34.03212104907304,154.8819023739644,527.65
375,9,15,-43.00641588257952,154.8819023739644,530.659
376,9,16,-51.979751074507604,154.8819023739644,533.481
377,9,17,-60.95277890792304,154.8819023739644,535.842
378,9,18,-69.92624728853994,154.88188871358605,537.495
379,9,19,-78.90088363150491,154.88188871358605,538.24
380,9,20,-87.8774324274375,154.8818340720727,537.951
381,9,21,-83.14335318162078,-25.118077021782543,536.588
382,9,22,-74.16082797016445,-25.118088974613592,534.2
383,9,23,-65.17441638107037,-25.118092389708178,530.925
384,9,24,-56.183684697326264,-25.11809409725547,526.978
385,9,25,-47.18828116418987,-25.118095804802763,522.635
386,9,26,-38.188120404296555,-25.118095804802763,518.204
387,9,27,-29.18314436103838,-25.118097512350055,514.003
388,9,28,-20.173559647637745,-25.118097512350055,510.327
389,9,29,-11.15969667449574,-25.118097512350055,507.427
390,9,30,-2.1420265112216885,-25.118097512350055,505.481
391,9,31,6.8788692088879015,-25.118099219897346,504.589
392,9,32,15.90232134073778,-25.118099219897346,504.755
393,9,33,24.927608659040278,-25.118099219897346,505.895
394,9,34,33.953963194400586,-25.118099219897346,507.844
395,9,35,42.980707050543586,-25.11810092744464,510.376
396,9,36,52.00711622741726,-25.11810092744464,513.223
397,9,37,61.03254868723962,-25.11810263499193,516.105
398,9,38,70.05643752430956,-25.118104342539226,518.755
399,9,39,79.07829096500683,-25.118111172728394,520.951
400,10,0,83.58831951547961,-16.118116044922456,521.824
401,10,1,87.3936228077688,163.88196068102016,523.054
402,10,2,78.37846295245815,163.88191969988515,523.571
403,10,3,69.3664449841657,163.88190603950682,523.412
404,10,4,60.35771233686402,163.88190603950682,522.697
405,10,5,51.35239819924193,163.88190603950682,521.603
406,10,6,42.35056404300197,163.88190603950682,520.354
407,10,7,33.35224743418456,163.88190603950682,519.189
408,10,8,24.357434712411365,163.88190603950682,518.337
409,10,9,15.366088311641956,163.88190603950682,517.994
410,10,10,6.378095960641845,163.88190603950682,518.299
411,10,11,-2.606682786353775,163.88190603950682,519.321
412,10,12,-11.588486559079032,163.88190603950682,521.046
413,10,13,-20.567610336328706,163.88190603950682,523.383
414,10,14,-29.54442380209162,163.88190603950682,526.163
415,10,15,-38.51942897527177,163.88190603950682,529.16
416,10,16,-47.49316373326631,163.88190603950682,532.111
417,10,17,-56.46624962328969,163.88190603950682,534.736
418,10,18,-65.43941406048853,163.88190603950682,536.771
419,10,19,-74.4133673845365,163.88189237912846,537.99
420,10,20,-83.38887799171523,163.88187871875013,538.229
421,10,21,-87.63332829669041,-16.118034082652414,537.403
422,10,22,-78.65253795328326,-16.118081893976605,535.515
423,10,23,-69.66813443980516,-16.11808701661848,532.661
424,10,24,-60.67961232225755,-16.118090431713068,529.019
425,10,25,-51.68658569495231,-16.11809213926036,524.837
426,10,26,-42.68879159560641,-16.11809213926036,520.411
427,10,27,-33.686223194030674,-16.11809213926036,516.056
428,10,28,-24.678911226076355,-16.118093846807653,512.083
429,10,29,-15.667137437046732,-16.118093846807653,508.767
430,10,30,-6.651303527442355,-16.118093846807653,506.326
431,10,31,2.368058601755155,-16.118093846807653,504.901
432,10,32,11.390319719368513,-16.118095554354944,504.543
433,10,33,20.414781438555085,-16.118095554354944,505.212
434,10,34,29.440680058788296,-16.118095554354944,506.781
435,10,35,38.467335122472086,-16.11809726190224,509.054
436,10,36,47.493993601250466,-16.11809726190224,511.778
437,10,37,56.519992966773934,-16.11809896944953,514.677
438,10,38,65.54472191711179,-16.11810067699682,517.474
439,10,39,74.56764769750875,-16.118104092091407,519.922
440,11,0,88.09769236779206,-7.118172997308937,522.528
441,11,1,82.88566380461455,172.88192336542755,523.401
442,11,2,73.87205440224548,172.8819097050492,523.57
443,11,3,64.8616620189755,172.8819097050492,523.114
444,11,4,55.85462667368256,172.8819097050492,522.184
445,11,5,46.85104398901507,172.8819097050492,520.983
446,11,6,37.85096177629721,172.8819097050492,519.746
447,11,7,28.85440394119108,172.8819097050492,518.71
448,11,8,19.861336332750827,172.8819097050492,518.091
449,11,9,10.87167955002735,172.88189604467087,518.059
450,11,10,1.8853217486729872,172.88189604467087,518.719
451,11,11,-7.09794069632689,172.88189604467087,520.1
452,11,12,-16.078354098669227,172.88189604467087,522.147
453,11,13,-25.056270639983097,172.88189604467087,524.73
454,11,14,-34.03212104907304,172.88189604467087,527.65
455,11,15,-43.00641588257952,172.88189604467087,530.659
456,11,16,-51.979751074507604,172.88189604467087,533.481
457,11,17,-60.95277890792304,172.88189604467087,535.842
458,11,18,-69.92624728853994,172.88189604467087,537.495
459,11,19,-78.90088363150491,172.88189604467087,538.24
460,11,20,-87.8774324274375,172.8818414031575,537.951
461,11,21,-83.14335318162078,-7.1180769477737345,536.588
462,11,22,-74.16082797016445,-7.118088900604781,534.2
463,11,23,-65.17441638107037,-7.118092315699367,530.925
464,11,24,-56.183684697326264,-7.118094023246659,526.978
465,11,25,-47.18828116418987,-7.118094877020305,522.635
466,11,26,-38.188120404296555,-7.118095730793952,518.204
467,11,27,-29.18314436103838,-7.118096157680775,514.003
468,11,28,-20.173559647637745,-7.118096584567597,510.327
469,11,29,-11.15969667449574,-7.118097011454421,507.427
470,11,30,-2.1420265112216885,-7.118097438341244,505.481
471,11,31,6.8788692088879015,-7.1180978652280675,504.589
472,11,32,15.90232134073778,-7.11809829211489,504.755
473,11,33,24.927608659040278,-7.118098719001713,505.895
474,11,34,33.953963194400586,-7.1180995727753595,507.844
475,11,35,42.980707050543586,-7.118099999662183,510.376
476,11,36,52.00711622741726,-7.118100853435829,513.223
477,11,37,61.03254868723962,-7.118102134096299,516.105
478,11,38,70.05643752430956,-7.118104695417237,518.755
479,11,39,79.07829096500683,-7.118110671832761,520.951
480,12,0,83.58831951547961,1.881883602199532,521.824
481,12,1,87.3936228077688,-178.1180420058077,523.054
482,12,2,78.37846295245815,-178.1180829869427,523.571
483,12,3,69.3664449841657,-178.1180829869427,523.412
484,12,4,60.35771233686402,-178.1180829869427,522.697
485,12,5,51.35239819924193,-178.11809664732107,521.603
486,12,6,42.35056404300197,-178.11809664732107,520.354
487,12,7,33.35224743418456,-178.11809664732107,519.189
488,12,8,24.357434712411365,-178.11809664732107,518.337
489,12,9,15.366088311641956,-178.11809664732107,517.994
490,12,10,6.378095960641845,-178.11809664732107,518.299
491,12,11,-2.606682786353775,-178.11809664732107,519.321
492,12,12,-11.588486559079032,-178.11809664732107,521.046
493,12,13,-20.567610336328706,-178.11809664732107,523.383
494,12,14,-29.54442380209162,-178.11809664732107,526.163
495,12,15,-38.51942897527177,-178.11809664732107,529.16
496,12,16,-47.49316373326631,-178.11809664732107,532.111
497,12,17,-56.46624962328969,-178.11809664732107,534.736
498,12,18,-65.43941406048853,-178.11809664732107,536.771
499,12,19,-74.4133673845365,-178.11809664732107,537.99
500,12,20,-83.38887799171523,-178.1181103076994,538.229
501,12,21,-87.63332829669041,1.88196663168663,537.403
502,12,22,-78.65253795328326,1.8819183934756167,535.515
503,12,23,-69.66813443980516,1.8819126305035045,532.661
504,12,24,-60.67961232225755,1.8819104960693889,529.019
505,12,25,-51.68658569495231,1.8819092154089194,524.837
506,12,26,-42.68879159560641,1.8819083616352732,520.411
507,12,27,-33.686223194030674,1.8819077213050386,516.056
508,12,28,-24.678911226076355,1.881907080974804,512.083
509,12,29,-15.667137437046732,1.8819066540879807,508.767
510,12,30,-6.651303527442355,1.8819062272011575,506.326
511,12,31,2.368058601755155,1.8819058003143345,504.901
512,12,32,11.390319719368513,1.8819053734275113,504.543
513,12,33,20.414781438555085,1.8819049465406883,505.212
514,12,34,29.440680058788296,1.881904519653865,506.781
515,12,35,38.467335122472086,1.8819038793236305,509.054
516,12,36,47.493993601250466,1.8819032389933958,511.778
517,12,37,56.519992966773934,1.881902171776338,514.677
518,12,38,65.54472191711179,1.8819004642290453,517.474
519,12,39,74.56764769750875,1.8818968356910488,519.922
520,13,0,88.09769236779206,10.881834333775865,522.528
521,13,1,82.88566380461455,-169.11806566102197,523.401
522,13,2,73.87205440224548,-169.11807932140033,523.57
523,13,3,64.8616620189755,-169.11807932140033,523.114
524,13,4,55.85462667368256,-169.11809298177866,522.184
525,13,5,46.85104398901507,-169.11809298177866,520.983
526,13,6,37.85096177629721,-169.11809298177866,519.746
527,13,7,28.85440394119108,-169.11809298177866,518.71
528,13,8,19.861336332750827,-169.11809298177866,518.091
529,13,9,10.87167955002735,-169.11809298177866,518.059
530,13,10,1.8853217486729872,-169.11809298177866,518.719
531,13,11,-7.09794069632689,-169.11809298177866,520.1
532,13,12,-16.078354098669227,-169.11809298177866,522.147
533,13,13,-25.056270639983097,-169.11809298177866,524.73
534,13,14,-34.03212104907304,-169.11809298177866,527.65
535,13,15,-43.00641588257952,-169.11809298177866,530.659
536,13,16,-51.979751074507604,-169.11809298177866,533.481
537,13,17,-60.95277890792304,-169.11809298177866,535.842
538,13,18,-69.92624728853994,-169.11809298177866,537.495
539,13,19,-78.90088363150491,-169.118106642157,538.24
540,13,20,-87.8774324274375,-169.11816128367036,537.951
541,13,21,-83.14335318162078,10.881930810197893,536.588
542,13,22,-74.16082797016445,10.881918857366845,534.2
543,13,23,-65.17441638107037,10.88191544227226,530.925
544,13,24,-56.183684697326264,10.881913734724968,526.978
545,13,25,-47.18828116418987,10.881912027177675,522.635
546,13,26,-38.188120404296555,10.881912027177675,518.204
547,13,27,-29.18314436103838,10.88191117340403,514.003
548,13,28,-20.173559647637745,10.881910319630382,510.327
549,13,29,-11.15969667449574,10.881910319630382,507.427
550,13,30,-2.1420265112216885,10.881909465856737,505.481
551,13,31,6.8788692088879015,10.881909465856737,504.589
552,13,32,15.90232134073778,10.88190861208309,504.755
553,13,33,24.927608659040278,10.88190861208309,505.895
554,13,34,33.953963194400586,10.881907758309444,507.844
555,13,35,42.980707050543586,10.881906904535798,510.376
556,13,36,52.00711622741726,10.88190605076215,513.223
557,13,37,61.03254868723962,10.881905196988505,516.105
558,13,38,70.05643752430956,10.881902635667567,518.755
559,13,39,79.07829096500683,10.881896659252043,520.951
560,14,0,83.58831951547961,19.88187812667964,521.824
561,14,1,87.3936228077688,-160.11804833510124,523.054
562,14,2,78.37846295245815,-160.11808931623625,523.571
563,14,3,69.3664449841657,-160.11808931623625,523.412
564,14,4,60.35771233686402,-160.11808931623625,522.697
565,14,5,51.35239819924193,-160.1181029766146,521.603
566,14,6,42.35056404300197,-160.1181029766146,520.354
567,14,7,33.35224743418456,-160.1181029766146,519.189
568,14,8,24.357434712411365,-160.1181029766146,518.337
569,14,9,15.366088311641956,-160.1181029766146,517.994
570,14,10,6.378095960641845,-160.1181029766146,518.299
571,14,11,-2.606682786353775,-160.1181029766146,519.321
572,14,12,-11.588486559079032,-160.1181029766146,521.046
573,14,13,-20.567610336328706,-160.1181029766146,523.383
574,14,14,-29.54442380209162,-160.1181029766146,526.163
575,14,15,-38.51942897527177,-160.1181029766146,529.16
576,14,16,-47.49316373326631,-160.1181029766146,532.111
577,14,17,-56.46624962328969,-160.1181029766146,534.736
578,14,18,-65.43941406048853,-160.1181029766146,536.771
579,14,19,-74.4133673845365,-160.1181029766146,537.99
580,14,20,-83.38887799171523,-160.11811663699294,538.229
581,14,21,-87.63332829669041,19.881960088949683,537.403
582,14,22,-78.65253795328326,19.881912277625492,535.515
583,14,23,-69.66813443980516,19.881907154983615,532.661
584,14,24,-60.67961232225755,19.88190373988903,529.019
585,14,25,-51.68658569495231,19.88190203234174,524.837
586,14,26,-42.68879159560641,19.88190203234174,520.411
587,14,27,-33.686223194030674,19.88190203234174,516.056
588,14,28,-24.678911226076355,19.881900324794444,512.083
589,14,29,-15.667137437046732,19.881900324794444,508.767
590,14,30,-6.651303527442355,19.881900324794444,506.326
591,14,31,2.368058601755155,19.881900324794444,504.901
592,14,32,11.390319719368513,19.881898617247153,504.543
593,14,33,20.414781438555085,19.881898617247153,505.212
594,14,34,29.440680058788296,19.881898617247153,506.781
595,14,35,38.467335122472086,19.881896909699858,509.054
596,14,36,47.493993601250466,19.881896909699858,511.778
597,14,37,56.519992966773934,19.881895202152567,514.677
598,14,38,65.54472191711179,19.881893494605276,517.474
599,14,39,74.56764769750875,19.88189007951069,519.922
600,15,0,88.09769236779206,28.881827150708684,522.528
601,15,1,82.88566380461455,-151.1180719903155,523.401
602,15,2,73.87205440224548,-151.11808565069384,523.57
603,15,3,64.8616620189755,-151.11808565069384,523.114
604,15,4,55.85462667368256,-151.1180993110722,522.184
605,15,5,46.85104398901507,-151.1180993110722,520.983
606,15,6,37.85096177629721,-151.1180993110722,519.746
607,15,7,28.85440394119108,-151.1180993110722,518.71
608,15,8,19.861336332750827,-151.1180993110722,518.091
609,15,9,10.87167955002735,-151.1180993110722,518.059
610,15,10,1.8853217486729872,-151.1180993110722,518.719
611,15,11,-7.09794069632689,-151.1180993110722,520.1
612,15,12,-16.078354098669227,-151.1180993110722,522.147
613,15,13,-25.056270639983097,-151.1180993110722,524.73
614,15,14,-34.03212104907304,-151.1180993110722,527.65
615,15,15,-43.00641588257952,-151.1180993110722,530.659
616,15,16,-51.979751074507604,-151.1180993110722,533.481
617,15,17,-60.95277890792304,-151.1180993110722,535.842
618,15,18,-69.92624728853994,-151.1180993110722,537.495
619,15,19,-78.90088363150491,-151.11811297145053,538.24
620,15,20,-87.8774324274375,-151.1181676129639,537.951
621,15,21,-83.14335318162078,28.881922773357065,536.588
622,15,22,-74.16082797016445,28.881912528073308,534.2
623,15,23,-65.17441638107037,28.88190911297872,530.925
624,15,24,-56.183684697326264,28.88190569788414,526.978
625,15,25,-47.18828116418987,28.88190569788414,522.635
626,15,26,-38.188120404296555,28.88190569788414,518.204
627,15,27,-29.18314436103838,28.88190569788414,514.003
628,15,28,-20.173559647637745,28.88190569788414,510.327
629,15,29,-11.15969667449574,28.881902282789554,507.427
630,15,30,-2.1420265112216885,28.881902282789554,505.481
631,15,31,6.8788692088879015,28.881902282789554,504.589
632,15,32,15.90232134073778,28.881902282789554,504.755
633,15,33,24.927608659040278,28.881902282789554,505.895
634,15,34,33.953963194400586,28.881902282789554,507.844
635,15,35,42.980707050543586,28.881902282789554,510.376
636,15,36,52.00711622741726,28.881898867694968,513.223
637,15,37,61.03254868723962,28.881898867694968,516.105
638,15,38,70.05643752430956,28.881895452600382,518.755
639,15,39,79.07829096500683,28.881888622411214,520.951
640,16,0,83.58831951547961,37.88188545776445,521.824
641,16,1,87.3936228077688,-142.11804100401645,523.054
642,16,2,78.37846295245815,-142.11808198515146,523.571
643,16,3,69.3664449841657,-142.11808198515146,523.412
644,16,4,60.35771233686402,-142.11808198515146,522.697
645,16,5,51.35239819924193,-142.1180956455298,521.603
646,16,6,42.35056404300197,-142.1180956455298,520.354
647,16,7,33.35224743418456,-142.1180956455298,519.189
648,16,8,24.357434712411365,-142.1180956455298,518.337
649,16,9,15.366088311641956,-142.1180956455298,517.994
650,16,10,6.378095960641845,-142.1180956455298,518.299
651,16,11,-2.606682786353775,-142.1180956455298,519.321
652,16,12,-11.588486559079032,-142.1180956455298,521.046
653,16,13,-20.567610336328706,-142.1180956455298,523.383
654,16,14,-29.54442380209162,-142.1180956455298,526.163
655,16,15,-38.51942897527177,-142.1180956455298,529.16
656,16,16,-47.49316373326631,-142.1180956455298,532.111
657,16,17,-56.46624962328969,-142.1180956455298,534.736
658,16,18,-65.43941406048853,-142.1180956455298,536.771
659,16,19,-74.4133673845365,-142.1180956455298,537.99
660,16,20,-83.38887799171523,-142.11810930590812,538.229
661,16,21,-87.63332829669041,37.881967420034485,537.403
662,16,22,-78.65253795328326,37.8819196087103,535.515
663,16,23,-69.66813443980516,37.88191277852113,532.661
664,16,24,-60.67961232225755,37.88191277852113,529.019
665,16,25,-51.68658569495231,37.88190936342654,524.837
666,16,26,-42.68879159560641,37.88190936342654,520.411
667,16,27,-33.686223194030674,37.88190936342654,516.056
668,16,28,-24.678911226076355,37.88190936342654,512.083
669,16,29,-15.667137437046732,37.88190936342654,508.767
670,16,30,-6.651303527442355,37.881905948331955,506.326
671,16,31,2.368058601755155,37.881905948331955,504.901
672,16,32,11.390319719368513,37.881905948331955,504.543
673,16,33,20.414781438555085,37.881905948331955,505.212
674,16,34,29.440680058788296,37.881905948331955,506.781
675,16,35,38.467335122472086,37.881905948331955,509.054
676,16,36,47.493993601250466,37.88190253323737,511.778
677,16,37,56.519992966773934,37.88190253323737,514.677
678,16,38,65.54472191711179,37.88190253323737,517.474
679,16,39,74.56764769750875,37.88189911814278,519.922
680,17,0,88.09769236779206,46.88182082141515,522.528
681,17,1,82.88566380461455,-133.11807831960905,523.401
682,17,2,73.87205440224548,-133.11809197998738,523.57
683,17,3,64.8616620189755,-133.11809197998738,523.114
684,17,4,55.85462667368256,-133.11810564036574,522.184
685,17,5,46.85104398901507,-133.11810564036574,520.983
686,17,6,37.85096177629721,-133.11810564036574,519.746
687,17,7,28.85440394119108,-133.11810564036574,518.71
688,17,8,19.861336332750827,-133.11810564036574,518.091
689,17,9,10.87167955002735,-133.11810564036574,518.059
690,17,10,1.8853217486729872,-133.11810564036574,518.719
691,17,11,-7.09794069632689,-133.11810564036574,520.1
692,17,12,-16.078354098669227,-133.11810564036574,522.147
693,17,13,-25.056270639983097,-133.11810564036574,524.73
694,17,14,-34.03212104907304,-133.11810564036574,527.65
695,17,15,-43.00641588257952,-133.11810564036574,530.659
696,17,16,-51.979751074507604,-133.11810564036574,533.481
697,17,17,-60.95277890792304,-133.11810564036574,535.842
698,17,18,-69.92624728853994,-133.11810564036574,537.495
699,17,19,-78.90088363150491,-133.11811930074407,538.24
700,17,20,-87.8774324274375,-133.11817394225744,537.951
701,17,21,-83.14335318162078,46.88191644406353,536.588
702,17,22,-74.16082797016445,46.881906198779774,534.2
703,17,23,-65.17441638107037,46.881902783685184,530.925
704,17,24,-56.183684697326264,46.8818993685906,526.978
705,17,25,-47.18828116418987,46.8818993685906,522.635
706,17,26,-38.188120404296555,46.8818993685906,518.204
707,17,27,-29.18314436103838,46.8818993685906,514.003
708,17,28,-20.173559647637745,46.8818993685906,510.327
709,17,29,-11.15969667449574,46.88189595349602,507.427
710,17,30,-2.1420265112216885,46.88189595349602,505.481
711,17,31,6.8788692088879015,46.88189595349602,504.589
712,17,32,15.90232134073778,46.88189595349602,504.755
713,17,33,24.927608659040278,46.88189595349602,505.895
714,17,34,33.953963194400586,46.88189595349602,507.844
715,17,35,42.980707050543586,46.88189595349602,510.376
716,17,36,52.00711622741726,46.88189253840143,513.223
717,17,37,61.03254868723962,46.88189253840143,516.105
718,17,38,70.05643752430956,46.88188912330685,518.755
719,17,39,79.07829096500683,46.88188229311768,520.951
720,18,0,83.58831951547961,55.881879128470906,521.824
721,18,1,87.3936228077688,-124.11804733330997,523.054
722,18,2,78.37846295245815,-124.11808831444499,523.571
723,18,3,69.3664449841657,-124.11808831444499,523.412
724,18,4,60.35771233686402,-124.11808831444499,522.697
725,18,5,51.35239819924193,-124.11810197482333,521.603
726,18,6,42.35056404300197,-124.11810197482333,520.354
727,18,7,33.35224743418456,-124.11810197482333,519.189
728,18,8,24.357434712411365,-124.11810197482333,518.337
729,18,9,15.366088311641956,-124.11810197482333,517.994
730,18,10,6.378095960641845,-124.11810197482333,518.299
731,18,11,-2.606682786353775,-124.11810197482333,519.321
732,18,12,-11.588486559079032,-124.11810197482333,521.046
733,18,13,-20.567610336328706,-124.11810197482333,523.383
734,18,14,-29.54442380209162,-124.11810197482333,526.163
735,18,15,-38.51942897527177,-124.11810197482333,529.16
736,18,16,-47.49316373326631,-124.11810197482333,532.111
737,18,17,-56.46624962328969,-124.11810197482333,534.736
738,18,18,-65.43941406048853,-124.11810197482333,536.771
739,18,19,-74.4133673845365,-124.11810197482333,537.99
740,18,20,-83.38887799171523,-124.11811563520168,538.229
741,18,21,-87.63332829669041,55.88196109074095,537.403
742,18,22,-78.65253795328326,55.88191327941676,535.515
743,18,23,-69.66813443980516,55.881906449227586,532.661
744,18,24,-60.67961232225755,55.881906449227586,529.019
745,18,25,-51.68658569495231,55.881903034133,524.837
746,18,26,-42.68879159560641,55.881903034133,520.411
747,18,27,-33.686223194030674,55.881903034133,516.056
748,18,28,-24.678911226076355,55.881903034133,512.083
749,18,29,-15.667137437046732,55.881903034133,508.767
750,18,30,-6.651303527442355,55.88189961903842,506.326
751,18,31,2.368058601755155,55.88189961903842,504.901
752,18,32,11.390319719368513,55.88189961903842,504.543
753,18,33,20.414781438555085,55.88189961903842,505.212
754,18,34,29.440680058788296,55.88189961903842,506.781
755,18,35,38.467335122472086,55.88189961903842,509.054
756,18,36,47.493993601250466,55.88189620394383,511.778
757,18,37,56.519992966773934,55.88189620394383,514.677
758,18,38,65.54472191711179,55.88189620394383,517.474
759,18,39,74.56764769750875,55.88189278884925,519.922
760,19,0,88.09769236779206,64.88183156759453,522.528
761,19,1,82.88566380461455,-115.11807098852425,523.401
762,19,2,73.87205440224548,-115.1180846489026,523.57
763,19,3,64.8616620189755,-115.1180846489026,523.114
764,19,4,55.85462667368256,-115.11809830928092,522.184
765,19,5,46.85104398901507,-115.11809830928092,520.983
766,19,6,37.85096177629721,-115.11809830928092,519.746
767,19,7,28.85440394119108,-115.11809830928092,518.71
768,19,8,19.861336332750827,-115.11809830928092,518.091
769,19,9,10.87167955002735,-115.11809830928092,518.059
770,19,10,1.8853217486729872,-115.11809830928092,518.719
771,19,11,-7.09794069632689,-115.11809830928092,520.1
772,19,12,-16.078354098669227,-115.11809830928092,522.147
773,19,13,-25.056270639983097,-115.11809830928092,524.73
774,19,14,-34.03212104907304,-115.11809830928092,527.65
775,19,15,-43.00641588257952,-115.11809830928092,530.659
776,19,16,-51.979751074507604,-115.11809830928092,533.481
777,19,17,-60.95277890792304,-115.11809830928092,535.842
778,19,18,-69.92624728853994,-115.11809830928092,537.495
779,19,19,-78.90088363150491,-115.11811196965927,538.24
780,19,20,-87.8774324274375,-115.11816661117263,537.951
781,19,21,-83.14335318162078,64.88192719024292,536.588
782,19,22,-74.16082797016445,64.88191352986458,534.2
783,19,23,-65.17441638107037,64.88190669967541,530.925
784,19,24,-56.183684697326264,64.88190669967541,526.978
785,19,25,-47.18828116418987,64.88190669967541,522.635
786,19,26,-38.188120404296555,64.88190669967541,518.204
787,19,27,-29.18314436103838,64.88190669967541,514.003
788,19,28,-20.173559647637745,64.88190669967541,510.327
789,19,29,-11.15969667449574,64.88190669967541,507.427
790,19,30,-2.1420265112216885,64.88190669967541,505.481
791,19,31,6.8788692088879015,64.88190669967541,504.589
792,19,32,15.90232134073778,64.88190669967541,504.755
793,19,33,24.927608659040278,64.88189986948623,505.895
794,19,34,33.953963194400586,64.88189986948623,507.844
795,19,35,42.980707050543586,64.88189986948623,510.376
796,19,36,52.00711622741726,64.88189986948623,513.223
797,19,37,61.03254868723962,64.88189986948623,516.105
798,19,38,70.05643752430956,64.88189986948623,518.755
799,19,39,79.07829096500683,64.88189303929707,520.951
800,20,0,83.58831951547961,73.88188304446113,521.824
801,20,1,87.3936228077688,-106.11804000222517,523.054
802,20,2,78.37846295245815,-106.11808098336019,523.571
803,20,3,69.3664449841657,-106.11808781354935,523.412
804,20,4,60.35771233686402,-106.11808781354935,522.697
805,20,5,51.35239819924193,-106.11808781354935,521.603
806,20,6,42.35056404300197,-106.11808781354935,520.354
807,20,7,33.35224743418456,-106.11808781354935,519.189
808,20,8,24.357434712411365,-106.11808781354935,518.337
809,20,9,15.366088311641956,-106.11809464373853,517.994
810,20,10,6.378095960641845,-106.11809464373853,518.299
811,20,11,-2.606682786353775,-106.11809464373853,519.321
812,20,12,-11.588486559079032,-106.11809464373853,521.046
813,20,13,-20.567610336328706,-106.11809464373853,523.383
814,20,14,-29.54442380209162,-106.11809464373853,526.163
815,20,15,-38.51942897527177,-106.11809464373853,529.16
816,20,16,-47.49316373326631,-106.11809464373853,532.111
817,20,17,-56.46624962328969,-106.11809464373853,534.736
818,20,18,-65.43941406048853,-106.11809464373853,536.771
819,20,19,-74.4133673845365,-106.1181014739277,537.99
820,20,20,-83.38887799171523,-106.11811513430604,538.229
821,20,21,-87.63332829669041,73.88197183692034,537.403
822,20,22,-78.65253795328326,73.88191719540697,535.515
823,20,23,-69.66813443980516,73.88191719540697,532.661
824,20,24,-60.67961232225755,73.8819103652178,529.019
825,20,25,-51.68658569495231,73.8819103652178,524.837
826,20,26,-42.68879159560641,73.8819103652178,520.411
827,20,27,-33.686223194030674,73.8819103652178,516.056
828,20,28,-24.678911226076355,73.8819103652178,512.083
829,20,29,-15.667137437046732,73.8819103652178,508.767
830,20,30,-6.651303527442355,73.8819103652178,506.326
831,20,31,2.368058601755155,73.8819103652178,504.901
832,20,32,11.390319719368513,73.8819103652178,504.543
833,20,33,20.414781438555085,73.8819103652178,505.212
834,20,34,29.440680058788296,73.88190353502864,506.781
835,20,35,38.467335122472086,73.88190353502864,509.054
836,20,36,47.493993601250466,73.88190353502864,511.778
837,20,37,56.519992966773934,73.88190353502864,514.677
838,20,38,65.54472191711179,73.88190353502864,517.474
839,20,39,74.56764769750875,73.88189670483946,519.922
840,21,0,88.09769236779206,82.881825238301,522.528
841,21,1,82.88566380461455,-97.11808414800696,523.401
842,21,2,73.87205440224548,-97.11809097819612,523.57
843,21,3,64.8616620189755,-97.1180978083853,523.114
844,21,4,55.85462667368256,-97.1180978083853,522.184
845,21,5,46.85104398901507,-97.1180978083853,520.983
846,21,6,37.85096177629721,-97.1180978083853,519.746
847,21,7,28.85440394119108,-97.1180978083853,518.71
848,21,8,19.861336332750827,-97.1180978083853,518.091
849,21,9,10.87167955002735,-97.11810463857447,518.059
850,21,10,1.8853217486729872,-97.11810463857447,518.719
851,21,11,-7.09794069632689,-97.11810463857447,520.1
852,21,12,-16.078354098669227,-97.11810463857447,522.147
853,21,13,-25.056270639983097,-97.11810463857447,524.73
854,21,14,-34.03212104907304,-97.11810463857447,527.65
855,21,15,-43.00641588257952,-97.11810463857447,530.659
856,21,16,-51.979751074507604,-97.11810463857447,533.481
857,21,17,-60.95277890792304,-97.11810463857447,535.842
858,21,18,-69.92624728853994,-97.11811146876363,537.495
859,21,19,-78.90088363150491,-97.11811146876363,538.24
860,21,20,-87.8774324274375,-97.11817294046617,537.951
861,21,21,-83.14335318162078,82.88192086094938,536.588
862,21,22,-74.16082797016445,82.88190720057104,534.2
863,21,23,-65.17441638107037,82.88190037038187,530.925
864,21,24,-56.183684697326264,82.88190037038187,526.978
865,21,25,-47.18828116418987,82.88190037038187,522.635
866,21,26,-38.188120404296555,82.88190037038187,518.204
867,21,27,-29.18314436103838,82.88190037038187,514.003
868,21,28,-20.173559647637745,82.88190037038187,510.327
869,21,29,-11.15969667449574,82.88190037038187,507.427
870,21,30,-2.1420265112216885,82.88190037038187,505.481
871,21,31,6.8788692088879015,82.88190037038187,504.589
872,21,32,15.90232134073778,82.88190037038187,504.755
873,21,33,24.927608659040278,82.88189354019269,505.895
874,21,34,33.953963194400586,82.88189354019269,507.844
875,21,35,42.980707050543586,82.88189354019269,510.376
876,21,36,52.00711622741726,82.88189354019269,513.223
877,21,37,61.03254868723962,82.88189354019269,516.105
878,21,38,70.05643752430956,82.88189354019269,518.755
879,21,39,79.07829096500683,82.88188671000353,520.951
880,22,0,83.58831951547961,91.88187671516759,521.824
881,22,1,87.3936228077688,-88.1180463315187,523.054
882,22,2,78.37846295245815,-88.11808731265373,523.571
883,22,3,69.3664449841657,-88.11809414284289,523.412
884,22,4,60.35771233686402,-88.11809414284289,522.697
885,22,5,51.35239819924193,-88.11809414284289,521.603
886,22,6,42.35056404300197,-88.11809414284289,520.354
887,22,7,33.35224743418456,-88.11809414284289,519.189
888,22,8,24.357434712411365,-88.11809414284289,518.337
889,22,9,15.366088311641956,-88.11810097303206,517.994
890,22,10,6.378095960641845,-88.11810097303206,518.299
891,22,11,-2.606682786353775,-88.11810097303206,519.321
892,22,12,-11.588486559079032,-88.11810097303206,521.046
893,22,13,-20.567610336328706,-88.11810097303206,523.383
894,22,14,-29.54442380209162,-88.11810097303206,526.163
895,22,15,-38.51942897527177,-88.11810097303206,529.16
896,22,16,-47.49316373326631,-88.11810097303206,532.111
897,22,17,-56.46624962328969,-88.11810097303206,534.736
898,22,18,-65.43941406048853,-88.11810097303206,536.771
899,22,19,-74.4133673845365,-88.11810780322124,537.99
900,22,20,-83.38887799171523,-88.11812146359958,538.229
901,22,21,-87.63332829669041,91.8819655076268,537.403
902,22,22,-78.65253795328326,91.88191086611344,535.515
903,22,23,-69.66813443980516,91.88191086611344,532.661
904,22,24,-60.67961232225755,91.88190403592426,529.019
905,22,25,-51.68658569495231,91.88190403592426,524.837
906,22,26,-42.68879159560641,91.88190403592426,520.411
907,22,27,-33.686223194030674,91.88190403592426,516.056
908,22,28,-24.678911226076355,91.88190403592426,512.083
909,22,29,-15.667137437046732,91.88190403592426,508.767
910,22,30,-6.651303527442355,91.88190403592426,506.326
911,22,31,2.368058601755155,91.88190403592426,504.901
912,22,32,11.390319719368513,91.88190403592426,504.543
913,22,33,20.414781438555085,91.88190403592426,505.212
914,22,34,29.440680058788296,91.8818972057351,506.781
915,22,35,38.467335122472086,91.8818972057351,509.054
916,22,36,47.493993601250466,91.8818972057351,511.778
917,22,37,56.519992966773934,91.8818972057351,514.677
918,22,38,65.54472191711179,91.8818972057351,517.474
919,22,39,74.56764769750875,91.88189037554594,519.922
920,23,0,88.09769236779206,100.88183256938581,522.528
921,23,1,82.88566380461455,-79.11807681692216,523.401
922,23,2,73.87205440224548,-79.11808364711132,523.57
923,23,3,64.8616620189755,-79.1180904773005,523.114
924,23,4,55.85462667368256,-79.1180904773005,522.184
925,23,5,46.85104398901507,-79.1180904773005,520.983
926,23,6,37.85096177629721,-79.1180904773005,519.746
927,23,7,28.85440394119108,-79.1180904773005,518.71
928,23,8,19.861336332750827,-79.1180904773005,518.091
929,23,9,10.87167955002735,-79.11809730748966,518.059
930,23,10,1.8853217486729872,-79.11809730748966,518.719
931,23,11,-7.09794069632689,-79.11809730748966,520.1
932,23,12,-16.078354098669227,-79.11809730748966,522.147
933,23,13,-25.056270639983097,-79.11809730748966,524.73
934,23,14,-34.03212104907304,-79.11809730748966,527.65
935,23,15,-43.00641588257952,-79.11809730748966,530.659
936,23,16,-51.979751074507604,-79.11809730748966,533.481
937,23,17,-60.95277890792304,-79.11809730748966,535.842
938,23,18,-69.92624728853994,-79.11810413767883,537.495
939,23,19,-78.90088363150491,-79.11810413767883,538.24
940,23,20,-87.8774324274375,-79.11816560938136,537.951
941,23,21,-83.14335318162078,100.88192819203418,536.588
942,23,22,-74.16082797016445,100.88191453165584,534.2
943,23,23,-65.17441638107037,100.88190770146667,530.925
944,23,24,-56.183684697326264,100.88190770146667,526.978
945,23,25,-47.18828116418987,100.88190770146667,522.635
946,23,26,-38.188120404296555,100.88190770146667,518.204
947,23,27,-29.18314436103838,100.88190770146667,514.003
948,23,28,-20.173559647637745,100.88190770146667,510.327
949,23,29,-11.15969667449574,100.88190770146667,507.427
950,23,30,-2.1420265112216885,100.88190770146667,505.481
951,23,31,6.8788692088879015,100.88190770146667,504.589
952,23,32,15.90232134073778,100.88190770146667,504.755
953,23,33,24.927608659040278,100.88190087127751,505.895
954,23,34,33.953963194400586,100.88190087127751,507.844
955,23,35,42.980707050543586,100.88190087127751,510.376
956,23,36,52.00711622741726,100.88190087127751,513.223
957,23,37,61.03254868723962,100.88190087127751,516.105
958,23,38,70.05643752430956,100.88190087127751,518.755
959,23,39,79.07829096500683,100.88189404108833,520.951
960,24,0,83.58831951547961,109.8818840462524,521.824
961,24,1,87.3936228077688,-70.1180390004339,523.054
962,24,2,78.37846295245815,-70.11807998156893,523.571
963,24,3,69.3664449841657,-70.11808681175809,523.412
964,24,4,60.35771233686402,-70.11808681175809,522.697
965,24,5,51.35239819924193,-70.11808681175809,521.603
966,24,6,42.35056404300197,-70.11808681175809,520.354
967,24,7,33.35224743418456,-70.11808681175809,519.189
968,24,8,24.357434712411365,-70.11808681175809,518.337
969,24,9,15.366088311641956,-70.11809364194725,517.994
970,24,10,6.378095960641845,-70.11809364194725,518.299
971,24,11,-2.606682786353775,-70.11809364194725,519.321
972,24,12,-11.588486559079032,-70.11809364194725,521.046
973,24,13,-20.567610336328706,-70.11809364194725,523.383
974,24,14,-29.54442380209162,-70.11809364194725,526.163
975,24,15,-38.51942897527177,-70.11809364194725,529.16
976,24,16,-47.49316373326631,-70.11809364194725,532.111
977,24,17,-56.46624962328969,-70.11809364194725,534.736
978,24,18,-65.43941406048853,-70.11809364194725,536.771
979,24,19,-74.4133673845365,-70.11810047213643,537.99
980,24,20,-83.38887799171523,-70.11811413251478,538.229
981,24,21,-87.63332829669041,109.8819728387116,537.403
982,24,22,-78.65253795328326,109.88191819719825,535.515
983,24,23,-69.66813443980516,109.88191819719825,532.661
984,24,24,-60.67961232225755,109.88191136700907,529.019
985,24,25,-51.68658569495231,109.88191136700907,524.837
986,24,26,-42.68879159560641,109.88191136700907,520.411
987,24,27,-33.686223194030674,109.88191136700907,516.056
988,24,28,-24.678911226076355,109.88191136700907,512.083
989,24,29,-15.667137437046732,109.88191136700907,508.767
990,24,30,-6.651303527442355,109.88191136700907,506.326
991,24,31,2.368058601755155,109.88191136700907,504.901
992,24,32,11.390319719368513,109.88191136700907,504.543
993,24,33,20.414781438555085,109.88191136700907,505.212
994,24,34,29.440680058788296,109.8819045368199,506.781
995,24,35,38.467335122472086,109.8819045368199,509.054
996,24,36,47.493993601250466,109.8819045368199,511.778
997,24,37,56.519992966773934,109.8819045368199,514.677
998,24,38,65.54472191711179,109.8819045368199,517.474
999,24,39,74.56764769750875,109.88189770663074,519.922
1000,25,0,88.09769236779206,118.8818194099031,522.528
1001,25,1,82.88566380461455,-61.11808314621569,523.401
1002,25,2,73.87205440224548,-61.11808997640486,523.57
1003,25,3,64.8616620189755,-61.11809680659403,523.114
1004,25,4,55.85462667368256,-61.11809680659403,522.184
1005,25,5,46.85104398901507,-61.11809680659403,520.983
1006,25,6,37.85096177629721,-61.11809680659403,519.746
1007,25,7,28.85440394119108,-61.11809680659403,518.71
1008,25,8,19.861336332750827,-61.11809680659403,518.091
1009,25,9,10.87167955002735,-61.1181036367832,518.059
1010,25,10,1.8853217486729872,-61.1181036367832,518.719
1011,25,11,-7.09794069632689,-61.1181036367832,520.1
1012,25,12,-16.078354098669227,-61.1181036367832,522.147
1013,25,13,-25.056270639983097,-61.1181036367832,524.73
1014,25,14,-34.03212104907304,-61.1181036367832,527.65
1015,25,15,-43.00641588257952,-61.1181036367832,530.659
1016,25,16,-51.979751074507604,-61.1181036367832,533.481
1017,25,17,-60.95277890792304,-61.1181036367832,535.842
1018,25,18,-69.92624728853994,-61.11811046697237,537.495
1019,25,19,-78.90088363150491,-61.11811046697237,538.24
1020,25,20,-87.8774324274375,-61.1181719386749,537.951
1021,25,21,-83.14335318162078,118.88191503255148,536.588
1022,25,22,-74.16082797016445,118.88190137217313,534.2
1023,25,23,-65.17441638107037,118.88190137217313,530.925
1024,25,24,-56.183684697326264,118.88190137217313,526.978
1025,25,25,-47.18828116418987,118.88190137217313,522.635
1026,25,26,-38.188120404296555,118.88190137217313,518.204
1027,25,27,-29.18314436103838,118.88190137217313,514.003
1028,25,28,-20.173559647637745,118.88190137217313,510.327
1029,25,29,-11.15969667449574,118.88190137217313,507.427
1030,25,30,-2.1420265112216885,118.88190137217313,505.481
1031,25,31,6.8788692088879015,118.88190137217313,504.589
1032,25,32,15.90232134073778,118.88190137217313,504.755
1033,25,33,24.927608659040278,118.88190137217313,505.895
1034,25,34,33.953963194400586,118.88190137217313,507.844
1035,25,35,42.980707050543586,118.88190137217313,510.376
1036,25,36,52.00711622741726,118.88190137217313,513.223
1037,25,37,61.03254868723962,118.88188771179479,516.105
1038,25,38,70.05643752430956,118.88188771179479,518.755
1039,25,39,79.07829096500683,118.88188771179479,520.951
1040,26,0,83.58831951547961,127.8818913773372,521.824
1041,26,1,87.3936228077688,-52.11802825425451,523.054
1042,26,2,78.37846295245815,-52.118072650484116,523.571
1043,26,3,69.3664449841657,-52.1180760655787,523.412
1044,26,4,60.35771233686402,-52.11807948067329,522.697
1045,26,5,51.35239819924193,-52.11807948067329,521.603
1046,26,6,42.35056404300197,-52.11808289576787,520.354
1047,26,7,33.35224743418456,-52.11808289576787,519.189
1048,26,8,24.357434712411365,-52.11808289576787,518.337
1049,26,9,15.366088311641956,-52.11808289576787,517.994
1050,26,10,6.378095960641845,-52.11808289576787,518.299
1051,26,11,-2.606682786353775,-52.11808289576787,519.321
1052,26,12,-11.588486559079032,-52.11808289576787,521.046
1053,26,13,-20.567610336328706,-52.11808631086246,523.383
1054,26,14,-29.54442380209162,-52.11808631086246,526.163
1055,26,15,-38.51942897527177,-52.11808631086246,529.16
1056,26,16,-47.49316373326631,-52.11808631086246,532.111
1057,26,17,-56.46624962328969,-52.11808631086246,534.736
1058,26,18,-65.43941406048853,-52.11808972595704,536.771
1059,26,19,-74.4133673845365,-52.118093141051624,537.99
1060,26,20,-83.38887799171523,-52.11810680142997,538.229
1061,26,21,-87.63332829669041,127.88197333960724,537.403
1062,26,22,-78.65253795328326,127.88193235847221,535.515
1063,26,23,-69.66813443980516,127.88191869809388,532.661
1064,26,24,-60.67961232225755,127.88191869809388,529.019
1065,26,25,-51.68658569495231,127.88191869809388,524.837
1066,26,26,-42.68879159560641,127.88191869809388,520.411
1067,26,27,-33.686223194030674,127.88191869809388,516.056
1068,26,28,-24.678911226076355,127.88191869809388,512.083
1069,26,29,-15.667137437046732,127.88191869809388,508.767
1070,26,30,-6.651303527442355,127.88191869809388,506.326
1071,26,31,2.368058601755155,127.88191869809388,504.901
1072,26,32,11.390319719368513,127.88191869809388,504.543
1073,26,33,20.414781438555085,127.88191869809388,505.212
1074,26,34,29.440680058788296,127.88191869809388,506.781
1075,26,35,38.467335122472086,127.88191869809388,509.054
1076,26,36,47.493993601250466,127.88191869809388,511.778
1077,26,37,56.519992966773934,127.88191869809388,514.677
1078,26,38,65.54472191711179,127.88190503771554,517.474
1079,26,39,74.56764769750875,127.88190503771554,519.922
1080,27,0,88.09769236779206,136.88181308060956,522.528
1081,27,1,82.88566380461455,-43.11808606041464,523.401
1082,27,2,73.87205440224548,-43.11809972079298,523.57
1083,27,3,64.8616620189755,-43.118103135887566,523.114
1084,27,4,55.85462667368256,-43.118103135887566,522.184
1085,27,5,46.85104398901507,-43.118103135887566,520.983
1086,27,6,37.85096177629721,-43.11810655098215,519.746
1087,27,7,28.85440394119108,-43.11810655098215,518.71
1088,27,8,19.861336332750827,-43.11810655098215,518.091
1089,27,9,10.87167955002735,-43.11810655098215,518.059
1090,27,10,1.8853217486729872,-43.11810655098215,518.719
1091,27,11,-7.09794069632689,-43.11810655098215,520.1
1092,27,12,-16.078354098669227,-43.11810655098215,522.147
1093,27,13,-25.056270639983097,-43.11810996607674,524.73
1094,27,14,-34.03212104907304,-43.11810996607674,527.65
1095,27,15,-43.00641588257952,-43.11810996607674,530.659
1096,27,16,-51.979751074507604,-43.11810996607674,533.481
1097,27,17,-60.95277890792304,-43.11811338117132,535.842
1098,27,18,-69.92624728853994,-43.11811338117132,537.495
1099,27,19,-78.90088363150491,-43.11812021136049,538.24
1100,27,20,-87.8774324274375,-43.11817485287385,537.951
1101,27,21,-83.14335318162078,136.88190870325795,536.588
1102,27,22,-74.16082797016445,136.8818950428796,534.2
1103,27,23,-65.17441638107037,136.8818950428796,530.925
1104,27,24,-56.183684697326264,136.8818950428796,526.978
1105,27,25,-47.18828116418987,136.8818950428796,522.635
1106,27,26,-38.188120404296555,136.8818950428796,518.204
1107,27,27,-29.18314436103838,136.8818950428796,514.003
1108,27,28,-20.173559647637745,136.8818950428796,510.327
1109,27,29,-11.15969667449574,136.8818950428796,507.427
1110,27,30,-2.1420265112216885,136.8818950428796,505.481
1111,27,31,6.8788692088879015,136.8818950428796,504.589
1112,27,32,15.90232134073778,136.8818950428796,504.755
1113,27,33,24.927608659040278,136.8818950428796,505.895
1114,27,34,33.953963194400586,136.8818950428796,507.844
1115,27,35,42.980707050543586,136.8818950428796,510.376
1116,27,36,52.00711622741726,136.8818950428796,513.223
1117,27,37,61.03254868723962,136.88188138250126,516.105
1118,27,38,70.05643752430956,136.88188138250126,518.755
1119,27,39,79.07829096500683,136.88188138250126,520.951
1120,28,0,83.58831951547961,145.8818713876653,521.824
1121,28,1,87.3936228077688,-34.11804824392639,523.054
1122,28,2,78.37846295245815,-34.11809264015599,523.571
1123,28,3,69.3664449841657,-34.118096055250575,523.412
1124,28,4,60.35771233686402,-34.118099470345165,522.697
1125,28,5,51.35239819924193,-34.118099470345165,521.603
1126,28,6,42.35056404300197,-34.11810288543975,520.354
1127,28,7,33.35224743418456,-34.11810288543975,519.189
1128,28,8,24.357434712411365,-34.11810288543975,518.337
1129,28,9,15.366088311641956,-34.11810288543975,517.994
1130,28,10,6.378095960641845,-34.11810288543975,518.299
1131,28,11,-2.606682786353775,-34.11810288543975,519.321
1132,28,12,-11.588486559079032,-34.11810288543975,521.046
1133,28,13,-20.567610336328706,-34.118106300534336,523.383
1134,28,14,-29.54442380209162,-34.118106300534336,526.163
1135,28,15,-38.51942897527177,-34.118106300534336,529.16
1136,28,16,-47.49316373326631,-34.118106300534336,532.111
1137,28,17,-56.46624962328969,-34.118106300534336,534.736
1138,28,18,-65.43941406048853,-34.11810971562892,536.771
1139,28,19,-74.4133673845365,-34.1181131307235,537.99
1140,28,20,-83.38887799171523,-34.118126791101844,538.229
1141,28,21,-87.63332829669041,145.88195334993537,537.403
1142,28,22,-78.65253795328326,145.88191236880033,535.515
1143,28,23,-69.66813443980516,145.881898708422,532.661
1144,28,24,-60.67961232225755,145.881898708422,529.019
1145,28,25,-51.68658569495231,145.881898708422,524.837
1146,28,26,-42.68879159560641,145.881898708422,520.411
1147,28,27,-33.686223194030674,145.881898708422,516.056
1148,28,28,-24.678911226076355,145.881898708422,512.083
1149,28,29,-15.667137437046732,145.881898708422,508.767
1150,28,30,-6.651303527442355,145.881898708422,506.326
1151,28,31,2.368058601755155,145.881898708422,504.901
1152,28,32,11.390319719368513,145.881898708422,504.543
1153,28,33,20.414781438555085,145.881898708422,505.212
1154,28,34,29.440680058788296,145.881898708422,506.781
1155,28,35,38.467335122472086,145.881898708422,509.054
1156,28,36,47.493993601250466,145.881898708422,511.778
1157,28,37,56.519992966773934,145.881898708422,514.677
1158,28,38,65.54472191711179,145.88188504804367,517.474
1159,28,39,74.56764769750875,145.88188504804367,519.922
1160,29,0,88.09769236779206,154.88182041169435,522.528
1161,29,1,82.88566380461455,-25.11808043687713,523.401
1162,29,2,73.87205440224548,-25.118090682160883,523.57
1163,29,3,64.8616620189755,-25.11809409725547,523.114
1164,29,4,55.85462667368256,-25.118095804802763,522.184
1165,29,5,46.85104398901507,-25.118097512350055,520.983
1166,29,6,37.85096177629721,-25.118097512350055,519.746
1167,29,7,28.85440394119108,-25.118099219897346,518.71
1168,29,8,19.861336332750827,-25.118099219897346,518.091
1169,29,9,10.87167955002735,-25.118099219897346,518.059
1170,29,10,1.8853217486729872,-25.118099219897346,518.719
1171,29,11,-7.09794069632689,-25.11810092744464,520.1
1172,29,12,-16.078354098669227,-25.11810092744464,522.147
1173,29,13,-25.056270639983097,-25.11810092744464,524.73
1174,29,14,-34.03212104907304,-25.11810092744464,527.65
1175,29,15,-43.00641588257952,-25.11810263499193,530.659
1176,29,16,-51.979751074507604,-25.11810263499193,533.481
1177,29,17,-60.95277890792304,-25.118104342539226,535.842
1178,29,18,-69.92624728853994,-25.118106050086517,537.495
1179,29,19,-78.90088363150491,-25.118112880275685,538.24
1180,29,20,-87.8774324274375,-25.118167521789047,537.951
1181,29,21,-83.14335318162078,154.88191603434274,536.588
1182,29,22,-74.16082797016445,154.8819023739644,534.2
1183,29,23,-65.17441638107037,154.8819023739644,530.925
1184,29,24,-56.183684697326264,154.8819023739644,526.978
1185,29,25,-47.18828116418987,154.8819023739644,522.635
1186,29,26,-38.188120404296555,154.8819023739644,518.204
1187,29,27,-29.18314436103838,154.8819023739644,514.003
1188,29,28,-20.173559647637745,154.8819023739644,510.327
1189,29,29,-11.15969667449574,154.8819023739644,507.427
1190,29,30,-2.1420265112216885,154.8819023739644,505.481
1191,29,31,6.8788692088879015,154.8819023739644,504.589
1192,29,32,15.90232134073778,154.8819023739644,504.755
1193,29,33,24.927608659040278,154.8819023739644,505.895
1194,29,34,33.953963194400586,154.8819023739644,507.844
1195,29,35,42.980707050543586,154.8819023739644,510.376
1196,29,36,52.00711622741726,154.8819023739644,513.223
1197,29,37,61.03254868723962,154.88188871358605,516.105
1198,29,38,70.05643752430956,154.88188871358605,518.755
1199,29,39,79.07829096500683,154.88188871358605,520.951
1200,30,0,83.58831951547961,163.88187871875013,521.824
1201,30,1,87.3936228077688,-16.118040912841586,523.054
1202,30,2,78.37846295245815,-16.118083601523896,523.571
1203,30,3,69.3664449841657,-16.118090431713068,523.412
1204,30,4,60.35771233686402,-16.11809213926036,522.697
1205,30,5,51.35239819924193,-16.118093846807653,521.603
1206,30,6,42.35056404300197,-16.118093846807653,520.354
1207,30,7,33.35224743418456,-16.118095554354944,519.189
1208,30,8,24.357434712411365,-16.118095554354944,518.337
1209,30,9,15.366088311641956,-16.118095554354944,517.994
1210,30,10,6.378095960641845,-16.118095554354944,518.299
1211,30,11,-2.606682786353775,-16.11809726190224,519.321
1212,30,12,-11.588486559079032,-16.11809726190224,521.046
1213,30,13,-20.567610336328706,-16.11809726190224,523.383
1214,30,14,-29.54442380209162,-16.11809726190224,526.163
1215,30,15,-38.51942897527177,-16.11809896944953,529.16
1216,30,16,-47.49316373326631,-16.11809896944953,532.111
1217,30,17,-56.46624962328969,-16.11810067699682,534.736
1218,30,18,-65.43941406048853,-16.118102384544116,536.771
1219,30,19,-74.4133673845365,-16.118105799638702,537.99
1220,30,20,-83.38887799171523,-16.118117752469747,538.229
1221,30,21,-87.63332829669041,163.88196068102016,537.403
1222,30,22,-78.65253795328326,163.88191969988515,535.515
1223,30,23,-69.66813443980516,163.88190603950682,532.661
1224,30,24,-60.67961232225755,163.88190603950682,529.019
1225,30,25,-51.68658569495231,163.88190603950682,524.837
1226,30,26,-42.68879159560641,163.88190603950682,520.411
1227,30,27,-33.686223194030674,163.88190603950682,516.056
1228,30,28,-24.678911226076355,163.88190603950682,512.083
1229,30,29,-15.667137437046732,163.88190603950682,508.767
1230,30,30,-6.651303527442355,163.88190603950682,506.326
1231,30,31,2.368058601755155,163.88190603950682,504.901
1232,30,32,11.390319719368513,163.88190603950682,504.543
1233,30,33,20.414781438555085,163.88190603950682,505.212
1234,30,34,29.440680058788296,163.88190603950682,506.781
1235,30,35,38.467335122472086,163.88190603950682,509.054
1236,30,36,47.493993601250466,163.88190603950682,511.778
1237,30,37,56.519992966773934,163.88190603950682,514.677
1238,30,38,65.54472191711179,163.88189237912846,517.474
1239,30,39,74.56764769750875,163.88189237912846,519.922
1240,31,0,88.09769236779206,172.88182774277917,522.528
1241,31,1,82.88566380461455,-7.118072678905503,523.401
1242,31,2,73.87205440224548,-7.118084204849727,523.57
1243,31,3,64.8616620189755,-7.118087193057489,523.114
1244,31,4,55.85462667368256,-7.118088900604781,522.184
1245,31,5,46.85104398901507,-7.118090181265251,520.983
1246,31,6,37.85096177629721,-7.118090608152074,519.746
1247,31,7,28.85440394119108,-7.1180914619257205,518.71
1248,31,8,19.861336332750827,-7.118091888812543,518.091
1249,31,9,10.87167955002735,-7.118092315699367,518.059
1250,31,10,1.8853217486729872,-7.11809274258619,518.719
1251,31,11,-7.09794069632689,-7.1180931694730125,520.1
1252,31,12,-16.078354098669227,-7.118093596359836,522.147
1253,31,13,-25.056270639983097,-7.118094023246659,524.73
1254,31,14,-34.03212104907304,-7.118094450133483,527.65
1255,31,15,-43.00641588257952,-7.118094877020305,530.659
1256,31,16,-51.979751074507604,-7.118095730793952,533.481
1257,31,17,-60.95277890792304,-7.118097011454421,535.842
1258,31,18,-69.92624728853994,-7.1180995727753595,537.495
1259,31,19,-78.90088363150491,-7.118105549190884,538.24
1260,31,20,-87.8774324274375,-7.118160190704244,537.951
1261,31,21,-83.14335318162078,172.88192336542755,536.588
1262,31,22,-74.16082797016445,172.8819097050492,534.2
1263,31,23,-65.17441638107037,172.8819097050492,530.925
1264,31,24,-56.183684697326264,172.8819097050492,526.978
1265,31,25,-47.18828116418987,172.8819097050492,522.635
1266,31,26,-38.188120404296555,172.8819097050492,518.204
1267,31,27,-29.18314436103838,172.8819097050492,514.003
1268,31,28,-20.173559647637745,172.8819097050492,510.327
1269,31,29,-11.15969667449574,172.8819097050492,507.427
1270,31,30,-2.1420265112216885,172.8819097050492,505.481
1271,31,31,6.8788692088879015,172.8819097050492,504.589
1272,31,32,15.90232134073778,172.8819097050492,504.755
1273,31,33,24.927608659040278,172.8819097050492,505.895
1274,31,34,33.953963194400586,172.8819097050492,507.844
1275,31,35,42.980707050543586,172.8819097050492,510.376
1276,31,36,52.00711622741726,172.8819097050492,513.223
1277,31,37,61.03254868723962,172.88189604467087,516.105
1278,31,38,70.05643752430956,172.88189604467087,518.755
1279,31,39,79.07829096500683,172.88189604467087,520.951
1280,32,0,83.58831951547961,-178.1181103076994,521.824
1281,32,1,87.3936228077688,1.8819659913563953,523.054
1282,32,2,78.37846295245815,1.881923089230671,523.571
1283,32,3,69.3664449841657,1.8819175397019705,523.412
1284,32,4,60.35771233686402,1.8819154052678548,522.697
1285,32,5,51.35239819924193,1.8819141246073854,521.603
1286,32,6,42.35056404300197,1.8819132708337392,520.354
1287,32,7,33.35224743418456,1.8819126305035045,519.189
1288,32,8,24.357434712411365,1.8819122036166813,518.337
1289,32,9,15.366088311641956,1.8819115632864467,517.994
1290,32,10,6.378095960641845,1.881911349843035,518.299
1291,32,11,-2.606682786353775,1.881910922956212,519.321
1292,32,12,-11.588486559079032,1.8819104960693889,521.046
1293,32,13,-20.567610336328706,1.8819100691825656,523.383
1294,32,14,-29.54442380209162,1.8819096422957426,526.163
1295,32,15,-38.51942897527177,1.881909001965508,529.16
1296,32,16,-47.49316373326631,1.8819081481918616,532.111
1297,32,17,-56.46624962328969,1.8819072944182154,534.736
1298,32,18,-65.43941406048853,1.881905586870923,536.771
1299,32,19,-74.4133673845365,1.8819019583329264,537.99
1300,32,20,-83.38887799171523,1.8818893651716442,538.229
1301,32,21,-87.63332829669041,-178.11802834542937,537.403
1302,32,22,-78.65253795328326,-178.1180829869427,535.515
1303,32,23,-69.66813443980516,-178.1180829869427,532.661
1304,32,24,-60.67961232225755,-178.1180829869427,529.019
1305,32,25,-51.68658569495231,-178.1180829869427,524.837
1306,32,26,-42.68879159560641,-178.1180829869427,520.411
1307,32,27,-33.686223194030674,-178.1180829869427,516.056
1308,32,28,-24.678911226076355,-178.1180829869427,512.083
1309,32,29,-15.667137437046732,-178.1180829869427,508.767
1310,32,30,-6.651303527442355,-178.1180829869427,506.326
1311,32,31,2.368058601755155,-178.1180829869427,504.901
1312,32,32,11.390319719368513,-178.1180829869427,504.543
1313,32,33,20.414781438555085,-178.11809664732107,505.212
1314,32,34,29.440680058788296,-178.11809664732107,506.781
1315,32,35,38.467335122472086,-178.11809664732107,509.054
1316,32,36,47.493993601250466,-178.11809664732107,511.778
1317,32,37,56.519992966773934,-178.11809664732107,514.677
1318,32,38,65.54472191711179,-178.11809664732107,517.474
1319,32,39,74.56764769750875,-178.11809664732107,519.922
1320,33,0,88.09769236779206,-169.11816128367036,522.528
1321,33,1,82.88566380461455,10.881935079066123,523.401
1322,33,2,73.87205440224548,10.881923126235076,523.57
1323,33,3,64.8616620189755,10.88191971114049,523.114
1324,33,4,55.85462667368256,10.8819180035932,522.184
1325,33,5,46.85104398901507,10.881917149819552,520.983
1326,33,6,37.85096177629721,10.881916296045906,519.746
1327,33,7,28.85440394119108,10.881916296045906,518.71
1328,33,8,19.861336332750827,10.88191544227226,518.091
1329,33,9,10.87167955002735,10.88191544227226,518.059
1330,33,10,1.8853217486729872,10.881914588498613,518.719
1331,33,11,-7.09794069632689,10.881914588498613,520.1
1332,33,12,-16.078354098669227,10.881913734724968,522.147
1333,33,13,-25.056270639983097,10.881913734724968,524.73
1334,33,14,-34.03212104907304,10.88191288095132,527.65
1335,33,15,-43.00641588257952,10.881912027177675,530.659
1336,33,16,-51.979751074507604,10.88191117340403,533.481
1337,33,17,-60.95277890792304,10.881910319630382,535.842
1338,33,18,-69.92624728853994,10.881907758309444,537.495
1339,33,19,-78.90088363150491,10.88190178189392,538.24
1340,33,20,-87.8774324274375,10.88184714038056,537.951
1341,33,21,-83.14335318162078,-169.11806566102197,536.588
1342,33,22,-74.16082797016445,-169.11807932140033,534.2
1343,33,23,-65.17441638107037,-169.11807932140033,530.925
1344,33,24,-56.183684697326264,-169.11807932140033,526.978
1345,33,25,-47.18828116418987,-169.11807932140033,522.635
1346,33,26,-38.188120404296555,-169.11807932140033,518.204
1347,33,27,-29.18314436103838,-169.11807932140033,514.003
1348,33,28,-20.173559647637745,-169.11807932140033,510.327
1349,33,29,-11.15969667449574,-169.11807932140033,507.427
1350,33,30,-2.1420265112216885,-169.11807932140033,505.481
1351,33,31,6.8788692088879015,-169.11807932140033,504.589
1352,33,32,15.90232134073778,-169.11807932140033,504.755
1353,33,33,24.927608659040278,-169.11809298177866,505.895
1354,33,34,33.953963194400586,-169.11809298177866,507.844
1355,33,35,42.980707050543586,-169.11809298177866,510.376
1356,33,36,52.00711622741726,-169.11809298177866,513.223
1357,33,37,61.03254868723962,-169.11809298177866,516.105
1358,33,38,70.05643752430956,-169.11809298177866,518.755
1359,33,39,79.07829096500683,-169.11809298177866,520.951
1360,34,0,83.58831951547961,-160.11813029737127,521.824
1361,34,1,87.3936228077688,19.881946428571343,523.054
1362,34,2,78.37846295245815,19.88190373988903,523.571
1363,34,3,69.3664449841657,19.881896909699858,523.412
1364,34,4,60.35771233686402,19.881895202152567,522.697
1365,34,5,51.35239819924193,19.881893494605276,521.603
1366,34,6,42.35056404300197,19.881893494605276,520.354
1367,34,7,33.35224743418456,19.88189178705798,519.189
1368,34,8,24.357434712411365,19.88189178705798,518.337
1369,34,9,15.366088311641956,19.88189178705798,517.994
1370,34,10,6.378095960641845,19.88189178705798,518.299
1371,34,11,-2.606682786353775,19.88189007951069,519.321
1372,34,12,-11.588486559079032,19.88189007951069,521.046
1373,34,13,-20.567610336328706,19.88189007951069,523.383
1374,34,14,-29.54442380209162,19.88189007951069,526.163
1375,34,15,-38.51942897527177,19.881888371963395,529.16
1376,34,16,-47.49316373326631,19.881888371963395,532.111
1377,34,17,-56.46624962328969,19.881886664416104,534.736
1378,34,18,-65.43941406048853,19.881884956868813,536.771
1379,34,19,-74.4133673845365,19.881881541774227,537.99
1380,34,20,-83.38887799171523,19.88186958894318,538.229
1381,34,21,-87.63332829669041,-160.11804833510124,537.403
1382,34,22,-78.65253795328326,-160.1181029766146,535.515
1383,34,23,-69.66813443980516,-160.1181029766146,532.661
1384,34,24,-60.67961232225755,-160.1181029766146,529.019
1385,34,25,-51.68658569495231,-160.1181029766146,524.837
1386,34,26,-42.68879159560641,-160.1181029766146,520.411
1387,34,27,-33.686223194030674,-160.1181029766146,516.056
1388,34,28,-24.678911226076355,-160.1181029766146,512.083
1389,34,29,-15.667137437046732,-160.1181029766146,508.767
1390,34,30,-6.651303527442355,-160.1181029766146,506.326
1391,34,31,2.368058601755155,-160.1181029766146,504.901
1392,34,32,11.390319719368513,-160.1181029766146,504.543
1393,34,33,20.414781438555085,-160.11811663699294,505.212
1394,34,34,29.440680058788296,-160.11811663699294,506.781
1395,34,35,38.467335122472086,-160.11811663699294,509.054
1396,34,36,47.493993601250466,-160.11811663699294,511.778
1397,34,37,56.519992966773934,-160.11811663699294,514.677
1398,34,38,65.54472191711179,-160.11811663699294,517.474
1399,34,39,74.56764769750875,-160.11811663699294,519.922
1400,35,0,88.09769236779206,-151.11818127334223,522.528
1401,35,1,82.88566380461455,28.881915943167893,523.401
1402,35,2,73.87205440224548,28.881902282789554,523.57
1403,35,3,64.8616620189755,28.881898867694968,523.114
1404,35,4,55.85462667368256,28.881898867694968,522.184
1405,35,5,46.85104398901507,28.881898867694968,520.983
1406,35,6,37.85096177629721,28.881895452600382,519.746
1407,35,7,28.85440394119108,28.881895452600382,518.71
1408,35,8,19.861336332750827,28.881895452600382,518.091
1409,35,9,10.87167955002735,28.881895452600382,518.059
1410,35,10,1.8853217486729872,28.881895452600382,518.719
1411,35,11,-7.09794069632689,28.881895452600382,520.1
1412,35,12,-16.078354098669227,28.881895452600382,522.147
1413,35,13,-25.056270639983097,28.8818920375058,524.73
1414,35,14,-34.03212104907304,28.8818920375058,527.65
1415,35,15,-43.00641588257952,28.8818920375058,530.659
1416,35,16,-51.979751074507604,28.8818920375058,533.481
1417,35,17,-60.95277890792304,28.881888622411214,535.842
1418,35,18,-69.92624728853994,28.881888622411214,537.495
1419,35,19,-78.90088363150491,28.881881792222043,538.24
1420,35,20,-87.8774324274375,28.881827150708684,537.951
1421,35,21,-83.14335318162078,-151.11808565069384,536.588
1422,35,22,-74.16082797016445,-151.1180993110722,534.2
1423,35,23,-65.17441638107037,-151.1180993110722,530.925
1424,35,24,-56.183684697326264,-151.1180993110722,526.978
1425,35,25,-47.18828116418987,-151.1180993110722,522.635
1426,35,26,-38.188120404296555,-151.1180993110722,518.204
1427,35,27,-29.18314436103838,-151.1180993110722,514.003
1428,35,28,-20.173559647637745,-151.1180993110722,510.327
1429,35,29,-11.15969667449574,-151.1180993110722,507.427
1430,35,30,-2.1420265112216885,-151.1180993110722,505.481
1431,35,31,6.8788692088879015,-151.1180993110722,504.589
1432,35,32,15.90232134073778,-151.1180993110722,504.755
1433,35,33,24.927608659040278,-151.11811297145053,505.895
1434,35,34,33.953963194400586,-151.11811297145053,507.844
1435,35,35,42.980707050543586,-151.11811297145053,510.376
1436,35,36,52.00711622741726,-151.11811297145053,513.223
1437,35,37,61.03254868723962,-151.11811297145053,516.105
1438,35,38,70.05643752430956,-151.11811297145053,518.755
1439,35,39,79.07829096500683,-151.11811297145053,520.951
1440,36,0,83.58831951547961,-142.11812296628648,521.824
1441,36,1,87.3936228077688,37.88195375965614,523.054
1442,36,2,78.37846295245815,37.88190936342654,523.571
1443,36,3,69.3664449841657,37.881905948331955,523.412
1444,36,4,60.35771233686402,37.88190253323737,522.697
1445,36,5,51.35239819924193,37.88190253323737,521.603
1446,36,6,42.35056404300197,37.88189911814278,520.354
1447,36,7,33.35224743418456,37.88189911814278,519.189
1448,36,8,24.357434712411365,37.88189911814278,518.337
1449,36,9,15.366088311641956,37.88189911814278,517.994
1450,36,10,6.378095960641845,37.88189911814278,518.299
1451,36,11,-2.606682786353775,37.88189911814278,519.321
1452,36,12,-11.588486559079032,37.88189911814278,521.046
1453,36,13,-20.567610336328706,37.8818957030482,523.383
1454,36,14,-29.54442380209162,37.8818957030482,526.163
1455,36,15,-38.51942897527177,37.8818957030482,529.16
1456,36,16,-47.49316373326631,37.8818957030482,532.111
1457,36,17,-56.46624962328969,37.8818957030482,534.736
1458,36,18,-65.43941406048853,37.88189228795361,536.771
1459,36,19,-74.4133673845365,37.88188887285903,537.99
1460,36,20,-83.38887799171523,37.88187521248069,538.229
1461,36,21,-87.63332829669041,-142.11804100401645,537.403
1462,36,22,-78.65253795328326,-142.1180956455298,535.515
1463,36,23,-69.66813443980516,-142.1180956455298,532.661
1464,36,24,-60.67961232225755,-142.1180956455298,529.019
1465,36,25,-51.68658569495231,-142.1180956455298,524.837
1466,36,26,-42.68879159560641,-142.1180956455298,520.411
1467,36,27,-33.686223194030674,-142.1180956455298,516.056
1468,36,28,-24.678911226076355,-142.1180956455298,512.083
1469,36,29,-15.667137437046732,-142.1180956455298,508.767
1470,36,30,-6.651303527442355,-142.1180956455298,506.326
1471,36,31,2.368058601755155,-142.1180956455298,504.901
1472,36,32,11.390319719368513,-142.1180956455298,504.543
1473,36,33,20.414781438555085,-142.11810930590812,505.212
1474,36,34,29.440680058788296,-142.11810930590812,506.781
1475,36,35,38.467335122472086,-142.11810930590812,509.054
1476,36,36,47.493993601250466,-142.11810930590812,511.778
1477,36,37,56.519992966773934,-142.11810930590812,514.677
1478,36,38,65.54472191711179,-142.11810930590812,517.474
1479,36,39,74.56764769750875,-142.11810930590812,519.922
1480,37,0,88.09769236779206,-133.11817394225744,522.528
1481,37,1,82.88566380461455,46.8819232742527,523.401
1482,37,2,73.87205440224548,46.881909613874356,523.57
1483,37,3,64.8616620189755,46.881906198779774,523.114
1484,37,4,55.85462667368256,46.881906198779774,522.184
1485,37,5,46.85104398901507,46.881906198779774,520.983
1486,37,6,37.85096177629721,46.881902783685184,519.746
1487,37,7,28.85440394119108,46.881902783685184,518.71
1488,37,8,19.861336332750827,46.881902783685184,518.091
1489,37,9,10.87167955002735,46.881902783685184,518.059
1490,37,10,1.8853217486729872,46.881902783685184,518.719
1491,37,11,-7.09794069632689,46.881902783685184,520.1
1492,37,12,-16.078354098669227,46.881902783685184,522.147
1493,37,13,-25.056270639983097,46.8818993685906,524.73
1494,37,14,-34.03212104907304,46.8818993685906,527.65
1495,37,15,-43.00641588257952,46.8818993685906,530.659
1496,37,16,-51.979751074507604,46.8818993685906,533.481
1497,37,17,-60.95277890792304,46.88189595349602,535.842
1498,37,18,-69.92624728853994,46.88189595349602,537.495
1499,37,19,-78.90088363150491,46.88188912330685,538.24
1500,37,20,-87.8774324274375,46.88183448179349,537.951
1501,37,21,-83.14335318162078,-133.11807831960905,536.588
1502,37,22,-74.16082797016445,-133.11809197998738,534.2
1503,37,23,-65.17441638107037,-133.11809197998738,530.925
1504,37,24,-56.183684697326264,-133.11809197998738,526.978
1505,37,25,-47.18828116418987,-133.11809197998738,522.635
1506,37,26,-38.188120404296555,-133.11809197998738,518.204
1507,37,27,-29.18314436103838,-133.11809197998738,514.003
1508,37,28,-20.173559647637745,-133.11809197998738,510.327
1509,37,29,-11.15969667449574,-133.11809197998738,507.427
1510,37,30,-2.1420265112216885,-133.11809197998738,505.481
1511,37,31,6.8788692088879015,-133.11809197998738,504.589
1512,37,32,15.90232134073778,-133.11809197998738,504.755
1513,37,33,24.927608659040278,-133.11810564036574,505.895
1514,37,34,33.953963194400586,-133.11810564036574,507.844
1515,37,35,42.980707050543586,-133.11810564036574,510.376
1516,37,36,52.00711622741726,-133.11810564036574,513.223
1517,37,37,61.03254868723962,-133.11810564036574,516.105
1518,37,38,70.05643752430956,-133.11810564036574,518.755
1519,37,39,79.07829096500683,-133.11810564036574,520.951
1520,38,0,83.58831951547961,-124.11811563520168,521.824
1521,38,1,87.3936228077688,55.88196109074095,523.054
1522,38,2,78.37846295245815,55.88191669451135,523.571
1523,38,3,69.3664449841657,55.88191327941676,523.412
1524,38,4,60.35771233686402,55.881909864322175,522.697
1525,38,5,51.35239819924193,55.881909864322175,521.603
1526,38,6,42.35056404300197,55.881906449227586,520.354
1527,38,7,33.35224743418456,55.881906449227586,519.189
1528,38,8,24.357434712411365,55.881906449227586,518.337
1529,38,9,15.366088311641956,55.881906449227586,517.994
1530,38,10,6.378095960641845,55.881906449227586,518.299
1531,38,11,-2.606682786353775,55.881906449227586,519.321
1532,38,12,-11.588486559079032,55.881906449227586,521.046
1533,38,13,-20.567610336328706,55.881903034133,523.383
1534,38,14,-29.54442380209162,55.881903034133,526.163
1535,38,15,-38.51942897527177,55.881903034133,529.16
1536,38,16,-47.49316373326631,55.881903034133,532.111
1537,38,17,-56.46624962328969,55.881903034133,534.736
1538,38,18,-65.43941406048853,55.88189961903842,536.771
1539,38,19,-74.4133673845365,55.88189620394383,537.99
1540,38,20,-83.38887799171523,55.881882543565496,538.229
1541,38,21,-87.63332829669041,-124.11803367293163,537.403
1542,38,22,-78.65253795328326,-124.11808831444499,535.515
1543,38,23,-69.66813443980516,-124.11808831444499,532.661
1544,38,24,-60.67961232225755,-124.11808831444499,529.019
1545,38,25,-51.68658569495231,-124.11808831444499,524.837
1546,38,26,-42.68879159560641,-124.11808831444499,520.411
1547,38,27,-33.686223194030674,-124.11808831444499,516.056
1548,38,28,-24.678911226076355,-124.11808831444499,512.083
1549,38,29,-15.667137437046732,-124.11808831444499,508.767
1550,38,30,-6.651303527442355,-124.11808831444499,506.326
1551,38,31,2.368058601755155,-124.11808831444499,504.901
1552,38,32,11.390319719368513,-124.11808831444499,504.543
1553,38,33,20.414781438555085,-124.11810197482333,505.212
1554,38,34,29.440680058788296,-124.11810197482333,506.781
1555,38,35,38.467335122472086,-124.11810197482333,509.054
1556,38,36,47.493993601250466,-124.11810197482333,511.778
1557,38,37,56.519992966773934,-124.11810197482333,514.677
1558,38,38,65.54472191711179,-124.11810197482333,517.474
1559,38,39,74.56764769750875,-124.11810197482333,519.922
1560,39,0,88.09769236779206,-115.11816661117263,522.528
1561,39,1,82.88566380461455,64.88192719024292,523.401
1562,39,2,73.87205440224548,64.88192036005374,523.57
1563,39,3,64.8616620189755,64.88191352986458,523.114
1564,39,4,55.85462667368256,64.88191352986458,522.184
1565,39,5,46.85104398901507,64.88191352986458,520.983
1566,39,6,37.85096177629721,64.88191352986458,519.746
1567,39,7,28.85440394119108,64.88191352986458,518.71
1568,39,8,19.861336332750827,64.88191352986458,518.091
1569,39,9,10.87167955002735,64.88190669967541,518.059
1570,39,10,1.8853217486729872,64.88190669967541,518.719
1571,39,11,-7.09794069632689,64.88190669967541,520.1
1572,39,12,-16.078354098669227,64.88190669967541,522.147
1573,39,13,-25.056270639983097,64.88190669967541,524.73
1574,39,14,-34.03212104907304,64.88190669967541,527.65
1575,39,15,-43.00641588257952,64.88190669967541,530.659
1576,39,16,-51.979751074507604,64.88190669967541,533.481
1577,39,17,-60.95277890792304,64.88190669967541,535.842
1578,39,18,-69.92624728853994,64.88189986948623,537.495
1579,39,19,-78.90088363150491,64.88189986948623,538.24
1580,39,20,-87.8774324274375,64.88183839778371,537.951
1581,39,21,-83.14335318162078,-115.11807098852425,536.588
1582,39,22,-74.16082797016445,-115.1180846489026,534.2
1583,39,23,-65.17441638107037,-115.1180846489026,530.925
1584,39,24,-56.183684697326264,-115.1180846489026,526.978
1585,39,25,-47.18828116418987,-115.1180846489026,522.635
1586,39,26,-38.188120404296555,-115.1180846489026,518.204
1587,39,27,-29.18314436103838,-115.1180846489026,514.003
1588,39,28,-20.173559647637745,-115.1180846489026,510.327
1589,39,29,-11.15969667449574,-115.1180846489026,507.427
1590,39,30,-2.1420265112216885,-115.1180846489026,505.481
1591,39,31,6.8788692088879015,-115.1180846489026,504.589
1592,39,32,15.90232134073778,-115.1180846489026,504.755
1593,39,33,24.927608659040278,-115.11809830928092,505.895
1594,39,34,33.953963194400586,-115.11809830928092,507.844
1595,39,35,42.980707050543586,-115.11809830928092,510.376
1596,39,36,52.00711622741726,-115.11809830928092,513.223
1597,39,37,61.03254868723962,-115.11809830928092,516.105
1598,39,38,70.05643752430956,-115.11809830928092,518.755
1599,39,39,79.07829096500683,-115.11809830928092,520.951
