0,0,0,3.6790165096302534,-100.8537263409512,504.782
1,0,1,12.701640907930091,-100.8537263409512,504.577
2,0,2,21.726363881852414,-100.8537263409512,505.385
3,0,3,30.752445209645927,-100.8537263409512,507.07
4,0,4,39.779151499748494,-100.8537263409512,509.424
5,0,5,48.80576558229726,-100.8537263409512,512.19
6,0,6,57.83162151384816,-100.8537263409512,515.09
7,0,7,66.85613189813257,-100.8537263409512,517.851
8,0,8,75.8787708105844,-100.85373317114036,520.229
9,0,9,84.89910794928592,-100.85375366170788,522.039
10,0,10,86.08321686455602,79.14631281895099,523.167
11,0,11,77.06849414135223,79.1462854981943,523.581
12,0,12,68.05692013535584,79.1462854981943,523.333
13,0,13,59.048658771106886,79.14627866800514,522.55
14,0,14,50.04384323729421,79.14627866800514,521.421
15,0,15,41.04250426976907,79.14627866800514,520.17
16,0,16,32.044682849666486,79.14627866800514,519.037
17,0,17,23.050380684533753,79.14627866800514,518.249
18,0,18,14.059518373421769,79.14627866800514,517.994
19,0,19,5.072001147455796,79.14627866800514,518.402
20,0,20,-3.912335771677889,79.14627866800514,519.53
21,0,21,-12.893713511353665,79.14627866800514,521.353
22,0,22,-21.87247187348274,79.14627866800514,523.767
23,0,23,-30.848996763753224,79.14627866800514,526.594
24,0,24,-39.8237697105016,79.14627183781596,529.603
25,0,25,-48.797343959050636,79.14627183781596,532.524
26,0,26,-57.77040935850651,79.14627183781596,535.08
27,0,27,-66.74359770136743,79.14627183781596,537.01
28,0,28,-75.7177149499555,79.1462650076268,538.095
29,0,29,-84.69349876470103,79.14625134724845,538.183
30,0,30,-86.3283250331111,-100.85368535981618,537.2
31,0,31,-77.3470634066512,-100.85371268057285,535.164
32,0,32,-68.36210664785034,-100.85371951076203,532.182
33,0,33,-59.37295615289909,-100.85371951076203,528.444
34,0,34,-50.37928407271729,-100.85371951076203,524.207
35,0,35,-41.38081378464356,-100.85371951076203,519.77
36,0,36,-32.37753504339413,-100.85371951076203,515.451
37,0,37,-23.369563962184912,-100.85371951076203,511.557
38,0,38,-14.357175456129985,-100.85371951076203,508.355
39,0,39,-5.340797265826124,-100.85371951076203,506.055
40,1,0,8.190020923380699,-91.8537226754088,504.547
41,1,1,17.213785963271928,-91.8537226754088,504.861
42,1,2,26.23928160234411,-91.8537226754088,506.13
43,1,3,35.26576591129865,-91.8537226754088,508.178
44,1,4,44.29250976744165,-91.8537226754088,510.773
45,1,5,53.31882673676153,-91.85372950559797,513.641
46,1,6,62.344081611665466,-91.85372950559797,516.504
47,1,7,71.36771090154694,-91.85372950559797,519.101
48,1,8,80.38925015354239,-91.85373633578713,521.214
49,1,9,89.40829638649079,-91.85396856221892,522.693
50,1,10,81.57547642745519,88.14629599392588,523.462
51,1,11,72.56229732700383,88.14628233354753,523.534
52,1,12,63.55237622678657,88.14628233354753,522.998
53,1,13,54.54582582492471,88.14628233354753,522.015
54,1,14,45.54273491387747,88.14628233354753,520.795
55,1,15,36.54315130496902,88.14628233354753,519.574
56,1,16,27.547088658577717,88.14627550335837,518.587
57,1,17,18.55452306904146,88.14627550335837,518.045
58,1,18,9.565350375975404,88.14627550335837,518.11
59,1,19,0.5794481695830231,88.14627550335837,518.875
60,1,20,-8.40336785852157,88.14627550335837,520.359
61,1,21,-17.38339834338356,88.14627550335837,522.495
62,1,22,-26.360985328069983,88.14627550335837,525.142
63,1,23,-35.336567652235004,88.14627550335837,528.092
64,1,24,-44.31066099516096,88.14627550335837,531.092
65,1,25,-53.283910809724425,88.14627550335837,533.865
66,1,26,-62.256921567666936,88.14627550335837,536.138
67,1,27,-71.23049923131056,88.1462686731692,537.669
68,1,28,-80.20535414032898,88.14626184298002,538.27
69,1,29,-89.18224444572004,88.14610474862911,537.826
70,1,30,-81.8381176916097,-91.85370218484128,536.309
71,1,31,-72.8550802159656,-91.85371584521963,533.781
72,1,32,-63.868081230602904,-91.85371584521963,530.393
73,1,33,-54.87669384869847,-91.85371584521963,526.37
74,1,34,-45.88065169287468,-91.8537226754088,521.994
75,1,35,-36.879773763118514,-91.8537226754088,517.576
76,1,36,-27.874123238679804,-91.8537226754088,513.433
77,1,37,-18.863898195044477,-91.8537226754088,509.855
78,1,38,-9.849453802049377,-91.8537226754088,507.082
79,1,39,-0.8312779379724808,-91.8537226754088,505.285
80,2,0,3.6790165096302534,-82.85372584005556,504.782
81,2,1,12.701640907930091,-82.85372584005556,504.577
82,2,2,21.726363881852414,-82.85372584005556,505.385
83,2,3,30.752445209645927,-82.85372584005556,507.07
84,2,4,39.779151499748494,-82.85372584005556,509.424
85,2,5,48.80576558229726,-82.85372584005556,512.19
86,2,6,57.83162151384816,-82.85372584005556,515.09
87,2,7,66.85613189813257,-82.85372584005556,517.851
88,2,8,75.8787708105844,-82.85373267024474,520.229
89,2,9,84.89910794928592,-82.85375316081225,522.039
90,2,10,86.08321686455602,97.14631331984661,523.167
91,2,11,77.06849414135223,97.14628599908994,523.581
92,2,12,68.05692013535584,97.14628599908994,523.333
93,2,13,59.048658771106886,97.14627916890076,522.55
94,2,14,50.04384323729421,97.14627916890076,521.421
95,2,15,41.04250426976907,97.14627916890076,520.17
96,2,16,32.044682849666486,97.14627916890076,519.037
97,2,17,23.050380684533753,97.14627916890076,518.249
98,2,18,14.059518373421769,97.14627916890076,517.994
99,2,19,5.072001147455796,97.14627916890076,518.402
100,2,20,-3.912335771677889,97.14627916890076,519.53
101,2,21,-12.893713511353665,97.14627916890076,521.353
102,2,22,-21.87247187348274,97.14627916890076,523.767
103,2,23,-30.848996763753224,97.14627916890076,526.594
104,2,24,-39.8237697105016,97.1462723387116,529.603
105,2,25,-48.797343959050636,97.1462723387116,532.524
106,2,26,-57.77040935850651,97.1462723387116,535.08
107,2,27,-66.74359770136743,97.1462723387116,537.01
108,2,28,-75.7177149499555,97.14626550852243,538.095
109,2,29,-84.69349876470103,97.14625184814409,538.183
110,2,30,-86.3283250331111,-82.85368485892054,537.2
111,2,31,-77.3470634066512,-82.85371217967723,535.164
112,2,32,-68.36210664785034,-82.8537190098664,532.182
113,2,33,-59.37295615289909,-82.8537190098664,528.444
114,2,34,-50.37928407271729,-82.8537190098664,524.207
115,2,35,-41.38081378464356,-82.8537190098664,519.77
116,2,36,-32.37753504339413,-82.8537190098664,515.451
117,2,37,-23.369563962184912,-82.8537190098664,511.557
118,2,38,-14.357175456129985,-82.8537190098664,508.355
119,2,39,-5.340797265826124,-82.8537190098664,506.055
120,3,0,8.190020923380699,-73.85372217451317,504.547
121,3,1,17.213785963271928,-73.85372217451317,504.861
122,3,2,26.23928160234411,-73.85372217451317,506.13
123,3,3,35.26576591129865,-73.85372217451317,508.178
124,3,4,44.29250976744165,-73.85372217451317,510.773
125,3,5,53.31882673676153,-73.85372900470233,513.641
126,3,6,62.344081611665466,-73.85372900470233,516.504
127,3,7,71.36771090154694,-73.85372900470233,519.101
128,3,8,80.38925015354239,-73.85373583489151,521.214
129,3,9,89.40829638649079,-73.85396806132329,522.693
130,3,10,81.57547642745519,106.14629649482151,523.462
131,3,11,72.56229732700383,106.14628283444317,523.534
132,3,12,63.55237622678657,106.14628283444317,522.998
133,3,13,54.54582582492471,106.14628283444317,522.015
134,3,14,45.54273491387747,106.14628283444317,520.795
135,3,15,36.54315130496902,106.14628283444317,519.574
136,3,16,27.547088658577717,106.146276004254,518.587
137,3,17,18.55452306904146,106.146276004254,518.045
138,3,18,9.565350375975404,106.146276004254,518.11
139,3,19,0.5794481695830231,106.146276004254,518.875
140,3,20,-8.40336785852157,106.146276004254,520.359
141,3,21,-17.38339834338356,106.146276004254,522.495
142,3,22,-26.360985328069983,106.146276004254,525.142
143,3,23,-35.336567652235004,106.146276004254,528.092
144,3,24,-44.31066099516096,106.146276004254,531.092
145,3,25,-53.283910809724425,106.146276004254,533.865
146,3,26,-62.256921567666936,106.146276004254,536.138
147,3,27,-71.23049923131056,106.14626917406483,537.669
148,3,28,-80.20535414032898,106.14626234387566,538.27
149,3,29,-89.18224444572004,106.14610524952475,537.826
150,3,30,-81.8381176916097,-73.85370168394566,536.309
151,3,31,-72.8550802159656,-73.85371534432399,533.781
152,3,32,-63.868081230602904,-73.85371534432399,530.393
153,3,33,-54.87669384869847,-73.85371534432399,526.37
154,3,34,-45.88065169287468,-73.85372217451317,521.994
155,3,35,-36.879773763118514,-73.85372217451317,517.576
156,3,36,-27.874123238679804,-73.85372217451317,513.433
157,3,37,-18.863898195044477,-73.85372217451317,509.855
158,3,38,-9.849453802049377,-73.85372217451317,507.082
159,3,39,-0.8312779379724808,-73.85372217451317,505.285
160,4,0,3.6790165096302534,-64.85372533915994,504.782
161,4,1,12.701640907930091,-64.85372533915994,504.577
162,4,2,21.726363881852414,-64.85372533915994,505.385
163,4,3,30.752445209645927,-64.85372533915994,507.07
164,4,4,39.779151499748494,-64.85372533915994,509.424
165,4,5,48.80576558229726,-64.85372533915994,512.19
166,4,6,57.83162151384816,-64.85372533915994,515.09
167,4,7,66.85613189813257,-64.85372533915994,517.851
168,4,8,75.8787708105844,-64.8537321693491,520.229
169,4,9,84.89910794928592,-64.85375265991661,522.039
170,4,10,86.08321686455602,115.14632065093141,523.167
171,4,11,77.06849414135223,115.14629333017474,523.581
172,4,12,68.05692013535584,115.1462796697964,523.333
173,4,13,59.048658771106886,115.1462796697964,522.55
174,4,14,50.04384323729421,115.1462796697964,521.421
175,4,15,41.04250426976907,115.1462796697964,520.17
176,4,16,32.044682849666486,115.1462796697964,519.037
177,4,17,23.050380684533753,115.1462796697964,518.249
178,4,18,14.059518373421769,115.1462796697964,517.994
179,4,19,5.072001147455796,115.1462796697964,518.402
180,4,20,-3.912335771677889,115.1462796697964,519.53
181,4,21,-12.893713511353665,115.1462796697964,521.353
182,4,22,-21.87247187348274,115.1462796697964,523.767
183,4,23,-30.848996763753224,115.1462796697964,526.594
184,4,24,-39.8237697105016,115.1462796697964,529.603
185,4,25,-48.797343959050636,115.1462796697964,532.524
186,4,26,-57.77040935850651,115.1462796697964,535.08
187,4,27,-66.74359770136743,115.14626600941806,537.01
188,4,28,-75.7177149499555,115.14626600941806,538.095
189,4,29,-84.69349876470103,115.14625234903973,538.183
190,4,30,-86.3283250331111,-64.8536843580249,537.2
191,4,31,-77.3470634066512,-64.8537116787816,535.164
192,4,32,-68.36210664785034,-64.85371850897076,532.182
193,4,33,-59.37295615289909,-64.85371850897076,528.444
194,4,34,-50.37928407271729,-64.85371850897076,524.207
195,4,35,-41.38081378464356,-64.85371850897076,519.77
196,4,36,-32.37753504339413,-64.85371850897076,515.451
197,4,37,-23.369563962184912,-64.85371850897076,511.557
198,4,38,-14.357175456129985,-64.85371850897076,508.355
199,4,39,-5.340797265826124,-64.85371850897076,506.055
200,5,0,8.190020923380699,-55.85372167361753,504.547
201,5,1,17.213785963271928,-55.85372167361753,504.861
202,5,2,26.23928160234411,-55.85372167361753,506.13
203,5,3,35.26576591129865,-55.85372508871212,508.178
204,5,4,44.29250976744165,-55.85372508871212,510.773
205,5,5,53.31882673676153,-55.85372508871212,513.641
206,5,6,62.344081611665466,-55.85372508871212,516.504
207,5,7,71.36771090154694,-55.8537285038067,519.101
208,5,8,80.38925015354239,-55.85373533399587,521.214
209,5,9,89.40829638649079,-55.853964145333066,522.693
210,5,10,81.57547642745519,124.14629699571714,523.462
211,5,11,72.56229732700383,124.14628333533881,523.534
212,5,12,63.55237622678657,124.14628333533881,522.998
213,5,13,54.54582582492471,124.14628333533881,522.015
214,5,14,45.54273491387747,124.14628333533881,520.795
215,5,15,36.54315130496902,124.14628333533881,519.574
216,5,16,27.547088658577717,124.14628333533881,518.587
217,5,17,18.55452306904146,124.14628333533881,518.045
218,5,18,9.565350375975404,124.14628333533881,518.11
219,5,19,0.5794481695830231,124.14628333533881,518.875
220,5,20,-8.40336785852157,124.14628333533881,520.359
221,5,21,-17.38339834338356,124.14628333533881,522.495
222,5,22,-26.360985328069983,124.14628333533881,525.142
223,5,23,-35.336567652235004,124.14626967496046,528.092
224,5,24,-44.31066099516096,124.14626967496046,531.092
225,5,25,-53.283910809724425,124.14626967496046,533.865
226,5,26,-62.256921567666936,124.14626967496046,536.138
227,5,27,-71.23049923131056,124.14626967496046,537.669
228,5,28,-80.20535414032898,124.14626967496046,538.27
229,5,29,-89.18224444572004,124.14610575042039,537.826
230,5,30,-81.8381176916097,-55.8537045981446,536.309
231,5,31,-72.8550802159656,-55.853714843428364,533.781
232,5,32,-63.868081230602904,-55.853718258522946,530.393
233,5,33,-54.87669384869847,-55.853718258522946,526.37
234,5,34,-45.88065169287468,-55.853718258522946,521.994
235,5,35,-36.879773763118514,-55.853718258522946,517.576
236,5,36,-27.874123238679804,-55.85372167361753,513.433
237,5,37,-18.863898195044477,-55.85372167361753,509.855
238,5,38,-9.849453802049377,-55.85372167361753,507.082
239,5,39,-0.8312779379724808,-55.85372167361753,505.285
240,6,0,3.6790165096302534,-46.853721423169716,504.782
241,6,1,12.701640907930091,-46.853721423169716,504.577
242,6,2,21.726363881852414,-46.853721423169716,505.385
243,6,3,30.752445209645927,-46.853721423169716,507.07
244,6,4,39.779151499748494,-46.8537248382643,509.424
245,6,5,48.80576558229726,-46.8537248382643,512.19
246,6,6,57.83162151384816,-46.8537248382643,515.09
247,6,7,66.85613189813257,-46.85372825335888,517.851
248,6,8,75.8787708105844,-46.85373166845347,520.229
249,6,9,84.89910794928592,-46.853748743926396,522.039
250,6,10,86.08321686455602,133.14631432163787,523.167
251,6,11,77.06849414135223,133.14628700088122,523.581
252,6,12,68.05692013535584,133.14628700088122,523.333
253,6,13,59.048658771106886,133.14628700088122,522.55
254,6,14,50.04384323729421,133.14628700088122,521.421
255,6,15,41.04250426976907,133.14628700088122,520.17
256,6,16,32.044682849666486,133.14627334050286,519.037
257,6,17,23.050380684533753,133.14627334050286,518.249
258,6,18,14.059518373421769,133.14627334050286,517.994
259,6,19,5.072001147455796,133.14627334050286,518.402
260,6,20,-3.912335771677889,133.14627334050286,519.53
261,6,21,-12.893713511353665,133.14627334050286,521.353
262,6,22,-21.87247187348274,133.14627334050286,523.767
263,6,23,-30.848996763753224,133.14627334050286,526.594
264,6,24,-39.8237697105016,133.14627334050286,529.603
265,6,25,-48.797343959050636,133.14627334050286,532.524
266,6,26,-57.77040935850651,133.14627334050286,535.08
267,6,27,-66.74359770136743,133.14627334050286,537.01
268,6,28,-75.7177149499555,133.14627334050286,538.095
269,6,29,-84.69349876470103,133.14624601974617,538.183
270,6,30,-86.3283250331111,-46.853683857129276,537.2
271,6,31,-77.3470634066512,-46.85371117788596,535.164
272,6,32,-68.36210664785034,-46.853714592980545,532.182
273,6,33,-59.37295615289909,-46.85371800807513,528.444
274,6,34,-50.37928407271729,-46.85371800807513,524.207
275,6,35,-41.38081378464356,-46.85371800807513,519.77
276,6,36,-32.37753504339413,-46.853721423169716,515.451
277,6,37,-23.369563962184912,-46.853721423169716,511.557
278,6,38,-14.357175456129985,-46.853721423169716,508.355
279,6,39,-5.340797265826124,-46.853721423169716,506.055
280,7,0,8.190020923380699,-37.85372458781648,504.547
281,7,1,17.213785963271928,-37.85372458781648,504.861
282,7,2,26.23928160234411,-37.85372458781648,506.13
283,7,3,35.26576591129865,-37.85372800291107,508.178
284,7,4,44.29250976744165,-37.85372800291107,510.773
285,7,5,53.31882673676153,-37.85372800291107,513.641
286,7,6,62.344081611665466,-37.85372800291107,516.504
287,7,7,71.36771090154694,-37.85373141800565,519.101
288,7,8,80.38925015354239,-37.85373824819482,521.214
289,7,9,89.40829638649079,-37.85396705953202,522.693
290,7,10,81.57547642745519,142.1462906664236,523.462
291,7,11,72.56229732700383,142.14627700604527,523.534
292,7,12,63.55237622678657,142.14627700604527,522.998
293,7,13,54.54582582492471,142.14627700604527,522.015
294,7,14,45.54273491387747,142.14627700604527,520.795
295,7,15,36.54315130496902,142.14627700604527,519.574
296,7,16,27.547088658577717,142.14627700604527,518.587
297,7,17,18.55452306904146,142.14627700604527,518.045
298,7,18,9.565350375975404,142.14627700604527,518.11
299,7,19,0.5794481695830231,142.14627700604527,518.875
300,7,20,-8.40336785852157,142.14627700604527,520.359
301,7,21,-17.38339834338356,142.14627700604527,522.495
302,7,22,-26.360985328069983,142.14627700604527,525.142
303,7,23,-35.336567652235004,142.14627700604527,528.092
304,7,24,-44.31066099516096,142.14627700604527,531.092
305,7,25,-53.283910809724425,142.14627700604527,533.865
306,7,26,-62.256921567666936,142.14627700604527,536.138
307,7,27,-71.23049923131056,142.14626334566694,537.669
308,7,28,-80.20535414032898,142.14626334566694,538.27
309,7,29,-89.18224444572004,142.14609942112685,537.826
310,7,30,-81.8381176916097,-37.853707512343554,536.309
311,7,31,-72.8550802159656,-37.853717757627315,533.781
312,7,32,-63.868081230602904,-37.8537211727219,530.393
313,7,33,-54.87669384869847,-37.8537211727219,526.37
314,7,34,-45.88065169287468,-37.8537211727219,521.994
315,7,35,-36.879773763118514,-37.8537211727219,517.576
316,7,36,-27.874123238679804,-37.85372458781648,513.433
317,7,37,-18.863898195044477,-37.85372458781648,509.855
318,7,38,-9.849453802049377,-37.85372458781648,507.082
319,7,39,-0.8312779379724808,-37.85372458781648,505.285
320,8,0,3.6790165096302534,-28.853720922274082,504.782
321,8,1,12.701640907930091,-28.853720922274082,504.577
322,8,2,21.726363881852414,-28.853720922274082,505.385
323,8,3,30.752445209645927,-28.853720922274082,507.07
324,8,4,39.779151499748494,-28.853724337368664,509.424
325,8,5,48.80576558229726,-28.853724337368664,512.19
326,8,6,57.83162151384816,-28.853724337368664,515.09
327,8,7,66.85613189813257,-28.85372775246325,517.851
328,8,8,75.8787708105844,-28.853731167557836,520.229
329,8,9,84.89910794928592,-28.85374824303076,522.039
330,8,10,86.08321686455602,151.1463216527227,523.167
331,8,11,77.06849414135223,151.146294331966,523.581
332,8,12,68.05692013535584,151.14628067158768,523.333
333,8,13,59.048658771106886,151.14628067158768,522.55
334,8,14,50.04384323729421,151.14628067158768,521.421
335,8,15,41.04250426976907,151.14628067158768,520.17
336,8,16,32.044682849666486,151.14628067158768,519.037
337,8,17,23.050380684533753,151.14628067158768,518.249
338,8,18,14.059518373421769,151.14628067158768,517.994
339,8,19,5.072001147455796,151.14628067158768,518.402
340,8,20,-3.912335771677889,151.14628067158768,519.53
341,8,21,-12.893713511353665,151.14628067158768,521.353
342,8,22,-21.87247187348274,151.14628067158768,523.767
343,8,23,-30.848996763753224,151.14628067158768,526.594
344,8,24,-39.8237697105016,151.14628067158768,529.603
345,8,25,-48.797343959050636,151.14628067158768,532.524
346,8,26,-57.77040935850651,151.14628067158768,535.08
347,8,27,-66.74359770136743,151.14626701120932,537.01
348,8,28,-75.7177149499555,151.14626701120932,538.095
349,8,29,-84.69349876470103,151.146253350831,538.183
350,8,30,-86.3283250331111,-28.853683356233645,537.2
351,8,31,-77.3470634066512,-28.853710676990325,535.164
352,8,32,-68.36210664785034,-28.85371409208491,532.182
353,8,33,-59.37295615289909,-28.853717507179496,528.444
354,8,34,-50.37928407271729,-28.853717507179496,524.207
355,8,35,-41.38081378464356,-28.853717507179496,519.77
356,8,36,-32.37753504339413,-28.853720922274082,515.451
357,8,37,-23.369563962184912,-28.853720922274082,511.557
358,8,38,-14.357175456129985,-28.853720922274082,508.355
359,8,39,-5.340797265826124,-28.853720922274082,506.055
360,9,0,8.190020923380699,-19.85372408692085,504.547
361,9,1,17.213785963271928,-19.85372579446814,504.861
362,9,2,26.23928160234411,-19.85372579446814,506.13
363,9,3,35.26576591129865,-19.85372579446814,508.178
364,9,4,44.29250976744165,-19.85372579446814,510.773
365,9,5,53.31882673676153,-19.853727502015435,513.641
366,9,6,62.344081611665466,-19.853729209562726,516.504
367,9,7,71.36771090154694,-19.85373091711002,519.101
368,9,8,80.38925015354239,-19.853739454846483,521.214
369,9,9,89.40829638649079,-19.853966558636383,522.693
370,9,10,81.57547642745519,160.1462979975084,523.462
371,9,11,72.56229732700383,160.14628433713008,523.534
372,9,12,63.55237622678657,160.14628433713008,522.998
373,9,13,54.54582582492471,160.14628433713008,522.015
374,9,14,45.54273491387747,160.14628433713008,520.795
375,9,15,36.54315130496902,160.14628433713008,519.574
376,9,16,27.547088658577717,160.14627067675173,518.587
377,9,17,18.55452306904146,160.14627067675173,518.045
378,9,18,9.565350375975404,160.14627067675173,518.11
379,9,19,0.5794481695830231,160.14627067675173,518.875
380,9,20,-8.40336785852157,160.14627067675173,520.359
381,9,21,-17.38339834338356,160.14627067675173,522.495
382,9,22,-26.360985328069983,160.14627067675173,525.142
383,9,23,-35.336567652235004,160.14627067675173,528.092
384,9,24,-44.31066099516096,160.14627067675173,531.092
385,9,25,-53.283910809724425,160.14627067675173,533.865
386,9,26,-62.256921567666936,160.14627067675173,536.138
387,9,27,-71.23049923131056,160.14627067675173,537.669
388,9,28,-80.20535414032898,160.1462570163734,538.27
389,9,29,-89.18224444572004,160.14610675221164,537.826
390,9,30,-81.8381176916097,-19.853707011447923,536.309
391,9,31,-72.8550802159656,-19.853715549184386,533.781
392,9,32,-63.868081230602904,-19.853718964278972,530.393
393,9,33,-54.87669384869847,-19.853720671826263,526.37
394,9,34,-45.88065169287468,-19.853722379373558,521.994
395,9,35,-36.879773763118514,-19.853722379373558,517.576
396,9,36,-27.874123238679804,-19.853722379373558,513.433
397,9,37,-18.863898195044477,-19.85372408692085,509.855
398,9,38,-9.849453802049377,-19.85372408692085,507.082
399,9,39,-0.8312779379724808,-19.85372408692085,505.285
400,10,0,3.6790165096302534,-10.853720421378448,504.782
401,10,1,12.701640907930091,-10.853721275152093,504.577
402,10,2,21.726363881852414,-10.853721275152093,505.385
403,10,3,30.752445209645927,-10.85372212892574,507.07
404,10,4,39.779151499748494,-10.853722982699386,509.424
405,10,5,48.80576558229726,-10.853722982699386,512.19
406,10,6,57.83162151384816,-10.853724690246679,515.09
407,10,7,66.85613189813257,-10.85372639779397,517.851
408,10,8,75.8787708105844,-10.853730666662202,520.229
409,10,9,84.89910794928592,-10.853748595908774,522.039
410,10,10,86.08321686455602,169.14631532342915,523.167
411,10,11,77.06849414135223,169.14628800267246,523.581
412,10,12,68.05692013535584,169.14628800267246,523.333
413,10,13,59.048658771106886,169.14628800267246,522.55
414,10,14,50.04384323729421,169.14628800267246,521.421
415,10,15,41.04250426976907,169.14628800267246,520.17
416,10,16,32.044682849666486,169.14627434229413,519.037
417,10,17,23.050380684533753,169.14627434229413,518.249
418,10,18,14.059518373421769,169.14627434229413,517.994
419,10,19,5.072001147455796,169.14627434229413,518.402
420,10,20,-3.912335771677889,169.14627434229413,519.53
421,10,21,-12.893713511353665,169.14627434229413,521.353
422,10,22,-21.87247187348274,169.14627434229413,523.767
423,10,23,-30.848996763753224,169.14627434229413,526.594
424,10,24,-39.8237697105016,169.14627434229413,529.603
425,10,25,-48.797343959050636,169.14627434229413,532.524
426,10,26,-57.77040935850651,169.14627434229413,535.08
427,10,27,-66.74359770136743,169.14627434229413,537.01
428,10,28,-75.7177149499555,169.14627434229413,538.095
429,10,29,-84.69349876470103,169.14624702153745,538.183
430,10,30,-86.3283250331111,-10.85368114779072,537.2
431,10,31,-77.3470634066512,-10.853709322321047,535.164
432,10,32,-68.36210664785034,-10.853714444962923,532.182
433,10,33,-59.37295615289909,-10.853716152510216,528.444
434,10,34,-50.37928407271729,-10.85371786005751,524.207
435,10,35,-41.38081378464356,-10.853718713831155,519.77
436,10,36,-32.37753504339413,-10.853718713831155,515.451
437,10,37,-23.369563962184912,-10.8537195676048,511.557
438,10,38,-14.357175456129985,-10.8537195676048,508.355
439,10,39,-5.340797265826124,-10.853720421378448,506.055
440,11,0,8.190020923380699,-1.8537240129120387,504.547
441,11,1,17.213785963271928,-1.853724439798862,504.861
442,11,2,26.23928160234411,-1.853724866685685,506.13
443,11,3,35.26576591129865,-1.8537255070159198,508.178
444,11,4,44.29250976744165,-1.8537261473461544,510.773
445,11,5,53.31882673676153,-1.8537270011198006,513.641
446,11,6,62.344081611665466,-1.8537284952236817,516.504
447,11,7,71.36771090154694,-1.8537310565446203,519.101
448,11,8,80.38925015354239,-1.853738527064025,521.214
449,11,9,89.40829638649079,-1.8539662711841627,522.693
450,11,10,81.57547642745519,178.14629166821487,523.462
451,11,11,72.56229732700383,178.14627800783654,523.534
452,11,12,63.55237622678657,178.14627800783654,522.998
453,11,13,54.54582582492471,178.14627800783654,522.015
454,11,14,45.54273491387747,178.14627800783654,520.795
455,11,15,36.54315130496902,178.14627800783654,519.574
456,11,16,27.547088658577717,178.14627800783654,518.587
457,11,17,18.55452306904146,178.14627800783654,518.045
458,11,18,9.565350375975404,178.14627800783654,518.11
459,11,19,0.5794481695830231,178.14627800783654,518.875
460,11,20,-8.40336785852157,178.14627800783654,520.359
461,11,21,-17.38339834338356,178.14627800783654,522.495
462,11,22,-26.360985328069983,178.14627800783654,525.142
463,11,23,-35.336567652235004,178.14627800783654,528.092
464,11,24,-44.31066099516096,178.14627800783654,531.092
465,11,25,-53.283910809724425,178.14627800783654,533.865
466,11,26,-62.256921567666936,178.14627800783654,536.138
467,11,27,-71.23049923131056,178.14626434745819,537.669
468,11,28,-80.20535414032898,178.14626434745819,538.27
469,11,29,-89.18224444572004,178.14610042291812,537.826
470,11,30,-81.8381176916097,-1.8537062971088791,536.309
471,11,31,-72.8550802159656,-1.8537154751755762,533.781
472,11,32,-63.868081230602904,-1.8537184633833381,530.393
473,11,33,-54.87669384869847,-1.8537201709306306,526.37
474,11,34,-45.88065169287468,-1.8537210247042768,521.994
475,11,35,-36.879773763118514,-1.853721878477923,517.576
476,11,36,-27.874123238679804,-1.8537223053647462,513.433
477,11,37,-18.863898195044477,-1.8537227322515695,509.855
478,11,38,-9.849453802049377,-1.8537231591383925,507.082
479,11,39,-0.8312779379724808,-1.8537235860252157,505.285
480,12,0,3.6790165096302534,7.146279652630363,504.782
481,12,1,12.701640907930091,7.14627922574354,504.577
482,12,2,21.726363881852414,7.1462787988567165,505.385
483,12,3,30.752445209645927,7.146278371969894,507.07
484,12,4,39.779151499748494,7.14627794508307,509.424
485,12,5,48.80576558229726,7.1462770913094245,512.19
486,12,6,57.83162151384816,7.146275810648955,515.09
487,12,7,66.85613189813257,7.146274103101662,517.851
488,12,8,75.8787708105844,7.146269834233431,520.229
489,12,9,84.89910794928592,7.14625190498686,522.039
490,12,10,86.08321686455602,-172.8536873633987,523.167
491,12,11,77.06849414135223,-172.8537146841554,523.581
492,12,12,68.05692013535584,-172.8537146841554,523.333
493,12,13,59.048658771106886,-172.8537146841554,522.55
494,12,14,50.04384323729421,-172.8537146841554,521.421
495,12,15,41.04250426976907,-172.8537146841554,520.17
496,12,16,32.044682849666486,-172.8537146841554,519.037
497,12,17,23.050380684533753,-172.8537146841554,518.249
498,12,18,14.059518373421769,-172.8537146841554,517.994
499,12,19,5.072001147455796,-172.8537146841554,518.402
500,12,20,-3.912335771677889,-172.8537146841554,519.53
501,12,21,-12.893713511353665,-172.8537146841554,521.353
502,12,22,-21.87247187348274,-172.8537146841554,523.767
503,12,23,-30.848996763753224,-172.8537146841554,526.594
504,12,24,-39.8237697105016,-172.85372834453372,529.603
505,12,25,-48.797343959050636,-172.85372834453372,532.524
506,12,26,-57.77040935850651,-172.85372834453372,535.08
507,12,27,-66.74359770136743,-172.85372834453372,537.01
508,12,28,-75.7177149499555,-172.85372834453372,538.095
509,12,29,-84.69349876470103,-172.85374200491208,538.183
510,12,30,-86.3283250331111,7.146318926218091,537.2
511,12,31,-77.3470634066512,7.146291178574588,535.164
512,12,32,-68.36210664785034,7.146286482819533,532.182
513,12,33,-59.37295615289909,7.146284348385417,528.444
514,12,34,-50.37928407271729,7.146283067724948,524.207
515,12,35,-41.38081378464356,7.146282213951301,519.77
516,12,36,-32.37753504339413,7.146281787064479,515.451
517,12,37,-23.369563962184912,7.146280933290832,511.557
518,12,38,-14.357175456129985,7.146280506404009,508.355
519,12,39,-5.340797265826124,7.146280079517186,506.055
520,13,0,8.190020923380699,16.146283745059588,504.547
521,13,1,17.213785963271928,16.146282037512297,504.861
522,13,2,26.23928160234411,16.146282037512297,506.13
523,13,3,35.26576591129865,16.146282037512297,508.178
524,13,4,44.29250976744165,16.146282037512297,510.773
525,13,5,53.31882673676153,16.146280329965002,513.641
526,13,6,62.344081611665466,16.14627862241771,516.504
527,13,7,71.36771090154694,16.146276914870416,519.101
528,13,8,80.38925015354239,16.146268377133953,521.214
529,13,9,89.40829638649079,16.146041273344053,522.693
530,13,10,81.57547642745519,-163.85369735823465,523.462
531,13,11,72.56229732700383,-163.85371101861298,523.534
532,13,12,63.55237622678657,-163.85371101861298,522.998
533,13,13,54.54582582492471,-163.85371101861298,522.015
534,13,14,45.54273491387747,-163.85371101861298,520.795
535,13,15,36.54315130496902,-163.85371101861298,519.574
536,13,16,27.547088658577717,-163.85371101861298,518.587
537,13,17,18.55452306904146,-163.85371101861298,518.045
538,13,18,9.565350375975404,-163.85371101861298,518.11
539,13,19,0.5794481695830231,-163.85371101861298,518.875
540,13,20,-8.40336785852157,-163.85371101861298,520.359
541,13,21,-17.38339834338356,-163.85371101861298,522.495
542,13,22,-26.360985328069983,-163.85371101861298,525.142
543,13,23,-35.336567652235004,-163.85372467899134,528.092
544,13,24,-44.31066099516096,-163.85372467899134,531.092
545,13,25,-53.283910809724425,-163.85372467899134,533.865
546,13,26,-62.256921567666936,-163.85372467899134,536.138
547,13,27,-71.23049923131056,-163.85372467899134,537.669
548,13,28,-80.20535414032898,-163.85372467899134,538.27
549,13,29,-89.18224444572004,-163.8538886035314,537.826
550,13,30,-81.8381176916097,16.146300820532513,536.309
551,13,31,-72.8550802159656,16.14629228279605,533.781
552,13,32,-63.868081230602904,16.146288867701465,530.393
553,13,33,-54.87669384869847,16.146287160154174,526.37
554,13,34,-45.88065169287468,16.14628545260688,521.994
555,13,35,-36.879773763118514,16.14628545260688,517.576
556,13,36,-27.874123238679804,16.14628545260688,513.433
557,13,37,-18.863898195044477,16.146283745059588,509.855
558,13,38,-9.849453802049377,16.146283745059588,507.082
559,13,39,-0.8312779379724808,16.146283745059588,505.285
560,14,0,3.6790165096302534,25.14627375022365,504.782
561,14,1,12.701640907930091,25.14627375022365,504.577
562,14,2,21.726363881852414,25.146272042676358,505.385
563,14,3,30.752445209645927,25.146272042676358,507.07
564,14,4,39.779151499748494,25.146272042676358,509.424
565,14,5,48.80576558229726,25.146270335129064,512.19
566,14,6,57.83162151384816,25.146270335129064,515.09
567,14,7,66.85613189813257,25.146268627581772,517.851
568,14,8,75.8787708105844,25.146263504939895,520.229
569,14,9,84.89910794928592,25.14624642946697,522.039
570,14,10,86.08321686455602,-154.85369369269225,523.167
571,14,11,77.06849414135223,-154.85372101344893,523.581
572,14,12,68.05692013535584,-154.85372101344893,523.333
573,14,13,59.048658771106886,-154.85372101344893,522.55
574,14,14,50.04384323729421,-154.85372101344893,521.421
575,14,15,41.04250426976907,-154.85372101344893,520.17
576,14,16,32.044682849666486,-154.85372101344893,519.037
577,14,17,23.050380684533753,-154.85372101344893,518.249
578,14,18,14.059518373421769,-154.85372101344893,517.994
579,14,19,5.072001147455796,-154.85372101344893,518.402
580,14,20,-3.912335771677889,-154.85372101344893,519.53
581,14,21,-12.893713511353665,-154.85372101344893,521.353
582,14,22,-21.87247187348274,-154.85372101344893,523.767
583,14,23,-30.848996763753224,-154.85372101344893,526.594
584,14,24,-39.8237697105016,-154.85373467382726,529.603
585,14,25,-48.797343959050636,-154.85373467382726,532.524
586,14,26,-57.77040935850651,-154.85373467382726,535.08
587,14,27,-66.74359770136743,-154.85373467382726,537.01
588,14,28,-75.7177149499555,-154.85373467382726,538.095
589,14,29,-84.69349876470103,-154.85374833420562,538.183
590,14,30,-86.3283250331111,25.146313023811377,537.2
591,14,31,-77.3470634066512,25.146283995507403,535.164
592,14,32,-68.36210664785034,25.14628058041282,532.182
593,14,33,-59.37295615289909,25.146277165318235,528.444
594,14,34,-50.37928407271729,25.146277165318235,524.207
595,14,35,-41.38081378464356,25.14627545777094,519.77
596,14,36,-32.37753504339413,25.14627545777094,515.451
597,14,37,-23.369563962184912,25.14627545777094,511.557
598,14,38,-14.357175456129985,25.14627375022365,508.355
599,14,39,-5.340797265826124,25.14627375022365,506.055
600,15,0,8.190020923380699,34.14627741576605,504.547
601,15,1,17.213785963271928,34.14627741576605,504.861
602,15,2,26.23928160234411,34.14627741576605,506.13
603,15,3,35.26576591129865,34.14627400067147,508.178
604,15,4,44.29250976744165,34.14627400067147,510.773
605,15,5,53.31882673676153,34.14627400067147,513.641
606,15,6,62.344081611665466,34.14627400067147,516.504
607,15,7,71.36771090154694,34.14627058557688,519.101
608,15,8,80.38925015354239,34.146263755387714,521.214
609,15,9,89.40829638649079,34.14603494405051,522.693
610,15,10,81.57547642745519,-145.8537036875282,523.462
611,15,11,72.56229732700383,-145.85371734790652,523.534
612,15,12,63.55237622678657,-145.85371734790652,522.998
613,15,13,54.54582582492471,-145.85371734790652,522.015
614,15,14,45.54273491387747,-145.85371734790652,520.795
615,15,15,36.54315130496902,-145.85371734790652,519.574
616,15,16,27.547088658577717,-145.85371734790652,518.587
617,15,17,18.55452306904146,-145.85371734790652,518.045
618,15,18,9.565350375975404,-145.85371734790652,518.11
619,15,19,0.5794481695830231,-145.85371734790652,518.875
620,15,20,-8.40336785852157,-145.85371734790652,520.359
621,15,21,-17.38339834338356,-145.85371734790652,522.495
622,15,22,-26.360985328069983,-145.85371734790652,525.142
623,15,23,-35.336567652235004,-145.85373100828485,528.092
624,15,24,-44.31066099516096,-145.85373100828485,531.092
625,15,25,-53.283910809724425,-145.85373100828485,533.865
626,15,26,-62.256921567666936,-145.85373100828485,536.138
627,15,27,-71.23049923131056,-145.85373100828485,537.669
628,15,28,-80.20535414032898,-145.85373100828485,538.27
629,15,29,-89.18224444572004,-145.85389493282494,537.826
630,15,30,-81.8381176916097,34.146294491238976,536.309
631,15,31,-72.8550802159656,34.14628424595522,533.781
632,15,32,-63.868081230602904,34.14628083086063,530.393
633,15,33,-54.87669384869847,34.14628083086063,526.37
634,15,34,-45.88065169287468,34.14628083086063,521.994
635,15,35,-36.879773763118514,34.14628083086063,517.576
636,15,36,-27.874123238679804,34.14627741576605,513.433
637,15,37,-18.863898195044477,34.14627741576605,509.855
638,15,38,-9.849453802049377,34.14627741576605,507.082
639,15,39,-0.8312779379724808,34.14627741576605,505.285
640,16,0,3.6790165096302534,43.14628108130845,504.782
641,16,1,12.701640907930091,43.14628108130845,504.577
642,16,2,21.726363881852414,43.14628108130845,505.385
643,16,3,30.752445209645927,43.14628108130845,507.07
644,16,4,39.779151499748494,43.14627766621387,509.424
645,16,5,48.80576558229726,43.14627766621387,512.19
646,16,6,57.83162151384816,43.14627766621387,515.09
647,16,7,66.85613189813257,43.14627425111928,517.851
648,16,8,75.8787708105844,43.1462708360247,520.229
649,16,9,84.89910794928592,43.14625376055177,522.039
650,16,10,86.08321686455602,-136.85368636160746,523.167
651,16,11,77.06849414135223,-136.85371368236412,523.581
652,16,12,68.05692013535584,-136.85371368236412,523.333
653,16,13,59.048658771106886,-136.85371368236412,522.55
654,16,14,50.04384323729421,-136.85371368236412,521.421
655,16,15,41.04250426976907,-136.85371368236412,520.17
656,16,16,32.044682849666486,-136.85371368236412,519.037
657,16,17,23.050380684533753,-136.85371368236412,518.249
658,16,18,14.059518373421769,-136.85371368236412,517.994
659,16,19,5.072001147455796,-136.85371368236412,518.402
660,16,20,-3.912335771677889,-136.85371368236412,519.53
661,16,21,-12.893713511353665,-136.85371368236412,521.353
662,16,22,-21.87247187348274,-136.85371368236412,523.767
663,16,23,-30.848996763753224,-136.85371368236412,526.594
664,16,24,-39.8237697105016,-136.85372734274247,529.603
665,16,25,-48.797343959050636,-136.85372734274247,532.524
666,16,26,-57.77040935850651,-136.85372734274247,535.08
667,16,27,-66.74359770136743,-136.85372734274247,537.01
668,16,28,-75.7177149499555,-136.85372734274247,538.095
669,16,29,-84.69349876470103,-136.8537410031208,538.183
670,16,30,-86.3283250331111,43.146318647348885,537.2
671,16,31,-77.3470634066512,43.146291326592205,535.164
672,16,32,-68.36210664785034,43.14628791149762,532.182
673,16,33,-59.37295615289909,43.14628449640304,528.444
674,16,34,-50.37928407271729,43.14628449640304,524.207
675,16,35,-41.38081378464356,43.14628449640304,519.77
676,16,36,-32.37753504339413,43.14628108130845,515.451
677,16,37,-23.369563962184912,43.14628108130845,511.557
678,16,38,-14.357175456129985,43.14628108130845,508.355
679,16,39,-5.340797265826124,43.14628108130845,506.055
680,17,0,8.190020923380699,52.14627108647252,504.547
681,17,1,17.213785963271928,52.14627108647252,504.861
682,17,2,26.23928160234411,52.14627108647252,506.13
683,17,3,35.26576591129865,52.14626767137793,508.178
684,17,4,44.29250976744165,52.14626767137793,510.773
685,17,5,53.31882673676153,52.14626767137793,513.641
686,17,6,62.344081611665466,52.14626767137793,516.504
687,17,7,71.36771090154694,52.146264256283345,519.101
688,17,8,80.38925015354239,52.146257426094174,521.214
689,17,9,89.40829638649079,52.14602861475698,522.693
690,17,10,81.57547642745519,-127.85371001682172,523.462
691,17,11,72.56229732700383,-127.85372367720007,523.534
692,17,12,63.55237622678657,-127.85372367720007,522.998
693,17,13,54.54582582492471,-127.85372367720007,522.015
694,17,14,45.54273491387747,-127.85372367720007,520.795
695,17,15,36.54315130496902,-127.85372367720007,519.574
696,17,16,27.547088658577717,-127.85372367720007,518.587
697,17,17,18.55452306904146,-127.85372367720007,518.045
698,17,18,9.565350375975404,-127.85372367720007,518.11
699,17,19,0.5794481695830231,-127.85372367720007,518.875
700,17,20,-8.40336785852157,-127.85372367720007,520.359
701,17,21,-17.38339834338356,-127.85372367720007,522.495
702,17,22,-26.360985328069983,-127.85372367720007,525.142
703,17,23,-35.336567652235004,-127.85373733757841,528.092
704,17,24,-44.31066099516096,-127.85373733757841,531.092
705,17,25,-53.283910809724425,-127.85373733757841,533.865
706,17,26,-62.256921567666936,-127.85373733757841,536.138
707,17,27,-71.23049923131056,-127.85373733757841,537.669
708,17,28,-80.20535414032898,-127.85373733757841,538.27
709,17,29,-89.18224444572004,-127.85390126211848,537.826
710,17,30,-81.8381176916097,52.14628816194544,536.309
711,17,31,-72.8550802159656,52.14627791666168,533.781
712,17,32,-63.868081230602904,52.1462745015671,530.393
713,17,33,-54.87669384869847,52.1462745015671,526.37
714,17,34,-45.88065169287468,52.1462745015671,521.994
715,17,35,-36.879773763118514,52.1462745015671,517.576
716,17,36,-27.874123238679804,52.14627108647252,513.433
717,17,37,-18.863898195044477,52.14627108647252,509.855
718,17,38,-9.849453802049377,52.14627108647252,507.082
719,17,39,-0.8312779379724808,52.14627108647252,505.285
720,18,0,3.6790165096302534,61.14627133692033,504.782
721,18,1,12.701640907930091,61.14627133692033,504.577
722,18,2,21.726363881852414,61.14627133692033,505.385
723,18,3,30.752445209645927,61.14627133692033,507.07
724,18,4,39.779151499748494,61.14627133692033,509.424
725,18,5,48.80576558229726,61.14627133692033,512.19
726,18,6,57.83162151384816,61.14627133692033,515.09
727,18,7,66.85613189813257,61.14627133692033,517.851
728,18,8,75.8787708105844,61.146264506731164,520.229
729,18,9,84.89910794928592,61.14624401616365,522.039
730,18,10,86.08321686455602,-118.85369269090098,523.167
731,18,11,77.06849414135223,-118.85372001165766,523.581
732,18,12,68.05692013535584,-118.85372001165766,523.333
733,18,13,59.048658771106886,-118.85372001165766,522.55
734,18,14,50.04384323729421,-118.85372001165766,521.421
735,18,15,41.04250426976907,-118.85372001165766,520.17
736,18,16,32.044682849666486,-118.85372001165766,519.037
737,18,17,23.050380684533753,-118.85372001165766,518.249
738,18,18,14.059518373421769,-118.85372001165766,517.994
739,18,19,5.072001147455796,-118.85372001165766,518.402
740,18,20,-3.912335771677889,-118.85372001165766,519.53
741,18,21,-12.893713511353665,-118.85372001165766,521.353
742,18,22,-21.87247187348274,-118.85372001165766,523.767
743,18,23,-30.848996763753224,-118.85372001165766,526.594
744,18,24,-39.8237697105016,-118.853733672036,529.603
745,18,25,-48.797343959050636,-118.853733672036,532.524
746,18,26,-57.77040935850651,-118.853733672036,535.08
747,18,27,-66.74359770136743,-118.853733672036,537.01
748,18,28,-75.7177149499555,-118.853733672036,538.095
749,18,29,-84.69349876470103,-118.85374733241434,538.183
750,18,30,-86.3283250331111,61.14631231805535,537.2
751,18,31,-77.3470634066512,61.14628499729867,535.164
752,18,32,-68.36210664785034,61.1462781671095,532.182
753,18,33,-59.37295615289909,61.1462781671095,528.444
754,18,34,-50.37928407271729,61.1462781671095,524.207
755,18,35,-41.38081378464356,61.1462781671095,519.77
756,18,36,-32.37753504339413,61.1462781671095,515.451
757,18,37,-23.369563962184912,61.1462781671095,511.557
758,18,38,-14.357175456129985,61.1462781671095,508.355
759,18,39,-5.340797265826124,61.1462781671095,506.055
760,19,0,8.190020923380699,70.14627500246273,504.547
761,19,1,17.213785963271928,70.14627500246273,504.861
762,19,2,26.23928160234411,70.14627500246273,506.13
763,19,3,35.26576591129865,70.14627500246273,508.178
764,19,4,44.29250976744165,70.14627500246273,510.773
765,19,5,53.31882673676153,70.14627500246273,513.641
766,19,6,62.344081611665466,70.14627500246273,516.504
767,19,7,71.36771090154694,70.14626817227357,519.101
768,19,8,80.38925015354239,70.14626134208439,521.214
769,19,9,89.40829638649079,70.14603594584179,522.693
770,19,10,81.57547642745519,-109.85370268573692,523.462
771,19,11,72.56229732700383,-109.85371634611526,523.534
772,19,12,63.55237622678657,-109.85371634611526,522.998
773,19,13,54.54582582492471,-109.85371634611526,522.015
774,19,14,45.54273491387747,-109.85371634611526,520.795
775,19,15,36.54315130496902,-109.85372317630443,519.574
776,19,16,27.547088658577717,-109.85372317630443,518.587
777,19,17,18.55452306904146,-109.85372317630443,518.045
778,19,18,9.565350375975404,-109.85372317630443,518.11
779,19,19,0.5794481695830231,-109.85372317630443,518.875
780,19,20,-8.40336785852157,-109.85372317630443,520.359
781,19,21,-17.38339834338356,-109.85372317630443,522.495
782,19,22,-26.360985328069983,-109.85372317630443,525.142
783,19,23,-35.336567652235004,-109.85372317630443,528.092
784,19,24,-44.31066099516096,-109.85372317630443,531.092
785,19,25,-53.283910809724425,-109.85372317630443,533.865
786,19,26,-62.256921567666936,-109.85372317630443,536.138
787,19,27,-71.23049923131056,-109.8537300064936,537.669
788,19,28,-80.20535414032898,-109.85373683668277,538.27
789,19,29,-89.18224444572004,-109.85389393103368,537.826
790,19,30,-81.8381176916097,70.14629549303024,536.309
791,19,31,-72.8550802159656,70.14628866284107,533.781
792,19,32,-63.868081230602904,70.14628183265191,530.393
793,19,33,-54.87669384869847,70.14628183265191,526.37
794,19,34,-45.88065169287468,70.14628183265191,521.994
795,19,35,-36.879773763118514,70.14628183265191,517.576
796,19,36,-27.874123238679804,70.14628183265191,513.433
797,19,37,-18.863898195044477,70.14628183265191,509.855
798,19,38,-9.849453802049377,70.14628183265191,507.082
799,19,39,-0.8312779379724808,70.14627500246273,505.285
800,20,0,3.6790165096302534,79.14627866800514,504.782
801,20,1,12.701640907930091,79.14627866800514,504.577
802,20,2,21.726363881852414,79.14627866800514,505.385
803,20,3,30.752445209645927,79.14627866800514,507.07
804,20,4,39.779151499748494,79.14627866800514,509.424
805,20,5,48.80576558229726,79.14627866800514,512.19
806,20,6,57.83162151384816,79.14627866800514,515.09
807,20,7,66.85613189813257,79.14627866800514,517.851
808,20,8,75.8787708105844,79.14627183781596,520.229
809,20,9,84.89910794928592,79.14625134724845,522.039
810,20,10,86.08321686455602,-100.853678529627,523.167
811,20,11,77.06849414135223,-100.85370585038369,523.581
812,20,12,68.05692013535584,-100.85371268057285,523.333
813,20,13,59.048658771106886,-100.85371268057285,522.55
814,20,14,50.04384323729421,-100.85371268057285,521.421
815,20,15,41.04250426976907,-100.85371268057285,520.17
816,20,16,32.044682849666486,-100.85371951076203,519.037
817,20,17,23.050380684533753,-100.85371951076203,518.249
818,20,18,14.059518373421769,-100.85371951076203,517.994
819,20,19,5.072001147455796,-100.85371951076203,518.402
820,20,20,-3.912335771677889,-100.85371951076203,519.53
821,20,21,-12.893713511353665,-100.85371951076203,521.353
822,20,22,-21.87247187348274,-100.85371951076203,523.767
823,20,23,-30.848996763753224,-100.85371951076203,526.594
824,20,24,-39.8237697105016,-100.85371951076203,529.603
825,20,25,-48.797343959050636,-100.85371951076203,532.524
826,20,26,-57.77040935850651,-100.85371951076203,535.08
827,20,27,-66.74359770136743,-100.8537263409512,537.01
828,20,28,-75.7177149499555,-100.8537263409512,538.095
829,20,29,-84.69349876470103,-100.8537468315187,538.183
830,20,30,-86.3283250331111,79.14631964914015,537.2
831,20,31,-77.3470634066512,79.14629232838348,535.164
832,20,32,-68.36210664785034,79.1462854981943,532.182
833,20,33,-59.37295615289909,79.1462854981943,528.444
834,20,34,-50.37928407271729,79.1462854981943,524.207
835,20,35,-41.38081378464356,79.1462854981943,519.77
836,20,36,-32.37753504339413,79.1462854981943,515.451
837,20,37,-23.369563962184912,79.1462854981943,511.557
838,20,38,-14.357175456129985,79.1462854981943,508.355
839,20,39,-5.340797265826124,79.1462854981943,506.055
840,21,0,8.190020923380699,88.1462686731692,504.547
841,21,1,17.213785963271928,88.1462686731692,504.861
842,21,2,26.23928160234411,88.1462686731692,506.13
843,21,3,35.26576591129865,88.1462686731692,508.178
844,21,4,44.29250976744165,88.1462686731692,510.773
845,21,5,53.31882673676153,88.1462686731692,513.641
846,21,6,62.344081611665466,88.1462686731692,516.504
847,21,7,71.36771090154694,88.14626184298002,519.101
848,21,8,80.38925015354239,88.14625501279086,521.214
849,21,9,89.40829638649079,88.14602961654825,522.693
850,21,10,81.57547642745519,-91.85370901503046,523.462
851,21,11,72.56229732700383,-91.8537226754088,523.534
852,21,12,63.55237622678657,-91.8537226754088,522.998
853,21,13,54.54582582492471,-91.8537226754088,522.015
854,21,14,45.54273491387747,-91.8537226754088,520.795
855,21,15,36.54315130496902,-91.85372950559797,519.574
856,21,16,27.547088658577717,-91.85372950559797,518.587
857,21,17,18.55452306904146,-91.85372950559797,518.045
858,21,18,9.565350375975404,-91.85372950559797,518.11
859,21,19,0.5794481695830231,-91.85372950559797,518.875
860,21,20,-8.40336785852157,-91.85372950559797,520.359
861,21,21,-17.38339834338356,-91.85372950559797,522.495
862,21,22,-26.360985328069983,-91.85372950559797,525.142
863,21,23,-35.336567652235004,-91.85372950559797,528.092
864,21,24,-44.31066099516096,-91.85372950559797,531.092
865,21,25,-53.283910809724425,-91.85372950559797,533.865
866,21,26,-62.256921567666936,-91.85372950559797,536.138
867,21,27,-71.23049923131056,-91.85373633578713,537.669
868,21,28,-80.20535414032898,-91.85374316597631,538.27
869,21,29,-89.18224444572004,-91.85390026032722,537.826
870,21,30,-81.8381176916097,88.14628916373671,536.309
871,21,31,-72.8550802159656,88.14628233354753,533.781
872,21,32,-63.868081230602904,88.14627550335837,530.393
873,21,33,-54.87669384869847,88.14627550335837,526.37
874,21,34,-45.88065169287468,88.14627550335837,521.994
875,21,35,-36.879773763118514,88.14627550335837,517.576
876,21,36,-27.874123238679804,88.14627550335837,513.433
877,21,37,-18.863898195044477,88.14627550335837,509.855
878,21,38,-9.849453802049377,88.14627550335837,507.082
879,21,39,-0.8312779379724808,88.1462686731692,505.285
880,22,0,3.6790165096302534,97.1462723387116,504.782
881,22,1,12.701640907930091,97.1462723387116,504.577
882,22,2,21.726363881852414,97.1462723387116,505.385
883,22,3,30.752445209645927,97.1462723387116,507.07
884,22,4,39.779151499748494,97.1462723387116,509.424
885,22,5,48.80576558229726,97.1462723387116,512.19
886,22,6,57.83162151384816,97.1462723387116,515.09
887,22,7,66.85613189813257,97.1462723387116,517.851
888,22,8,75.8787708105844,97.14626550852243,520.229
889,22,9,84.89910794928592,97.14624501795491,522.039
890,22,10,86.08321686455602,-82.85368485892054,523.167
891,22,11,77.06849414135223,-82.85371217967723,523.581
892,22,12,68.05692013535584,-82.8537190098664,523.333
893,22,13,59.048658771106886,-82.8537190098664,522.55
894,22,14,50.04384323729421,-82.8537190098664,521.421
895,22,15,41.04250426976907,-82.8537190098664,520.17
896,22,16,32.044682849666486,-82.85372584005556,519.037
897,22,17,23.050380684533753,-82.85372584005556,518.249
898,22,18,14.059518373421769,-82.85372584005556,517.994
899,22,19,5.072001147455796,-82.85372584005556,518.402
900,22,20,-3.912335771677889,-82.85372584005556,519.53
901,22,21,-12.893713511353665,-82.85372584005556,521.353
902,22,22,-21.87247187348274,-82.85372584005556,523.767
903,22,23,-30.848996763753224,-82.85372584005556,526.594
904,22,24,-39.8237697105016,-82.85372584005556,529.603
905,22,25,-48.797343959050636,-82.85372584005556,532.524
906,22,26,-57.77040935850651,-82.85372584005556,535.08
907,22,27,-66.74359770136743,-82.85373267024474,537.01
908,22,28,-75.7177149499555,-82.85373267024474,538.095
909,22,29,-84.69349876470103,-82.85375316081225,538.183
910,22,30,-86.3283250331111,97.14631331984661,537.2
911,22,31,-77.3470634066512,97.14628599908994,535.164
912,22,32,-68.36210664785034,97.14627916890076,532.182
913,22,33,-59.37295615289909,97.14627916890076,528.444
914,22,34,-50.37928407271729,97.14627916890076,524.207
915,22,35,-41.38081378464356,97.14627916890076,519.77
916,22,36,-32.37753504339413,97.14627916890076,515.451
917,22,37,-23.369563962184912,97.14627916890076,511.557
918,22,38,-14.357175456129985,97.14627916890076,508.355
919,22,39,-5.340797265826124,97.14627916890076,506.055
920,23,0,8.190020923380699,106.146276004254,504.547
921,23,1,17.213785963271928,106.146276004254,504.861
922,23,2,26.23928160234411,106.146276004254,506.13
923,23,3,35.26576591129865,106.146276004254,508.178
924,23,4,44.29250976744165,106.146276004254,510.773
925,23,5,53.31882673676153,106.146276004254,513.641
926,23,6,62.344081611665466,106.146276004254,516.504
927,23,7,71.36771090154694,106.14626917406483,519.101
928,23,8,80.38925015354239,106.14626234387566,521.214
929,23,9,89.40829638649079,106.14603694763305,522.693
930,23,10,81.57547642745519,-73.85370168394566,523.462
931,23,11,72.56229732700383,-73.85371534432399,523.534
932,23,12,63.55237622678657,-73.85371534432399,522.998
933,23,13,54.54582582492471,-73.85371534432399,522.015
934,23,14,45.54273491387747,-73.85371534432399,520.795
935,23,15,36.54315130496902,-73.85372217451317,519.574
936,23,16,27.547088658577717,-73.85372217451317,518.587
937,23,17,18.55452306904146,-73.85372217451317,518.045
938,23,18,9.565350375975404,-73.85372217451317,518.11
939,23,19,0.5794481695830231,-73.85372217451317,518.875
940,23,20,-8.40336785852157,-73.85372217451317,520.359
941,23,21,-17.38339834338356,-73.85372217451317,522.495
942,23,22,-26.360985328069983,-73.85372217451317,525.142
943,23,23,-35.336567652235004,-73.85372217451317,528.092
944,23,24,-44.31066099516096,-73.85372217451317,531.092
945,23,25,-53.283910809724425,-73.85372217451317,533.865
946,23,26,-62.256921567666936,-73.85372217451317,536.138
947,23,27,-71.23049923131056,-73.85372900470233,537.669
948,23,28,-80.20535414032898,-73.85373583489151,538.27
949,23,29,-89.18224444572004,-73.85389292924242,537.826
950,23,30,-81.8381176916097,106.14629649482151,536.309
951,23,31,-72.8550802159656,106.14628966463233,533.781
952,23,32,-63.868081230602904,106.14628283444317,530.393
953,23,33,-54.87669384869847,106.14628283444317,526.37
954,23,34,-45.88065169287468,106.14628283444317,521.994
955,23,35,-36.879773763118514,106.14628283444317,517.576
956,23,36,-27.874123238679804,106.14628283444317,513.433
957,23,37,-18.863898195044477,106.14628283444317,509.855
958,23,38,-9.849453802049377,106.14628283444317,507.082
959,23,39,-0.8312779379724808,106.146276004254,505.285
960,24,0,3.6790165096302534,115.1462796697964,504.782
961,24,1,12.701640907930091,115.1462796697964,504.577
962,24,2,21.726363881852414,115.1462796697964,505.385
963,24,3,30.752445209645927,115.1462796697964,507.07
964,24,4,39.779151499748494,115.1462796697964,509.424
965,24,5,48.80576558229726,115.1462796697964,512.19
966,24,6,57.83162151384816,115.1462796697964,515.09
967,24,7,66.85613189813257,115.1462796697964,517.851
968,24,8,75.8787708105844,115.1462796697964,520.229
969,24,9,84.89910794928592,115.14625234903973,522.039
970,24,10,86.08321686455602,-64.85367752783574,523.167
971,24,11,77.06849414135223,-64.85370484859243,523.581
972,24,12,68.05692013535584,-64.8537116787816,523.333
973,24,13,59.048658771106886,-64.8537116787816,522.55
974,24,14,50.04384323729421,-64.8537116787816,521.421
975,24,15,41.04250426976907,-64.8537116787816,520.17
976,24,16,32.044682849666486,-64.85371850897076,519.037
977,24,17,23.050380684533753,-64.85371850897076,518.249
978,24,18,14.059518373421769,-64.85371850897076,517.994
979,24,19,5.072001147455796,-64.85371850897076,518.402
980,24,20,-3.912335771677889,-64.85371850897076,519.53
981,24,21,-12.893713511353665,-64.85371850897076,521.353
982,24,22,-21.87247187348274,-64.85371850897076,523.767
983,24,23,-30.848996763753224,-64.85371850897076,526.594
984,24,24,-39.8237697105016,-64.85371850897076,529.603
985,24,25,-48.797343959050636,-64.85371850897076,532.524
986,24,26,-57.77040935850651,-64.85371850897076,535.08
987,24,27,-66.74359770136743,-64.85372533915994,537.01
988,24,28,-75.7177149499555,-64.85372533915994,538.095
989,24,29,-84.69349876470103,-64.85374582972744,538.183
990,24,30,-86.3283250331111,115.14632065093141,537.2
991,24,31,-77.3470634066512,115.14629333017474,535.164
992,24,32,-68.36210664785034,115.14629333017474,532.182
993,24,33,-59.37295615289909,115.14629333017474,528.444
994,24,34,-50.37928407271729,115.1462796697964,524.207
995,24,35,-41.38081378464356,115.1462796697964,519.77
996,24,36,-32.37753504339413,115.1462796697964,515.451
997,24,37,-23.369563962184912,115.1462796697964,511.557
998,24,38,-14.357175456129985,115.1462796697964,508.355
999,24,39,-5.340797265826124,115.1462796697964,506.055
1000,25,0,8.190020923380699,124.14626967496046,504.547
1001,25,1,17.213785963271928,124.14626967496046,504.861
1002,25,2,26.23928160234411,124.14626967496046,506.13
1003,25,3,35.26576591129865,124.14626967496046,508.178
1004,25,4,44.29250976744165,124.14626967496046,510.773
1005,25,5,53.31882673676153,124.14626967496046,513.641
1006,25,6,62.344081611665466,124.14626967496046,516.504
1007,25,7,71.36771090154694,124.14626967496046,519.101
1008,25,8,80.38925015354239,124.14625601458212,521.214
1009,25,9,89.40829638649079,124.14602378815034,522.693
1010,25,10,81.57547642745519,-55.853711428333774,523.462
1011,25,11,72.56229732700383,-55.853718258522946,523.534
1012,25,12,63.55237622678657,-55.85372167361753,522.998
1013,25,13,54.54582582492471,-55.85372508871212,522.015
1014,25,14,45.54273491387747,-55.85372508871212,520.795
1015,25,15,36.54315130496902,-55.85372508871212,519.574
1016,25,16,27.547088658577717,-55.85372508871212,518.587
1017,25,17,18.55452306904146,-55.85372508871212,518.045
1018,25,18,9.565350375975404,-55.85372508871212,518.11
1019,25,19,0.5794481695830231,-55.8537285038067,518.875
1020,25,20,-8.40336785852157,-55.8537285038067,520.359
1021,25,21,-17.38339834338356,-55.8537285038067,522.495
1022,25,22,-26.360985328069983,-55.8537285038067,525.142
1023,25,23,-35.336567652235004,-55.8537285038067,528.092
1024,25,24,-44.31066099516096,-55.8537285038067,531.092
1025,25,25,-53.283910809724425,-55.85373191890129,533.865
1026,25,26,-62.256921567666936,-55.85373191890129,536.138
1027,25,27,-71.23049923131056,-55.85373533399587,537.669
1028,25,28,-80.20535414032898,-55.85374216418504,538.27
1029,25,29,-89.18224444572004,-55.853902673630536,537.826
1030,25,30,-81.8381176916097,124.14629699571714,536.309
1031,25,31,-72.8550802159656,124.14628333533881,533.781
1032,25,32,-63.868081230602904,124.14628333533881,530.393
1033,25,33,-54.87669384869847,124.14628333533881,526.37
1034,25,34,-45.88065169287468,124.14626967496046,521.994
1035,25,35,-36.879773763118514,124.14626967496046,517.576
1036,25,36,-27.874123238679804,124.14626967496046,513.433
1037,25,37,-18.863898195044477,124.14626967496046,509.855
1038,25,38,-9.849453802049377,124.14626967496046,507.082
1039,25,39,-0.8312779379724808,124.14626967496046,505.285
1040,26,0,3.6790165096302534,133.14628700088122,504.782
1041,26,1,12.701640907930091,133.14628700088122,504.577
1042,26,2,21.726363881852414,133.14628700088122,505.385
1043,26,3,30.752445209645927,133.14628700088122,507.07
1044,26,4,39.779151499748494,133.14628700088122,509.424
1045,26,5,48.80576558229726,133.14628700088122,512.19
1046,26,6,57.83162151384816,133.14628700088122,515.09
1047,26,7,66.85613189813257,133.14628700088122,517.851
1048,26,8,75.8787708105844,133.14628700088122,520.229
1049,26,9,84.89910794928592,133.14625968012453,522.039
1050,26,10,86.08321686455602,-46.85367361184552,523.167
1051,26,11,77.06849414135223,-46.85369751750762,523.581
1052,26,12,68.05692013535584,-46.85370434769679,523.333
1053,26,13,59.048658771106886,-46.85370434769679,522.55
1054,26,14,50.04384323729421,-46.85370776279137,521.421
1055,26,15,41.04250426976907,-46.85370776279137,520.17
1056,26,16,32.044682849666486,-46.85370776279137,519.037
1057,26,17,23.050380684533753,-46.85370776279137,518.249
1058,26,18,14.059518373421769,-46.85370776279137,517.994
1059,26,19,5.072001147455796,-46.85370776279137,518.402
1060,26,20,-3.912335771677889,-46.85371117788596,519.53
1061,26,21,-12.893713511353665,-46.85371117788596,521.353
1062,26,22,-21.87247187348274,-46.85371117788596,523.767
1063,26,23,-30.848996763753224,-46.85371117788596,526.594
1064,26,24,-39.8237697105016,-46.85371117788596,529.603
1065,26,25,-48.797343959050636,-46.85371117788596,532.524
1066,26,26,-57.77040935850651,-46.853714592980545,535.08
1067,26,27,-66.74359770136743,-46.853714592980545,537.01
1068,26,28,-75.7177149499555,-46.85371800807513,538.095
1069,26,29,-84.69349876470103,-46.85373508354805,538.183
1070,26,30,-86.3283250331111,133.14632798201623,537.2
1071,26,31,-77.3470634066512,133.14630066125954,535.164
1072,26,32,-68.36210664785034,133.14630066125954,532.182
1073,26,33,-59.37295615289909,133.14630066125954,528.444
1074,26,34,-50.37928407271729,133.14628700088122,524.207
1075,26,35,-41.38081378464356,133.14628700088122,519.77
1076,26,36,-32.37753504339413,133.14628700088122,515.451
1077,26,37,-23.369563962184912,133.14628700088122,511.557
1078,26,38,-14.357175456129985,133.14628700088122,508.355
1079,26,39,-5.340797265826124,133.14628700088122,506.055
1080,27,0,8.190020923380699,142.14626334566694,504.547
1081,27,1,17.213785963271928,142.14626334566694,504.861
1082,27,2,26.23928160234411,142.14626334566694,506.13
1083,27,3,35.26576591129865,142.14626334566694,508.178
1084,27,4,44.29250976744165,142.14626334566694,510.773
1085,27,5,53.31882673676153,142.14626334566694,513.641
1086,27,6,62.344081611665466,142.14626334566694,516.504
1087,27,7,71.36771090154694,142.14626334566694,519.101
1088,27,8,80.38925015354239,142.14624968528858,521.214
1089,27,9,89.40829638649079,142.14601745885682,522.693
1090,27,10,81.57547642745519,-37.853717757627315,523.462
1091,27,11,72.56229732700383,-37.85372458781648,523.534
1092,27,12,63.55237622678657,-37.85372800291107,522.998
1093,27,13,54.54582582492471,-37.85373141800565,522.015
1094,27,14,45.54273491387747,-37.85373141800565,520.795
1095,27,15,36.54315130496902,-37.85373141800565,519.574
1096,27,16,27.547088658577717,-37.85373141800565,518.587
1097,27,17,18.55452306904146,-37.85373141800565,518.045
1098,27,18,9.565350375975404,-37.85373141800565,518.11
1099,27,19,0.5794481695830231,-37.85373483310024,518.875
1100,27,20,-8.40336785852157,-37.85373483310024,520.359
1101,27,21,-17.38339834338356,-37.85373483310024,522.495
1102,27,22,-26.360985328069983,-37.85373483310024,525.142
1103,27,23,-35.336567652235004,-37.85373483310024,528.092
1104,27,24,-44.31066099516096,-37.85373483310024,531.092
1105,27,25,-53.283910809724425,-37.85373824819482,533.865
1106,27,26,-62.256921567666936,-37.85373824819482,536.138
1107,27,27,-71.23049923131056,-37.853741663289405,537.669
1108,27,28,-80.20535414032898,-37.85374849347858,538.27
1109,27,29,-89.18224444572004,-37.85390900292407,537.826
1110,27,30,-81.8381176916097,142.1462906664236,536.309
1111,27,31,-72.8550802159656,142.14627700604527,533.781
1112,27,32,-63.868081230602904,142.14627700604527,530.393
1113,27,33,-54.87669384869847,142.14627700604527,526.37
1114,27,34,-45.88065169287468,142.14626334566694,521.994
1115,27,35,-36.879773763118514,142.14626334566694,517.576
1116,27,36,-27.874123238679804,142.14626334566694,513.433
1117,27,37,-18.863898195044477,142.14626334566694,509.855
1118,27,38,-9.849453802049377,142.14626334566694,507.082
1119,27,39,-0.8312779379724808,142.14626334566694,505.285
1120,28,0,3.6790165096302534,151.14626701120932,504.782
1121,28,1,12.701640907930091,151.14626701120932,504.577
1122,28,2,21.726363881852414,151.14626701120932,505.385
1123,28,3,30.752445209645927,151.14626701120932,507.07
1124,28,4,39.779151499748494,151.14626701120932,509.424
1125,28,5,48.80576558229726,151.14626701120932,512.19
1126,28,6,57.83162151384816,151.14626701120932,515.09
1127,28,7,66.85613189813257,151.14626701120932,517.851
1128,28,8,75.8787708105844,151.14626701120932,520.229
1129,28,9,84.89910794928592,151.14623969045266,522.039
1130,28,10,86.08321686455602,-28.8536936015174,523.167
1131,28,11,77.06849414135223,-28.853717507179496,523.581
1132,28,12,68.05692013535584,-28.853724337368664,523.333
1133,28,13,59.048658771106886,-28.853724337368664,522.55
1134,28,14,50.04384323729421,-28.85372775246325,521.421
1135,28,15,41.04250426976907,-28.85372775246325,520.17
1136,28,16,32.044682849666486,-28.85372775246325,519.037
1137,28,17,23.050380684533753,-28.85372775246325,518.249
1138,28,18,14.059518373421769,-28.85372775246325,517.994
1139,28,19,5.072001147455796,-28.85372775246325,518.402
1140,28,20,-3.912335771677889,-28.853731167557836,519.53
1141,28,21,-12.893713511353665,-28.853731167557836,521.353
1142,28,22,-21.87247187348274,-28.853731167557836,523.767
1143,28,23,-30.848996763753224,-28.853731167557836,526.594
1144,28,24,-39.8237697105016,-28.853731167557836,529.603
1145,28,25,-48.797343959050636,-28.853731167557836,532.524
1146,28,26,-57.77040935850651,-28.85373458265242,535.08
1147,28,27,-66.74359770136743,-28.85373458265242,537.01
1148,28,28,-75.7177149499555,-28.853737997747007,538.095
1149,28,29,-84.69349876470103,-28.85375507321993,538.183
1150,28,30,-86.3283250331111,151.14630799234436,537.2
1151,28,31,-77.3470634066512,151.14628067158768,535.164
1152,28,32,-68.36210664785034,151.14628067158768,532.182
1153,28,33,-59.37295615289909,151.14628067158768,528.444
1154,28,34,-50.37928407271729,151.14626701120932,524.207
1155,28,35,-41.38081378464356,151.14626701120932,519.77
1156,28,36,-32.37753504339413,151.14626701120932,515.451
1157,28,37,-23.369563962184912,151.14626701120932,511.557
1158,28,38,-14.357175456129985,151.14626701120932,508.355
1159,28,39,-5.340797265826124,151.14626701120932,506.055
1160,29,0,8.190020923380699,160.14627067675173,504.547
1161,29,1,17.213785963271928,160.14627067675173,504.861
1162,29,2,26.23928160234411,160.14627067675173,506.13
1163,29,3,35.26576591129865,160.14627067675173,508.178
1164,29,4,44.29250976744165,160.14627067675173,510.773
1165,29,5,53.31882673676153,160.14627067675173,513.641
1166,29,6,62.344081611665466,160.14627067675173,516.504
1167,29,7,71.36771090154694,160.14627067675173,519.101
1168,29,8,80.38925015354239,160.1462570163734,521.214
1169,29,9,89.40829638649079,160.1460247899416,522.693
1170,29,10,81.57547642745519,-19.853708718995218,523.462
1171,29,11,72.56229732700383,-19.853717256731677,523.534
1172,29,12,63.55237622678657,-19.853720671826263,522.998
1173,29,13,54.54582582492471,-19.853722379373558,522.015
1174,29,14,45.54273491387747,-19.85372408692085,520.795
1175,29,15,36.54315130496902,-19.85372408692085,519.574
1176,29,16,27.547088658577717,-19.85372408692085,518.587
1177,29,17,18.55452306904146,-19.85372579446814,518.045
1178,29,18,9.565350375975404,-19.85372579446814,518.11
1179,29,19,0.5794481695830231,-19.85372579446814,518.875
1180,29,20,-8.40336785852157,-19.85372579446814,520.359
1181,29,21,-17.38339834338356,-19.853727502015435,522.495
1182,29,22,-26.360985328069983,-19.853727502015435,525.142
1183,29,23,-35.336567652235004,-19.853727502015435,528.092
1184,29,24,-44.31066099516096,-19.853729209562726,531.092
1185,29,25,-53.283910809724425,-19.853729209562726,533.865
1186,29,26,-62.256921567666936,-19.85373091711002,536.138
1187,29,27,-71.23049923131056,-19.85373262465731,537.669
1188,29,28,-80.20535414032898,-19.853741162393774,538.27
1189,29,29,-89.18224444572004,-19.85390167183927,537.826
1190,29,30,-81.8381176916097,160.1462979975084,536.309
1191,29,31,-72.8550802159656,160.14628433713008,533.781
1192,29,32,-63.868081230602904,160.14628433713008,530.393
1193,29,33,-54.87669384869847,160.14628433713008,526.37
1194,29,34,-45.88065169287468,160.14627067675173,521.994
1195,29,35,-36.879773763118514,160.14627067675173,517.576
1196,29,36,-27.874123238679804,160.14627067675173,513.433
1197,29,37,-18.863898195044477,160.14627067675173,509.855
1198,29,38,-9.849453802049377,160.14627067675173,507.082
1199,29,39,-0.8312779379724808,160.14627067675173,505.285
1200,30,0,3.6790165096302534,169.14627434229413,504.782
1201,30,1,12.701640907930091,169.14627434229413,504.577
1202,30,2,21.726363881852414,169.14627434229413,505.385
1203,30,3,30.752445209645927,169.14627434229413,507.07
1204,30,4,39.779151499748494,169.14627434229413,509.424
1205,30,5,48.80576558229726,169.14627434229413,512.19
1206,30,6,57.83162151384816,169.14627434229413,515.09
1207,30,7,66.85613189813257,169.14627434229413,517.851
1208,30,8,75.8787708105844,169.14627434229413,520.229
1209,30,9,84.89910794928592,169.14624702153745,522.039
1210,30,10,86.08321686455602,-10.853685416658951,523.167
1211,30,11,77.06849414135223,-10.853711029868338,523.581
1212,30,12,68.05692013535584,-10.853716152510216,523.333
1213,30,13,59.048658771106886,-10.85371786005751,522.55
1214,30,14,50.04384323729421,-10.8537195676048,521.421
1215,30,15,41.04250426976907,-10.853720421378448,520.17
1216,30,16,32.044682849666486,-10.853720421378448,519.037
1217,30,17,23.050380684533753,-10.853721275152093,518.249
1218,30,18,14.059518373421769,-10.85372212892574,517.994
1219,30,19,5.072001147455796,-10.85372212892574,518.402
1220,30,20,-3.912335771677889,-10.85372212892574,519.53
1221,30,21,-12.893713511353665,-10.853722982699386,521.353
1222,30,22,-21.87247187348274,-10.853722982699386,523.767
1223,30,23,-30.848996763753224,-10.853723836473032,526.594
1224,30,24,-39.8237697105016,-10.853724690246679,529.603
1225,30,25,-48.797343959050636,-10.853725544020325,532.524
1226,30,26,-57.77040935850651,-10.85372639779397,535.08
1227,30,27,-66.74359770136743,-10.853728105341263,537.01
1228,30,28,-75.7177149499555,-10.853732374209494,538.095
1229,30,29,-84.69349876470103,-10.85374944968242,538.183
1230,30,30,-86.3283250331111,169.14631532342915,537.2
1231,30,31,-77.3470634066512,169.14628800267246,535.164
1232,30,32,-68.36210664785034,169.14628800267246,532.182
1233,30,33,-59.37295615289909,169.14628800267246,528.444
1234,30,34,-50.37928407271729,169.14627434229413,524.207
1235,30,35,-41.38081378464356,169.14627434229413,519.77
1236,30,36,-32.37753504339413,169.14627434229413,515.451
1237,30,37,-23.369563962184912,169.14627434229413,511.557
1238,30,38,-14.357175456129985,169.14627434229413,508.355
1239,30,39,-5.340797265826124,169.14627434229413,506.055
1240,31,0,8.190020923380699,178.14627800783654,504.547
1241,31,1,17.213785963271928,178.14627800783654,504.861
1242,31,2,26.23928160234411,178.14627800783654,506.13
1243,31,3,35.26576591129865,178.14627800783654,508.178
1244,31,4,44.29250976744165,178.14627800783654,510.773
1245,31,5,53.31882673676153,178.14627800783654,513.641
1246,31,6,62.344081611665466,178.14627800783654,516.504
1247,31,7,71.36771090154694,178.14627800783654,519.101
1248,31,8,80.38925015354239,178.14626434745819,521.214
1249,31,9,89.40829638649079,178.14603212102642,522.693
1250,31,10,81.57547642745519,-1.8537018147972362,523.462
1251,31,11,72.56229732700383,-1.8537107794205219,523.534
1252,31,12,63.55237622678657,-1.8537135541848722,522.998
1253,31,13,54.54582582492471,-1.8537150482887532,522.015
1254,31,14,45.54273491387747,-1.8537161155058108,520.795
1255,31,15,36.54315130496902,-1.8537167558360457,519.574
1256,31,16,27.547088658577717,-1.8537173961662803,518.587
1257,31,17,18.55452306904146,-1.8537178230531035,518.045
1258,31,18,9.565350375975404,-1.8537182499399265,518.11
1259,31,19,0.5794481695830231,-1.8537186768267497,518.875
1260,31,20,-8.40336785852157,-1.8537191037135727,520.359
1261,31,21,-17.38339834338356,-1.853719530600396,522.495
1262,31,22,-26.360985328069983,-1.853719957487219,525.142
1263,31,23,-35.336567652235004,-1.8537203843740422,528.092
1264,31,24,-44.31066099516096,-1.8537210247042768,531.092
1265,31,25,-53.283910809724425,-1.8537220919213346,533.865
1266,31,26,-62.256921567666936,-1.853723372581804,536.138
1267,31,27,-71.23049923131056,-1.8537261473461544,537.669
1268,31,28,-80.20535414032898,-1.853733190978736,538.27
1269,31,29,-89.18224444572004,-1.853894340754466,537.826
1270,31,30,-81.8381176916097,178.1463053285932,536.309
1271,31,31,-72.8550802159656,178.14629166821487,533.781
1272,31,32,-63.868081230602904,178.14629166821487,530.393
1273,31,33,-54.87669384869847,178.14629166821487,526.37
1274,31,34,-45.88065169287468,178.14627800783654,521.994
1275,31,35,-36.879773763118514,178.14627800783654,517.576
1276,31,36,-27.874123238679804,178.14627800783654,513.433
1277,31,37,-18.863898195044477,178.14627800783654,509.855
1278,31,38,-9.849453802049377,178.14627800783654,507.082
1279,31,39,-0.8312779379724808,178.14627800783654,505.285
1280,32,0,3.6790165096302534,-172.8537146841554,504.782
1281,32,1,12.701640907930091,-172.8537146841554,504.577
1282,32,2,21.726363881852414,-172.8537146841554,505.385
1283,32,3,30.752445209645927,-172.8537146841554,507.07
1284,32,4,39.779151499748494,-172.8537146841554,509.424
1285,32,5,48.80576558229726,-172.8537146841554,512.19
1286,32,6,57.83162151384816,-172.8537146841554,515.09
1287,32,7,66.85613189813257,-172.8537146841554,517.851
1288,32,8,75.8787708105844,-172.85372834453372,520.229
1289,32,9,84.89910794928592,-172.85374200491208,522.039
1290,32,10,86.08321686455602,7.146321487539029,523.167
1291,32,11,77.06849414135223,7.146295874329642,523.581
1292,32,12,68.05692013535584,7.146291178574588,523.333
1293,32,13,59.048658771106886,7.146289044140472,522.55
1294,32,14,50.04384323729421,7.146288190366826,521.421
1295,32,15,41.04250426976907,7.146287336593179,520.17
1296,32,16,32.044682849666486,7.146286482819533,519.037
1297,32,17,23.050380684533753,7.14628605593271,518.249
1298,32,18,14.059518373421769,7.146285629045886,517.994
1299,32,19,5.072001147455796,7.1462852021590635,518.402
1300,32,20,-3.912335771677889,7.146284775272241,519.53
1301,32,21,-12.893713511353665,7.146284348385417,521.353
1302,32,22,-21.87247187348274,7.146283921498594,523.767
1303,32,23,-30.848996763753224,7.1462834946117715,526.594
1304,32,24,-39.8237697105016,7.146283067724948,529.603
1305,32,25,-48.797343959050636,7.146282213951301,532.524
1306,32,26,-57.77040935850651,7.146280933290832,535.08
1307,32,27,-66.74359770136743,7.14627922574354,537.01
1308,32,28,-75.7177149499555,7.146274956875309,538.095
1309,32,29,-84.69349876470103,7.146257881402383,538.183
1310,32,30,-86.3283250331111,-172.85367370302038,537.2
1311,32,31,-77.3470634066512,-172.85370102377706,535.164
1312,32,32,-68.36210664785034,-172.8537146841554,532.182
1313,32,33,-59.37295615289909,-172.8537146841554,528.444
1314,32,34,-50.37928407271729,-172.8537146841554,524.207
1315,32,35,-41.38081378464356,-172.8537146841554,519.77
1316,32,36,-32.37753504339413,-172.8537146841554,515.451
1317,32,37,-23.369563962184912,-172.8537146841554,511.557
1318,32,38,-14.357175456129985,-172.8537146841554,508.355
1319,32,39,-5.340797265826124,-172.8537146841554,506.055
1320,33,0,8.190020923380699,-163.85371101861298,504.547
1321,33,1,17.213785963271928,-163.85371101861298,504.861
1322,33,2,26.23928160234411,-163.85371101861298,506.13
1323,33,3,35.26576591129865,-163.85371101861298,508.178
1324,33,4,44.29250976744165,-163.85371101861298,510.773
1325,33,5,53.31882673676153,-163.85371101861298,513.641
1326,33,6,62.344081611665466,-163.85371101861298,516.504
1327,33,7,71.36771090154694,-163.85372467899134,519.101
1328,33,8,80.38925015354239,-163.85372467899134,521.214
1329,33,9,89.40829638649079,-163.8539569054231,522.693
1330,33,10,81.57547642745519,16.14630594317439,523.462
1331,33,11,72.56229732700383,16.146297405437927,523.534
1332,33,12,63.55237622678657,16.14629399034334,522.998
1333,33,13,54.54582582492471,16.14629228279605,522.015
1334,33,14,45.54273491387747,16.14629057524876,520.795
1335,33,15,36.54315130496902,16.14629057524876,519.574
1336,33,16,27.547088658577717,16.14629057524876,518.587
1337,33,17,18.55452306904146,16.146288867701465,518.045
1338,33,18,9.565350375975404,16.146288867701465,518.11
1339,33,19,0.5794481695830231,16.146288867701465,518.875
1340,33,20,-8.40336785852157,16.146288867701465,520.359
1341,33,21,-17.38339834338356,16.146287160154174,522.495
1342,33,22,-26.360985328069983,16.146287160154174,525.142
1343,33,23,-35.336567652235004,16.146287160154174,528.092
1344,33,24,-44.31066099516096,16.14628545260688,531.092
1345,33,25,-53.283910809724425,16.14628545260688,533.865
1346,33,26,-62.256921567666936,16.146283745059588,536.138
1347,33,27,-71.23049923131056,16.146282037512297,537.669
1348,33,28,-80.20535414032898,16.146273499775834,538.27
1349,33,29,-89.18224444572004,16.146112990330337,537.826
1350,33,30,-81.8381176916097,-163.85369735823465,536.309
1351,33,31,-72.8550802159656,-163.85369735823465,533.781
1352,33,32,-63.868081230602904,-163.85371101861298,530.393
1353,33,33,-54.87669384869847,-163.85371101861298,526.37
1354,33,34,-45.88065169287468,-163.85371101861298,521.994
1355,33,35,-36.879773763118514,-163.85371101861298,517.576
1356,33,36,-27.874123238679804,-163.85371101861298,513.433
1357,33,37,-18.863898195044477,-163.85371101861298,509.855
1358,33,38,-9.849453802049377,-163.85371101861298,507.082
1359,33,39,-0.8312779379724808,-163.85371101861298,505.285
1360,34,0,3.6790165096302534,-154.85373467382726,504.782
1361,34,1,12.701640907930091,-154.85373467382726,504.577
1362,34,2,21.726363881852414,-154.85373467382726,505.385
1363,34,3,30.752445209645927,-154.85373467382726,507.07
1364,34,4,39.779151499748494,-154.85373467382726,509.424
1365,34,5,48.80576558229726,-154.85373467382726,512.19
1366,34,6,57.83162151384816,-154.85373467382726,515.09
1367,34,7,66.85613189813257,-154.85373467382726,517.851
1368,34,8,75.8787708105844,-154.85374833420562,520.229
1369,34,9,84.89910794928592,-154.85376199458395,522.039
1370,34,10,86.08321686455602,25.14630107098033,523.167
1371,34,11,77.06849414135223,25.14627545777094,523.581
1372,34,12,68.05692013535584,25.146272042676358,523.333
1373,34,13,59.048658771106886,25.146268627581772,522.55
1374,34,14,50.04384323729421,25.146268627581772,521.421
1375,34,15,41.04250426976907,25.146266920034478,520.17
1376,34,16,32.044682849666486,25.146266920034478,519.037
1377,34,17,23.050380684533753,25.146266920034478,518.249
1378,34,18,14.059518373421769,25.146265212487187,517.994
1379,34,19,5.072001147455796,25.146265212487187,518.402
1380,34,20,-3.912335771677889,25.146265212487187,519.53
1381,34,21,-12.893713511353665,25.146265212487187,521.353
1382,34,22,-21.87247187348274,25.146263504939895,523.767
1383,34,23,-30.848996763753224,25.146263504939895,526.594
1384,34,24,-39.8237697105016,25.146263504939895,529.603
1385,34,25,-48.797343959050636,25.1462617973926,532.524
1386,34,26,-57.77040935850651,25.1462617973926,535.08
1387,34,27,-66.74359770136743,25.14625838229802,537.01
1388,34,28,-75.7177149499555,25.146254967203433,538.095
1389,34,29,-84.69349876470103,25.146237891730507,538.183
1390,34,30,-86.3283250331111,-154.85369369269225,537.2
1391,34,31,-77.3470634066512,-154.85372101344893,535.164
1392,34,32,-68.36210664785034,-154.85373467382726,532.182
1393,34,33,-59.37295615289909,-154.85373467382726,528.444
1394,34,34,-50.37928407271729,-154.85373467382726,524.207
1395,34,35,-41.38081378464356,-154.85373467382726,519.77
1396,34,36,-32.37753504339413,-154.85373467382726,515.451
1397,34,37,-23.369563962184912,-154.85373467382726,511.557
1398,34,38,-14.357175456129985,-154.85373467382726,508.355
1399,34,39,-5.340797265826124,-154.85373467382726,506.055
1400,35,0,8.190020923380699,-145.85373100828485,504.547
1401,35,1,17.213785963271928,-145.85373100828485,504.861
1402,35,2,26.23928160234411,-145.85373100828485,506.13
1403,35,3,35.26576591129865,-145.85373100828485,508.178
1404,35,4,44.29250976744165,-145.85373100828485,510.773
1405,35,5,53.31882673676153,-145.85373100828485,513.641
1406,35,6,62.344081611665466,-145.85373100828485,516.504
1407,35,7,71.36771090154694,-145.8537446686632,519.101
1408,35,8,80.38925015354239,-145.8537446686632,521.214
1409,35,9,89.40829638649079,-145.853976895095,522.693
1410,35,10,81.57547642745519,34.14628424595522,523.462
1411,35,11,72.56229732700383,34.14627741576605,523.534
1412,35,12,63.55237622678657,34.14627400067147,522.998
1413,35,13,54.54582582492471,34.14627058557688,522.015
1414,35,14,45.54273491387747,34.14627058557688,520.795
1415,35,15,36.54315130496902,34.14627058557688,519.574
1416,35,16,27.547088658577717,34.14627058557688,518.587
1417,35,17,18.55452306904146,34.14627058557688,518.045
1418,35,18,9.565350375975404,34.14627058557688,518.11
1419,35,19,0.5794481695830231,34.1462671704823,518.875
1420,35,20,-8.40336785852157,34.1462671704823,520.359
1421,35,21,-17.38339834338356,34.1462671704823,522.495
1422,35,22,-26.360985328069983,34.1462671704823,525.142
1423,35,23,-35.336567652235004,34.1462671704823,528.092
1424,35,24,-44.31066099516096,34.1462671704823,531.092
1425,35,25,-53.283910809724425,34.146263755387714,533.865
1426,35,26,-62.256921567666936,34.146263755387714,536.138
1427,35,27,-71.23049923131056,34.146260340293125,537.669
1428,35,28,-80.20535414032898,34.14625351010395,538.27
1429,35,29,-89.18224444572004,34.14609300065846,537.826
1430,35,30,-81.8381176916097,-145.85371734790652,536.309
1431,35,31,-72.8550802159656,-145.85371734790652,533.781
1432,35,32,-63.868081230602904,-145.85373100828485,530.393
1433,35,33,-54.87669384869847,-145.85373100828485,526.37
1434,35,34,-45.88065169287468,-145.85373100828485,521.994
1435,35,35,-36.879773763118514,-145.85373100828485,517.576
1436,35,36,-27.874123238679804,-145.85373100828485,513.433
1437,35,37,-18.863898195044477,-145.85373100828485,509.855
1438,35,38,-9.849453802049377,-145.85373100828485,507.082
1439,35,39,-0.8312779379724808,-145.85373100828485,505.285
1440,36,0,3.6790165096302534,-136.85372734274247,504.782
1441,36,1,12.701640907930091,-136.85372734274247,504.577
1442,36,2,21.726363881852414,-136.85372734274247,505.385
1443,36,3,30.752445209645927,-136.85372734274247,507.07
1444,36,4,39.779151499748494,-136.85372734274247,509.424
1445,36,5,48.80576558229726,-136.85372734274247,512.19
1446,36,6,57.83162151384816,-136.85372734274247,515.09
1447,36,7,66.85613189813257,-136.85372734274247,517.851
1448,36,8,75.8787708105844,-136.8537410031208,520.229
1449,36,9,84.89910794928592,-136.85375466349916,522.039
1450,36,10,86.08321686455602,43.14630840206513,523.167
1451,36,11,77.06849414135223,43.14628449640304,523.581
1452,36,12,68.05692013535584,43.14627766621387,523.333
1453,36,13,59.048658771106886,43.14627766621387,522.55
1454,36,14,50.04384323729421,43.14627425111928,521.421
1455,36,15,41.04250426976907,43.14627425111928,520.17
1456,36,16,32.044682849666486,43.14627425111928,519.037
1457,36,17,23.050380684533753,43.14627425111928,518.249
1458,36,18,14.059518373421769,43.14627425111928,517.994
1459,36,19,5.072001147455796,43.14627425111928,518.402
1460,36,20,-3.912335771677889,43.1462708360247,519.53
1461,36,21,-12.893713511353665,43.1462708360247,521.353
1462,36,22,-21.87247187348274,43.1462708360247,523.767
1463,36,23,-30.848996763753224,43.1462708360247,526.594
1464,36,24,-39.8237697105016,43.1462708360247,529.603
1465,36,25,-48.797343959050636,43.1462708360247,532.524
1466,36,26,-57.77040935850651,43.146267420930116,535.08
1467,36,27,-66.74359770136743,43.146267420930116,537.01
1468,36,28,-75.7177149499555,43.146264005835526,538.095
1469,36,29,-84.69349876470103,43.1462469303626,538.183
1470,36,30,-86.3283250331111,-136.85368636160746,537.2
1471,36,31,-77.3470634066512,-136.85371368236412,535.164
1472,36,32,-68.36210664785034,-136.85372734274247,532.182
1473,36,33,-59.37295615289909,-136.85372734274247,528.444
1474,36,34,-50.37928407271729,-136.85372734274247,524.207
1475,36,35,-41.38081378464356,-136.85372734274247,519.77
1476,36,36,-32.37753504339413,-136.85372734274247,515.451
1477,36,37,-23.369563962184912,-136.85372734274247,511.557
1478,36,38,-14.357175456129985,-136.85372734274247,508.355
1479,36,39,-5.340797265826124,-136.85372734274247,506.055
1480,37,0,8.190020923380699,-127.85372367720007,504.547
1481,37,1,17.213785963271928,-127.85372367720007,504.861
1482,37,2,26.23928160234411,-127.85372367720007,506.13
1483,37,3,35.26576591129865,-127.85372367720007,508.178
1484,37,4,44.29250976744165,-127.85372367720007,510.773
1485,37,5,53.31882673676153,-127.85372367720007,513.641
1486,37,6,62.344081611665466,-127.85372367720007,516.504
1487,37,7,71.36771090154694,-127.85373733757841,519.101
1488,37,8,80.38925015354239,-127.85373733757841,521.214
1489,37,9,89.40829638649079,-127.85396956401019,522.693
1490,37,10,81.57547642745519,52.146291577040024,523.462
1491,37,11,72.56229732700383,52.14628474685085,523.534
1492,37,12,63.55237622678657,52.14628133175627,522.998
1493,37,13,54.54582582492471,52.14627791666168,522.015
1494,37,14,45.54273491387747,52.14627791666168,520.795
1495,37,15,36.54315130496902,52.14627791666168,519.574
1496,37,16,27.547088658577717,52.14627791666168,518.587
1497,37,17,18.55452306904146,52.14627791666168,518.045
1498,37,18,9.565350375975404,52.14627791666168,518.11
1499,37,19,0.5794481695830231,52.1462745015671,518.875
1500,37,20,-8.40336785852157,52.1462745015671,520.359
1501,37,21,-17.38339834338356,52.1462745015671,522.495
1502,37,22,-26.360985328069983,52.1462745015671,525.142
1503,37,23,-35.336567652235004,52.1462745015671,528.092
1504,37,24,-44.31066099516096,52.1462745015671,531.092
1505,37,25,-53.283910809724425,52.14627108647252,533.865
1506,37,26,-62.256921567666936,52.14627108647252,536.138
1507,37,27,-71.23049923131056,52.14626767137793,537.669
1508,37,28,-80.20535414032898,52.14626084118876,538.27
1509,37,29,-89.18224444572004,52.14610033174326,537.826
1510,37,30,-81.8381176916097,-127.85371001682172,536.309
1511,37,31,-72.8550802159656,-127.85371001682172,533.781
1512,37,32,-63.868081230602904,-127.85372367720007,530.393
1513,37,33,-54.87669384869847,-127.85372367720007,526.37
1514,37,34,-45.88065169287468,-127.85372367720007,521.994
1515,37,35,-36.879773763118514,-127.85372367720007,517.576
1516,37,36,-27.874123238679804,-127.85372367720007,513.433
1517,37,37,-18.863898195044477,-127.85372367720007,509.855
1518,37,38,-9.849453802049377,-127.85372367720007,507.082
1519,37,39,-0.8312779379724808,-127.85372367720007,505.285
1520,38,0,3.6790165096302534,-118.85372001165766,504.782
1521,38,1,12.701640907930091,-118.85372001165766,504.577
1522,38,2,21.726363881852414,-118.85372001165766,505.385
1523,38,3,30.752445209645927,-118.85372001165766,507.07
1524,38,4,39.779151499748494,-118.85372001165766,509.424
1525,38,5,48.80576558229726,-118.85372001165766,512.19
1526,38,6,57.83162151384816,-118.85372001165766,515.09
1527,38,7,66.85613189813257,-118.85372001165766,517.851
1528,38,8,75.8787708105844,-118.853733672036,520.229
1529,38,9,84.89910794928592,-118.85374733241434,522.039
1530,38,10,86.08321686455602,61.14631914824452,523.167
1531,38,11,77.06849414135223,61.14629182748784,523.581
1532,38,12,68.05692013535584,61.14628499729867,523.333
1533,38,13,59.048658771106886,61.14628499729867,522.55
1534,38,14,50.04384323729421,61.14628499729867,521.421
1535,38,15,41.04250426976907,61.14628499729867,520.17
1536,38,16,32.044682849666486,61.1462781671095,519.037
1537,38,17,23.050380684533753,61.1462781671095,518.249
1538,38,18,14.059518373421769,61.1462781671095,517.994
1539,38,19,5.072001147455796,61.1462781671095,518.402
1540,38,20,-3.912335771677889,61.1462781671095,519.53
1541,38,21,-12.893713511353665,61.1462781671095,521.353
1542,38,22,-21.87247187348274,61.1462781671095,523.767
1543,38,23,-30.848996763753224,61.1462781671095,526.594
1544,38,24,-39.8237697105016,61.1462781671095,529.603
1545,38,25,-48.797343959050636,61.1462781671095,532.524
1546,38,26,-57.77040935850651,61.1462781671095,535.08
1547,38,27,-66.74359770136743,61.14627133692033,537.01
1548,38,28,-75.7177149499555,61.14627133692033,538.095
1549,38,29,-84.69349876470103,61.14625084635282,538.183
1550,38,30,-86.3283250331111,-118.85367903052264,537.2
1551,38,31,-77.3470634066512,-118.85370635127933,535.164
1552,38,32,-68.36210664785034,-118.85372001165766,532.182
1553,38,33,-59.37295615289909,-118.85372001165766,528.444
1554,38,34,-50.37928407271729,-118.85372001165766,524.207
1555,38,35,-41.38081378464356,-118.85372001165766,519.77
1556,38,36,-32.37753504339413,-118.85372001165766,515.451
1557,38,37,-23.369563962184912,-118.85372001165766,511.557
1558,38,38,-14.357175456129985,-118.85372001165766,508.355
1559,38,39,-5.340797265826124,-118.85372001165766,506.055
1560,39,0,8.190020923380699,-109.85371634611526,504.547
1561,39,1,17.213785963271928,-109.85371634611526,504.861
1562,39,2,26.23928160234411,-109.85371634611526,506.13
1563,39,3,35.26576591129865,-109.85371634611526,508.178
1564,39,4,44.29250976744165,-109.85371634611526,510.773
1565,39,5,53.31882673676153,-109.85372317630443,513.641
1566,39,6,62.344081611665466,-109.85372317630443,516.504
1567,39,7,71.36771090154694,-109.85372317630443,519.101
1568,39,8,80.38925015354239,-109.8537300064936,521.214
1569,39,9,89.40829638649079,-109.85396223292538,522.693
1570,39,10,81.57547642745519,70.14630232321942,523.462
1571,39,11,72.56229732700383,70.14628866284107,523.534
1572,39,12,63.55237622678657,70.14628866284107,522.998
1573,39,13,54.54582582492471,70.14628866284107,522.015
1574,39,14,45.54273491387747,70.14628866284107,520.795
1575,39,15,36.54315130496902,70.14628183265191,519.574
1576,39,16,27.547088658577717,70.14628183265191,518.587
1577,39,17,18.55452306904146,70.14628183265191,518.045
1578,39,18,9.565350375975404,70.14628183265191,518.11
1579,39,19,0.5794481695830231,70.14628183265191,518.875
1580,39,20,-8.40336785852157,70.14628183265191,520.359
1581,39,21,-17.38339834338356,70.14628183265191,522.495
1582,39,22,-26.360985328069983,70.14628183265191,525.142
1583,39,23,-35.336567652235004,70.14628183265191,528.092
1584,39,24,-44.31066099516096,70.14628183265191,531.092
1585,39,25,-53.283910809724425,70.14628183265191,533.865
1586,39,26,-62.256921567666936,70.14628183265191,536.138
1587,39,27,-71.23049923131056,70.14627500246273,537.669
1588,39,28,-80.20535414032898,70.14626817227357,538.27
1589,39,29,-89.18224444572004,70.14611107792265,537.826
1590,39,30,-81.8381176916097,-109.85369585554776,536.309
1591,39,31,-72.8550802159656,-109.85370951592608,533.781
1592,39,32,-63.868081230602904,-109.85370951592608,530.393
1593,39,33,-54.87669384869847,-109.85371634611526,526.37
1594,39,34,-45.88065169287468,-109.85371634611526,521.994
1595,39,35,-36.879773763118514,-109.85371634611526,517.576
1596,39,36,-27.874123238679804,-109.85371634611526,513.433
1597,39,37,-18.863898195044477,-109.85371634611526,509.855
1598,39,38,-9.849453802049377,-109.85371634611526,507.082
1599,39,39,-0.8312779379724808,-109.85371634611526,505.285
