0,0,0,7.483115981078242,-101.104407943869,504.567
1,0,1,16.50671282756116,-101.104407943869,504.8
2,0,2,25.532100891153913,-101.104407943869,506
3,0,3,34.558533973689684,-101.104407943869,507.995
4,0,4,43.585284660021856,-101.104407943869,510.556
5,0,5,52.611656270855086,-101.104407943869,513.413
6,0,6,61.637013598596575,-101.10441477405817,516.287
7,0,7,70.66078632245062,-101.10441477405817,518.913
8,0,8,79.68250998955367,-101.10442160424735,521.071
9,0,9,88.70175429798799,-101.10451722689572,522.602
10,0,10,82.28177945933705,78.89561072546567,523.428
11,0,11,73.26836130226474,78.8956038952765,523.552
12,0,12,64.25817382466984,78.89559706508733,523.059
13,0,13,55.25135021524118,78.89559706508733,522.104
14,0,14,46.24799975700547,78.89559706508733,520.894
15,0,15,37.24814294053023,78.89559706508733,519.664
16,0,16,28.251803671477536,78.89559706508733,518.651
17,0,17,19.258966581921772,78.89559023489815,518.067
18,0,18,10.269531780346318,78.89559023489815,518.08
19,0,19,1.2833794182755849,78.89559023489815,518.789
20,0,20,-7.699682496639129,78.89559023489815,520.218
21,0,21,-16.679907641892466,78.89559023489815,522.307
22,0,22,-25.657670503950015,78.89559023489815,524.921
23,0,23,-34.63339284699302,78.89559023489815,527.856
24,0,24,-43.607592057851114,78.89559023489815,530.861
25,0,25,-52.58086236298209,78.89559023489815,533.662
26,0,26,-61.55390385677586,78.89559023489815,535.983
27,0,27,-70.52738589777111,78.89558340470899,537.581
28,0,28,-79.50211786338446,78.89557657451982,538.26
29,0,29,-88.47881692347877,78.89550144243894,537.9
30,0,30,-82.54178427047191,-101.1043874533015,536.465
31,0,31,-73.5590268325838,-101.10440111367984,534.012
32,0,32,-64.57235569630126,-101.10440111367984,530.684
33,0,33,-55.58132689932825,-101.10440111367984,526.702
34,0,34,-46.58565698881422,-101.104407943869,522.342
35,0,35,-37.585158134557,-101.104407943869,517.916
36,0,36,-28.579873025238882,-101.104407943869,513.741
37,0,37,-19.569996321251228,-101.104407943869,510.109
38,0,38,-10.555866970731593,-101.104407943869,507.266
39,0,39,-1.5379627667567626,-101.104407943869,505.388
40,1,0,11.994645465621133,-92.10441110851578,504.555
41,1,1,21.019229274439116,-92.10441110851578,505.288
42,1,2,30.045233762604465,-92.10441110851578,506.911
43,1,3,39.07191273195035,-92.10441110851578,509.221
44,1,4,48.098557550350385,-92.10441110851578,511.965
45,1,5,57.12449544417133,-92.10441110851578,514.865
46,1,6,66.14913218695538,-92.10441110851578,517.646
47,1,7,75.17193502394728,-92.10441793870494,520.062
48,1,8,84.1924565777564,-92.10443159908328,521.922
49,1,9,86.78964283984293,87.89563488157557,523.105
50,1,10,77.7746810600182,87.8956075608189,523.574
51,1,11,68.7628543370225,87.89560073062972,523.374
52,1,12,59.75434025577426,87.89559390044056,522.627
53,1,13,50.749244684205614,87.89559390044056,521.517
54,1,14,41.74762909401909,87.89559390044056,520.267
55,1,15,32.74953446634971,87.89559390044056,519.116
56,1,16,23.754945433271835,87.89559390044056,518.293
57,1,17,14.763829551386912,87.89559390044056,517.991
58,1,18,5.776055339553418,87.89559390044056,518.344
59,1,19,-3.2085229840787446,87.89559390044056,519.415
60,1,20,-12.190121210798665,87.89559390044056,521.187
61,1,21,-21.16907337954544,87.89559390044056,523.56
62,1,22,-30.14575707171413,87.89559390044056,526.363
63,1,23,-39.12064613167839,87.89559390044056,529.366
64,1,24,-48.0942955123083,87.8955870702514,532.304
65,1,25,-57.067377987237094,87.8955870702514,534.899
66,1,26,-66.040525348963,87.8955870702514,536.886
67,1,27,-75.01454697490269,87.89558024006222,538.044
68,1,28,-83.9901736952973,87.89556657968387,538.214
69,1,29,-87.03186183837909,-92.10435646700242,537.315
70,1,30,-78.05085975910767,-92.10439744813743,535.359
71,1,31,-69.06621718900861,-92.10439744813743,532.445
72,1,32,-60.077408203515866,-92.10440427832661,528.759
73,1,33,-51.08407421769798,-92.10440427832661,524.55
74,1,34,-42.08601032587986,-92.10440427832661,520.118
75,1,35,-33.08310382994021,-92.10440427832661,515.778
76,1,36,-24.07549133366241,-92.10440427832661,511.84
77,1,37,-15.063435799329522,-92.10440427832661,508.576
78,1,38,-6.047352160933617,-92.10440427832661,506.199
79,1,39,2.972224478892514,-92.10440427832661,504.843
80,2,0,7.483115981078242,-83.10440744297337,504.567
81,2,1,16.50671282756116,-83.10440744297337,504.8
82,2,2,25.532100891153913,-83.10440744297337,506
83,2,3,34.558533973689684,-83.10440744297337,507.995
84,2,4,43.585284660021856,-83.10440744297337,510.556
85,2,5,52.611656270855086,-83.10440744297337,513.413
86,2,6,61.637013598596575,-83.10441427316255,516.287
87,2,7,70.66078632245062,-83.10441427316255,518.913
88,2,8,79.68250998955367,-83.10442110335171,521.071
89,2,9,88.70175429798799,-83.1045167260001,522.602
90,2,10,82.28177945933705,96.8956112263613,523.428
91,2,11,73.26836130226474,96.89560439617213,523.552
92,2,12,64.25817382466984,96.89559756598295,523.059
93,2,13,55.25135021524118,96.89559756598295,522.104
94,2,14,46.24799975700547,96.89559756598295,520.894
95,2,15,37.24814294053023,96.89559756598295,519.664
96,2,16,28.251803671477536,96.89559756598295,518.651
97,2,17,19.258966581921772,96.89559073579379,518.067
98,2,18,10.269531780346318,96.89559073579379,518.08
99,2,19,1.2833794182755849,96.89559073579379,518.789
100,2,20,-7.699682496639129,96.89559073579379,520.218
101,2,21,-16.679907641892466,96.89559073579379,522.307
102,2,22,-25.657670503950015,96.89559073579379,524.921
103,2,23,-34.63339284699302,96.89559073579379,527.856
104,2,24,-43.607592057851114,96.89559073579379,530.861
105,2,25,-52.58086236298209,96.89559073579379,533.662
106,2,26,-61.55390385677586,96.89559073579379,535.983
107,2,27,-70.52738589777111,96.89558390560462,537.581
108,2,28,-79.50211786338446,96.89557707541545,538.26
109,2,29,-88.47881692347877,96.89550194333458,537.9
110,2,30,-82.54178427047191,-83.10438695240586,536.465
111,2,31,-73.5590268325838,-83.1044006127842,534.012
112,2,32,-64.57235569630126,-83.1044006127842,530.684
113,2,33,-55.58132689932825,-83.1044006127842,526.702
114,2,34,-46.58565698881422,-83.10440744297337,522.342
115,2,35,-37.585158134557,-83.10440744297337,517.916
116,2,36,-28.579873025238882,-83.10440744297337,513.741
117,2,37,-19.569996321251228,-83.10440744297337,510.109
118,2,38,-10.555866970731593,-83.10440744297337,507.266
119,2,39,-1.5379627667567626,-83.10440744297337,505.388
120,3,0,11.994645465621133,-74.10441060762014,504.555
121,3,1,21.019229274439116,-74.10441060762014,505.288
122,3,2,30.045233762604465,-74.10441060762014,506.911
123,3,3,39.07191273195035,-74.10441060762014,509.221
124,3,4,48.098557550350385,-74.10441060762014,511.965
125,3,5,57.12449544417133,-74.10441060762014,514.865
126,3,6,66.14913218695538,-74.10441060762014,517.646
127,3,7,75.17193502394728,-74.10441743780932,520.062
128,3,8,84.1924565777564,-74.10443109818765,521.922
129,3,9,86.78964283984293,105.89563538247121,523.105
130,3,10,77.7746810600182,105.89560806171453,523.574
131,3,11,68.7628543370225,105.89560123152536,523.374
132,3,12,59.75434025577426,105.8955944013362,522.627
133,3,13,50.749244684205614,105.8955944013362,521.517
134,3,14,41.74762909401909,105.8955944013362,520.267
135,3,15,32.74953446634971,105.8955944013362,519.116
136,3,16,23.754945433271835,105.8955944013362,518.293
137,3,17,14.763829551386912,105.8955944013362,517.991
138,3,18,5.776055339553418,105.8955944013362,518.344
139,3,19,-3.2085229840787446,105.8955944013362,519.415
140,3,20,-12.190121210798665,105.8955944013362,521.187
141,3,21,-21.16907337954544,105.8955944013362,523.56
142,3,22,-30.14575707171413,105.8955944013362,526.363
143,3,23,-39.12064613167839,105.8955944013362,529.366
144,3,24,-48.0942955123083,105.89558757114702,532.304
145,3,25,-57.067377987237094,105.89558757114702,534.899
146,3,26,-66.040525348963,105.89558757114702,536.886
147,3,27,-75.01454697490269,105.89558074095785,538.044
148,3,28,-83.9901736952973,105.89556708057951,538.214
149,3,29,-87.03186183837909,-74.10435596610678,537.315
150,3,30,-78.05085975910767,-74.1043969472418,535.359
151,3,31,-69.06621718900861,-74.1043969472418,532.445
152,3,32,-60.077408203515866,-74.10440377743097,528.759
153,3,33,-51.08407421769798,-74.10440377743097,524.55
154,3,34,-42.08601032587986,-74.10440377743097,520.118
155,3,35,-33.08310382994021,-74.10440377743097,515.778
156,3,36,-24.07549133366241,-74.10440377743097,511.84
157,3,37,-15.063435799329522,-74.10440377743097,508.576
158,3,38,-6.047352160933617,-74.10440377743097,506.199
159,3,39,2.972224478892514,-74.10440377743097,504.843
160,4,0,7.483115981078242,-65.10440694207774,504.567
161,4,1,16.50671282756116,-65.10440694207774,504.8
162,4,2,25.532100891153913,-65.10440694207774,506
163,4,3,34.558533973689684,-65.10440694207774,507.995
164,4,4,43.585284660021856,-65.10440694207774,510.556
165,4,5,52.611656270855086,-65.10440694207774,513.413
166,4,6,61.637013598596575,-65.10441377226691,516.287
167,4,7,70.66078632245062,-65.10441377226691,518.913
168,4,8,79.68250998955367,-65.10442060245607,521.071
169,4,9,88.70175429798799,-65.10451622510446,522.602
170,4,10,82.28177945933705,114.89561172725693,523.428
171,4,11,73.26836130226474,114.89559806687859,523.552
172,4,12,64.25817382466984,114.89559806687859,523.059
173,4,13,55.25135021524118,114.89559806687859,522.104
174,4,14,46.24799975700547,114.89559806687859,520.894
175,4,15,37.24814294053023,114.89559806687859,519.664
176,4,16,28.251803671477536,114.89559806687859,518.651
177,4,17,19.258966581921772,114.89559806687859,518.067
178,4,18,10.269531780346318,114.89559806687859,518.08
179,4,19,1.2833794182755849,114.89559806687859,518.789
180,4,20,-7.699682496639129,114.89559806687859,520.218
181,4,21,-16.679907641892466,114.89559806687859,522.307
182,4,22,-25.657670503950015,114.89559806687859,524.921
183,4,23,-34.63339284699302,114.89559806687859,527.856
184,4,24,-43.607592057851114,114.89558440650025,530.861
185,4,25,-52.58086236298209,114.89558440650025,533.662
186,4,26,-61.55390385677586,114.89558440650025,535.983
187,4,27,-70.52738589777111,114.89558440650025,537.581
188,4,28,-79.50211786338446,114.89558440650025,538.26
189,4,29,-88.47881692347877,114.89550244423022,537.9
190,4,30,-82.54178427047191,-65.10438645151024,536.465
191,4,31,-73.5590268325838,-65.10440011188857,534.012
192,4,32,-64.57235569630126,-65.10440011188857,530.684
193,4,33,-55.58132689932825,-65.10440011188857,526.702
194,4,34,-46.58565698881422,-65.10440694207774,522.342
195,4,35,-37.585158134557,-65.10440694207774,517.916
196,4,36,-28.579873025238882,-65.10440694207774,513.741
197,4,37,-19.569996321251228,-65.10440694207774,510.109
198,4,38,-10.555866970731593,-65.10440694207774,507.266
199,4,39,-1.5379627667567626,-65.10440694207774,505.388
200,5,0,11.994645465621133,-56.104406691629926,504.555
201,5,1,21.019229274439116,-56.104406691629926,505.288
202,5,2,30.045233762604465,-56.104406691629926,506.911
203,5,3,39.07191273195035,-56.104406691629926,509.221
204,5,4,48.098557550350385,-56.10441010672451,511.965
205,5,5,57.12449544417133,-56.10441010672451,514.865
206,5,6,66.14913218695538,-56.10441352181909,517.646
207,5,7,75.17193502394728,-56.10441693691368,520.062
208,5,8,84.1924565777564,-56.104430597292016,521.922
209,5,9,86.78964283984293,123.89564271355601,523.105
210,5,10,77.7746810600182,123.895601732421,523.574
211,5,11,68.7628543370225,123.895601732421,523.374
212,5,12,59.75434025577426,123.895601732421,522.627
213,5,13,50.749244684205614,123.895601732421,521.517
214,5,14,41.74762909401909,123.895601732421,520.267
215,5,15,32.74953446634971,123.895601732421,519.116
216,5,16,23.754945433271835,123.89558807204266,518.293
217,5,17,14.763829551386912,123.89558807204266,517.991
218,5,18,5.776055339553418,123.89558807204266,518.344
219,5,19,-3.2085229840787446,123.89558807204266,519.415
220,5,20,-12.190121210798665,123.89558807204266,521.187
221,5,21,-21.16907337954544,123.89558807204266,523.56
222,5,22,-30.14575707171413,123.89558807204266,526.363
223,5,23,-39.12064613167839,123.89558807204266,529.366
224,5,24,-48.0942955123083,123.89558807204266,532.304
225,5,25,-57.067377987237094,123.89558807204266,534.899
226,5,26,-66.040525348963,123.89558807204266,536.886
227,5,27,-75.01454697490269,123.89558807204266,538.044
228,5,28,-83.9901736952973,123.89557441166431,538.214
229,5,29,-87.03186183837909,-56.10435888030573,537.315
230,5,30,-78.05085975910767,-56.10439303125158,535.359
231,5,31,-69.06621718900861,-56.104399861440754,532.445
232,5,32,-60.077408203515866,-56.104403276535336,528.759
233,5,33,-51.08407421769798,-56.104403276535336,524.55
234,5,34,-42.08601032587986,-56.104403276535336,520.118
235,5,35,-33.08310382994021,-56.104403276535336,515.778
236,5,36,-24.07549133366241,-56.104406691629926,511.84
237,5,37,-15.063435799329522,-56.104406691629926,508.576
238,5,38,-6.047352160933617,-56.104406691629926,506.199
239,5,39,2.972224478892514,-56.104406691629926,504.843
240,6,0,7.483115981078242,-47.10440644118211,504.567
241,6,1,16.50671282756116,-47.10440644118211,504.8
242,6,2,25.532100891153913,-47.10440644118211,506
243,6,3,34.558533973689684,-47.10440644118211,507.995
244,6,4,43.585284660021856,-47.10440985627669,510.556
245,6,5,52.611656270855086,-47.10440985627669,513.413
246,6,6,61.637013598596575,-47.10440985627669,516.287
247,6,7,70.66078632245062,-47.10441327137128,518.913
248,6,8,79.68250998955367,-47.10442010156045,521.071
249,6,9,88.70175429798799,-47.104515724208824,522.602
250,6,10,82.28177945933705,132.89561905834174,523.428
251,6,11,73.26836130226474,132.8956053979634,523.552
252,6,12,64.25817382466984,132.8956053979634,523.059
253,6,13,55.25135021524118,132.89559173758505,522.104
254,6,14,46.24799975700547,132.89559173758505,520.894
255,6,15,37.24814294053023,132.89559173758505,519.664
256,6,16,28.251803671477536,132.89559173758505,518.651
257,6,17,19.258966581921772,132.89559173758505,518.067
258,6,18,10.269531780346318,132.89559173758505,518.08
259,6,19,1.2833794182755849,132.89559173758505,518.789
260,6,20,-7.699682496639129,132.89559173758505,520.218
261,6,21,-16.679907641892466,132.89559173758505,522.307
262,6,22,-25.657670503950015,132.89559173758505,524.921
263,6,23,-34.63339284699302,132.89559173758505,527.856
264,6,24,-43.607592057851114,132.89559173758505,530.861
265,6,25,-52.58086236298209,132.89559173758505,533.662
266,6,26,-61.55390385677586,132.89559173758505,535.983
267,6,27,-70.52738589777111,132.89559173758505,537.581
268,6,28,-79.50211786338446,132.89557807720672,538.26
269,6,29,-88.47881692347877,132.89549611493666,537.9
270,6,30,-82.54178427047191,-47.1043859506146,536.465
271,6,31,-73.5590268325838,-47.10439619589835,534.012
272,6,32,-64.57235569630126,-47.104399610992935,530.684
273,6,33,-55.58132689932825,-47.104403026087525,526.702
274,6,34,-46.58565698881422,-47.104403026087525,522.342
275,6,35,-37.585158134557,-47.104403026087525,517.916
276,6,36,-28.579873025238882,-47.104403026087525,513.741
277,6,37,-19.569996321251228,-47.10440644118211,510.109
278,6,38,-10.555866970731593,-47.10440644118211,507.266
279,6,39,-1.5379627667567626,-47.10440644118211,505.388
280,7,0,11.994645465621133,-38.10440960582888,504.555
281,7,1,21.019229274439116,-38.10440960582888,505.288
282,7,2,30.045233762604465,-38.10440960582888,506.911
283,7,3,39.07191273195035,-38.10440960582888,509.221
284,7,4,48.098557550350385,-38.10441302092346,511.965
285,7,5,57.12449544417133,-38.10441302092346,514.865
286,7,6,66.14913218695538,-38.10441643601805,517.646
287,7,7,75.17193502394728,-38.10441985111263,520.062
288,7,8,84.1924565777564,-38.10443351149097,521.922
289,7,9,86.78964283984293,141.89563638426247,523.105
290,7,10,77.7746810600182,141.8956090635058,523.574
291,7,11,68.7628543370225,141.89559540312746,523.374
292,7,12,59.75434025577426,141.89559540312746,522.627
293,7,13,50.749244684205614,141.89559540312746,521.517
294,7,14,41.74762909401909,141.89559540312746,520.267
295,7,15,32.74953446634971,141.89559540312746,519.116
296,7,16,23.754945433271835,141.89559540312746,518.293
297,7,17,14.763829551386912,141.89559540312746,517.991
298,7,18,5.776055339553418,141.89559540312746,518.344
299,7,19,-3.2085229840787446,141.89559540312746,519.415
300,7,20,-12.190121210798665,141.89559540312746,521.187
301,7,21,-21.16907337954544,141.89559540312746,523.56
302,7,22,-30.14575707171413,141.89559540312746,526.363
303,7,23,-39.12064613167839,141.89559540312746,529.366
304,7,24,-48.0942955123083,141.89558174274913,532.304
305,7,25,-57.067377987237094,141.89558174274913,534.899
306,7,26,-66.040525348963,141.89558174274913,536.886
307,7,27,-75.01454697490269,141.89558174274913,538.044
308,7,28,-83.9901736952973,141.89556808237077,538.214
309,7,29,-87.03186183837909,-38.10436179450468,537.315
310,7,30,-78.05085975910767,-38.104395945450534,535.359
311,7,31,-69.06621718900861,-38.104402775639706,532.445
312,7,32,-60.077408203515866,-38.10440619073429,528.759
313,7,33,-51.08407421769798,-38.10440619073429,524.55
314,7,34,-42.08601032587986,-38.10440619073429,520.118
315,7,35,-33.08310382994021,-38.10440619073429,515.778
316,7,36,-24.07549133366241,-38.10440960582888,511.84
317,7,37,-15.063435799329522,-38.10440960582888,508.576
318,7,38,-6.047352160933617,-38.10440960582888,506.199
319,7,39,2.972224478892514,-38.10440960582888,504.843
320,8,0,7.483115981078242,-29.104405940286473,504.567
321,8,1,16.50671282756116,-29.104405940286473,504.8
322,8,2,25.532100891153913,-29.104405940286473,506
323,8,3,34.558533973689684,-29.104405940286473,507.995
324,8,4,43.585284660021856,-29.10440935538106,510.556
325,8,5,52.611656270855086,-29.10440935538106,513.413
326,8,6,61.637013598596575,-29.10440935538106,516.287
327,8,7,70.66078632245062,-29.104412770475644,518.913
328,8,8,79.68250998955367,-29.104419600664812,521.071
329,8,9,88.70175429798799,-29.104515223313193,522.602
330,8,10,82.28177945933705,150.8956127290482,523.428
331,8,11,73.26836130226474,150.89559906866987,523.552
332,8,12,64.25817382466984,150.89559906866987,523.059
333,8,13,55.25135021524118,150.89559906866987,522.104
334,8,14,46.24799975700547,150.89559906866987,520.894
335,8,15,37.24814294053023,150.89559906866987,519.664
336,8,16,28.251803671477536,150.89559906866987,518.651
337,8,17,19.258966581921772,150.89559906866987,518.067
338,8,18,10.269531780346318,150.89559906866987,518.08
339,8,19,1.2833794182755849,150.89559906866987,518.789
340,8,20,-7.699682496639129,150.89559906866987,520.218
341,8,21,-16.679907641892466,150.89559906866987,522.307
342,8,22,-25.657670503950015,150.89559906866987,524.921
343,8,23,-34.63339284699302,150.89559906866987,527.856
344,8,24,-43.607592057851114,150.8955854082915,530.861
345,8,25,-52.58086236298209,150.8955854082915,533.662
346,8,26,-61.55390385677586,150.8955854082915,535.983
347,8,27,-70.52738589777111,150.8955854082915,537.581
348,8,28,-79.50211786338446,150.8955854082915,538.26
349,8,29,-88.47881692347877,150.89550344602148,537.9
350,8,30,-82.54178427047191,-29.104385449718965,536.465
351,8,31,-73.5590268325838,-29.10439569500272,534.012
352,8,32,-64.57235569630126,-29.104399110097305,530.684
353,8,33,-55.58132689932825,-29.10440252519189,526.702
354,8,34,-46.58565698881422,-29.10440252519189,522.342
355,8,35,-37.585158134557,-29.10440252519189,517.916
356,8,36,-28.579873025238882,-29.10440252519189,513.741
357,8,37,-19.569996321251228,-29.104405940286473,510.109
358,8,38,-10.555866970731593,-29.104405940286473,507.266
359,8,39,-1.5379627667567626,-29.104405940286473,505.388
360,9,0,11.994645465621133,-20.104409104933243,504.555
361,9,1,21.019229274439116,-20.104409104933243,505.288
362,9,2,30.045233762604465,-20.104410812480534,506.911
363,9,3,39.07191273195035,-20.104410812480534,509.221
364,9,4,48.098557550350385,-20.104410812480534,511.965
365,9,5,57.12449544417133,-20.10441252002783,514.865
366,9,6,66.14913218695538,-20.10441422757512,517.646
367,9,7,75.17193502394728,-20.104417642669706,520.062
368,9,8,84.1924565777564,-20.104433010595336,521.922
369,9,9,86.78964283984293,159.89563005496893,523.105
370,9,10,77.7746810600182,159.89560273421228,523.574
371,9,11,68.7628543370225,159.89560273421228,523.374
372,9,12,59.75434025577426,159.89558907383392,522.627
373,9,13,50.749244684205614,159.89558907383392,521.517
374,9,14,41.74762909401909,159.89558907383392,520.267
375,9,15,32.74953446634971,159.89558907383392,519.116
376,9,16,23.754945433271835,159.89558907383392,518.293
377,9,17,14.763829551386912,159.89558907383392,517.991
378,9,18,5.776055339553418,159.89558907383392,518.344
379,9,19,-3.2085229840787446,159.89558907383392,519.415
380,9,20,-12.190121210798665,159.89558907383392,521.187
381,9,21,-21.16907337954544,159.89558907383392,523.56
382,9,22,-30.14575707171413,159.89558907383392,526.363
383,9,23,-39.12064613167839,159.89558907383392,529.366
384,9,24,-48.0942955123083,159.89558907383392,532.304
385,9,25,-57.067377987237094,159.89558907383392,534.899
386,9,26,-66.040525348963,159.89558907383392,536.886
387,9,27,-75.01454697490269,159.8955754134556,538.044
388,9,28,-83.9901736952973,159.89556175307723,538.214
389,9,29,-87.03186183837909,-20.104359586061758,537.315
390,9,30,-78.05085975910767,-20.104397152102194,535.359
391,9,31,-69.06621718900861,-20.10440227474407,532.445
392,9,32,-60.077408203515866,-20.104403982291366,528.759
393,9,33,-51.08407421769798,-20.104405689838657,524.55
394,9,34,-42.08601032587986,-20.104405689838657,520.118
395,9,35,-33.08310382994021,-20.10440739738595,515.778
396,9,36,-24.07549133366241,-20.10440739738595,511.84
397,9,37,-15.063435799329522,-20.10440739738595,508.576
398,9,38,-6.047352160933617,-20.104409104933243,506.199
399,9,39,2.972224478892514,-20.104409104933243,504.843
400,10,0,7.483115981078242,-11.10440543939084,504.567
401,10,1,16.50671282756116,-11.10440543939084,504.8
402,10,2,25.532100891153913,-11.104406293164487,506
403,10,3,34.558533973689684,-11.104406293164487,507.995
404,10,4,43.585284660021856,-11.104407146938133,510.556
405,10,5,52.611656270855086,-11.104408000711778,513.413
406,10,6,61.637013598596575,-11.104409708259071,516.287
407,10,7,70.66078632245062,-11.10441226958001,518.913
408,10,8,79.68250998955367,-11.10441909976918,521.071
409,10,9,88.70175429798799,-11.104515576191206,522.602
410,10,10,82.28177945933705,168.895620060133,523.428
411,10,11,73.26836130226474,168.89560639975466,523.552
412,10,12,64.25817382466984,168.89560639975466,523.059
413,10,13,55.25135021524118,168.89559273937633,522.104
414,10,14,46.24799975700547,168.89559273937633,520.894
415,10,15,37.24814294053023,168.89559273937633,519.664
416,10,16,28.251803671477536,168.89559273937633,518.651
417,10,17,19.258966581921772,168.89559273937633,518.067
418,10,18,10.269531780346318,168.89559273937633,518.08
419,10,19,1.2833794182755849,168.89559273937633,518.789
420,10,20,-7.699682496639129,168.89559273937633,520.218
421,10,21,-16.679907641892466,168.89559273937633,522.307
422,10,22,-25.657670503950015,168.89559273937633,524.921
423,10,23,-34.63339284699302,168.89559273937633,527.856
424,10,24,-43.607592057851114,168.89559273937633,530.861
425,10,25,-52.58086236298209,168.89559273937633,533.662
426,10,26,-61.55390385677586,168.89559273937633,535.983
427,10,27,-70.52738589777111,168.89559273937633,537.581
428,10,28,-79.50211786338446,168.895579078998,538.26
429,10,29,-88.47881692347877,168.89549711672794,537.9
430,10,30,-82.54178427047191,-11.104385802596976,536.465
431,10,31,-73.5590268325838,-11.104396901654377,534.012
432,10,32,-64.57235569630126,-11.104399462975316,530.684
433,10,33,-55.58132689932825,-11.104401170522609,526.702
434,10,34,-46.58565698881422,-11.104402024296256,522.342
435,10,35,-37.585158134557,-11.104402878069902,517.916
436,10,36,-28.579873025238882,-11.104403731843547,513.741
437,10,37,-19.569996321251228,-11.104403731843547,510.109
438,10,38,-10.555866970731593,-11.104404585617194,507.266
439,10,39,-1.5379627667567626,-11.104404585617194,505.388
440,11,0,11.994645465621133,-2.1044086040376087,504.555
441,11,1,21.019229274439116,-2.104409030924432,505.288
442,11,2,30.045233762604465,-2.1044096712546665,506.911
443,11,3,39.07191273195035,-2.1044100981414897,509.221
444,11,4,48.098557550350385,-2.1044109519151357,511.965
445,11,5,57.12449544417133,-2.1044120191321936,514.865
446,11,6,66.14913218695538,-2.104413726679486,517.646
447,11,7,75.17193502394728,-2.104417568660894,520.062
448,11,8,84.1924565777564,-2.1044327231431152,521.922
449,11,9,86.78964283984293,177.89563738605375,523.105
450,11,10,77.7746810600182,177.89561006529706,523.574
451,11,11,68.7628543370225,177.89559640491873,523.374
452,11,12,59.75434025577426,177.89559640491873,522.627
453,11,13,50.749244684205614,177.89559640491873,521.517
454,11,14,41.74762909401909,177.89559640491873,520.267
455,11,15,32.74953446634971,177.89559640491873,519.116
456,11,16,23.754945433271835,177.89559640491873,518.293
457,11,17,14.763829551386912,177.89559640491873,517.991
458,11,18,5.776055339553418,177.89559640491873,518.344
459,11,19,-3.2085229840787446,177.89559640491873,519.415
460,11,20,-12.190121210798665,177.89559640491873,521.187
461,11,21,-21.16907337954544,177.89559640491873,523.56
462,11,22,-30.14575707171413,177.89559640491873,526.363
463,11,23,-39.12064613167839,177.89559640491873,529.366
464,11,24,-48.0942955123083,177.89558274454038,532.304
465,11,25,-57.067377987237094,177.89558274454038,534.899
466,11,26,-66.040525348963,177.89558274454038,536.886
467,11,27,-75.01454697490269,177.89558274454038,538.044
468,11,28,-83.9901736952973,177.89556908416205,538.214
469,11,29,-87.03186183837909,-2.104359725496361,537.315
470,11,30,-78.05085975910767,-2.104396224319738,535.359
471,11,31,-69.06621718900861,-2.104401560405027,532.445
472,11,32,-60.077408203515866,-2.104403908282554,528.759
473,11,33,-51.08407421769798,-2.104404975499612,524.55
474,11,34,-42.08601032587986,-2.1044058292732584,520.118
475,11,35,-33.08310382994021,-2.104406469603493,515.778
476,11,36,-24.07549133366241,-2.1044071099337276,511.84
477,11,37,-15.063435799329522,-2.104407536820551,508.576
478,11,38,-6.047352160933617,-2.104407963707374,506.199
479,11,39,2.972224478892514,-2.1044083905941973,504.843
480,12,0,7.483115981078242,6.895595061504793,504.567
481,12,1,16.50671282756116,6.89559463461797,504.8
482,12,2,25.532100891153913,6.895594207731147,506
483,12,3,34.558533973689684,6.895593780844323,507.995
484,12,4,43.585284660021856,6.895592927070678,510.556
485,12,5,52.611656270855086,6.895592073297031,513.413
486,12,6,61.637013598596575,6.895590792636562,516.287
487,12,7,70.66078632245062,6.895588231315623,518.913
488,12,8,79.68250998955367,6.895581828013277,521.071
489,12,9,88.70175429798799,6.8954849247044265,522.602
490,12,10,82.28177945933705,-173.10438262669487,523.428
491,12,11,73.26836130226474,-173.1043962870732,523.552
492,12,12,64.25817382466984,-173.1043962870732,523.059
493,12,13,55.25135021524118,-173.1043962870732,522.104
494,12,14,46.24799975700547,-173.1043962870732,520.894
495,12,15,37.24814294053023,-173.1043962870732,519.664
496,12,16,28.251803671477536,-173.10440994745153,518.651
497,12,17,19.258966581921772,-173.10440994745153,518.067
498,12,18,10.269531780346318,-173.10440994745153,518.08
499,12,19,1.2833794182755849,-173.10440994745153,518.789
500,12,20,-7.699682496639129,-173.10440994745153,520.218
501,12,21,-16.679907641892466,-173.10440994745153,522.307
502,12,22,-25.657670503950015,-173.10440994745153,524.921
503,12,23,-34.63339284699302,-173.10440994745153,527.856
504,12,24,-43.607592057851114,-173.10440994745153,530.861
505,12,25,-52.58086236298209,-173.10440994745153,533.662
506,12,26,-61.55390385677586,-173.10440994745153,535.983
507,12,27,-70.52738589777111,-173.10440994745153,537.581
508,12,28,-79.50211786338446,-173.1044236078299,538.26
509,12,29,-88.47881692347877,-173.10450557009992,537.9
510,12,30,-82.54178427047191,6.895614698298657,536.465
511,12,31,-73.5590268325838,6.895604026128079,534.012
512,12,32,-64.57235569630126,6.895600611033494,530.684
513,12,33,-55.58132689932825,6.895599330373025,526.702
514,12,34,-46.58565698881422,6.895598049712555,522.342
515,12,35,-37.585158134557,6.895597622825732,517.916
516,12,36,-28.579873025238882,6.895596769052085,513.741
517,12,37,-19.569996321251228,6.895596342165263,510.109
518,12,38,-10.555866970731593,6.895595915278439,507.266
519,12,39,-1.5379627667567626,6.895595488391616,505.388
520,13,0,11.994645465621133,15.895598727047195,504.555
521,13,1,21.019229274439116,15.895598727047195,505.288
522,13,2,30.045233762604465,15.895597019499903,506.911
523,13,3,39.07191273195035,15.895597019499903,509.221
524,13,4,48.098557550350385,15.895597019499903,511.965
525,13,5,57.12449544417133,15.89559531195261,514.865
526,13,6,66.14913218695538,15.895593604405317,517.646
527,13,7,75.17193502394728,15.895590189310733,520.062
528,13,8,84.1924565777564,15.8955748213851,521.922
529,13,9,86.78964283984293,-164.10435164039578,523.105
530,13,10,77.7746810600182,-164.1043926215308,523.574
531,13,11,68.7628543370225,-164.1043926215308,523.374
532,13,12,59.75434025577426,-164.1043926215308,522.627
533,13,13,50.749244684205614,-164.1043926215308,521.517
534,13,14,41.74762909401909,-164.1043926215308,520.267
535,13,15,32.74953446634971,-164.1043926215308,519.116
536,13,16,23.754945433271835,-164.10440628190915,518.293
537,13,17,14.763829551386912,-164.10440628190915,517.991
538,13,18,5.776055339553418,-164.10440628190915,518.344
539,13,19,-3.2085229840787446,-164.10440628190915,519.415
540,13,20,-12.190121210798665,-164.10440628190915,521.187
541,13,21,-21.16907337954544,-164.10440628190915,523.56
542,13,22,-30.14575707171413,-164.10440628190915,526.363
543,13,23,-39.12064613167839,-164.10440628190915,529.366
544,13,24,-48.0942955123083,-164.10440628190915,532.304
545,13,25,-57.067377987237094,-164.10440628190915,534.899
546,13,26,-66.040525348963,-164.10440628190915,536.886
547,13,27,-75.01454697490269,-164.10440628190915,538.044
548,13,28,-83.9901736952973,-164.10441994228748,538.214
549,13,29,-87.03186183837909,15.895648245918677,537.315
550,13,30,-78.05085975910767,15.895610679878242,535.359
551,13,31,-69.06621718900861,15.895605557236365,532.445
552,13,32,-60.077408203515866,15.895603849689072,528.759
553,13,33,-51.08407421769798,15.89560214214178,524.55
554,13,34,-42.08601032587986,15.89560214214178,520.118
555,13,35,-33.08310382994021,15.895600434594487,515.778
556,13,36,-24.07549133366241,15.895600434594487,511.84
557,13,37,-15.063435799329522,15.895600434594487,508.576
558,13,38,-6.047352160933617,15.895598727047195,506.199
559,13,39,2.972224478892514,15.895598727047195,504.843
560,14,0,7.483115981078242,24.895588732211255,504.567
561,14,1,16.50671282756116,24.895588732211255,504.8
562,14,2,25.532100891153913,24.895588732211255,506
563,14,3,34.558533973689684,24.895587024663964,507.995
564,14,4,43.585284660021856,24.895587024663964,510.556
565,14,5,52.611656270855086,24.895585317116673,513.413
566,14,6,61.637013598596575,24.895585317116673,516.287
567,14,7,70.66078632245062,24.895581902022087,518.913
568,14,8,79.68250998955367,24.895575071832916,521.071
569,14,9,88.70175429798799,24.895477741637244,522.602
570,14,10,82.28177945933705,-155.10438895598838,523.428
571,14,11,73.26836130226474,-155.10440261636674,523.552
572,14,12,64.25817382466984,-155.10440261636674,523.059
573,14,13,55.25135021524118,-155.10440261636674,522.104
574,14,14,46.24799975700547,-155.10440261636674,520.894
575,14,15,37.24814294053023,-155.10440261636674,519.664
576,14,16,28.251803671477536,-155.10441627674507,518.651
577,14,17,19.258966581921772,-155.10441627674507,518.067
578,14,18,10.269531780346318,-155.10441627674507,518.08
579,14,19,1.2833794182755849,-155.10441627674507,518.789
580,14,20,-7.699682496639129,-155.10441627674507,520.218
581,14,21,-16.679907641892466,-155.10441627674507,522.307
582,14,22,-25.657670503950015,-155.10441627674507,524.921
583,14,23,-34.63339284699302,-155.10441627674507,527.856
584,14,24,-43.607592057851114,-155.10441627674507,530.861
585,14,25,-52.58086236298209,-155.10441627674507,533.662
586,14,26,-61.55390385677586,-155.10441627674507,535.983
587,14,27,-70.52738589777111,-155.10441627674507,537.581
588,14,28,-79.50211786338446,-155.10442993712343,538.26
589,14,29,-88.47881692347877,-155.10451189939346,537.9
590,14,30,-82.54178427047191,24.895607515231475,536.465
591,14,31,-73.5590268325838,24.895597269947718,534.012
592,14,32,-64.57235569630126,24.895593854853136,530.684
593,14,33,-55.58132689932825,24.89559214730584,526.702
594,14,34,-46.58565698881422,24.89559214730584,522.342
595,14,35,-37.585158134557,24.89559043975855,517.916
596,14,36,-28.579873025238882,24.89559043975855,513.741
597,14,37,-19.569996321251228,24.89559043975855,510.109
598,14,38,-10.555866970731593,24.89559043975855,507.266
599,14,39,-1.5379627667567626,24.895588732211255,505.388
600,15,0,11.994645465621133,33.89559239775366,504.555
601,15,1,21.019229274439116,33.89559239775366,505.288
602,15,2,30.045233762604465,33.89559239775366,506.911
603,15,3,39.07191273195035,33.89559239775366,509.221
604,15,4,48.098557550350385,33.89558898265907,511.965
605,15,5,57.12449544417133,33.89558898265907,514.865
606,15,6,66.14913218695538,33.89558556756449,517.646
607,15,7,75.17193502394728,33.895582152469906,520.062
608,15,8,84.1924565777564,33.89556849209156,521.922
609,15,9,86.78964283984293,-146.10435796968932,523.105
610,15,10,77.7746810600182,-146.10439895082433,523.574
611,15,11,68.7628543370225,-146.10439895082433,523.374
612,15,12,59.75434025577426,-146.10439895082433,522.627
613,15,13,50.749244684205614,-146.10439895082433,521.517
614,15,14,41.74762909401909,-146.10439895082433,520.267
615,15,15,32.74953446634971,-146.10439895082433,519.116
616,15,16,23.754945433271835,-146.10441261120266,518.293
617,15,17,14.763829551386912,-146.10441261120266,517.991
618,15,18,5.776055339553418,-146.10441261120266,518.344
619,15,19,-3.2085229840787446,-146.10441261120266,519.415
620,15,20,-12.190121210798665,-146.10441261120266,521.187
621,15,21,-21.16907337954544,-146.10441261120266,523.56
622,15,22,-30.14575707171413,-146.10441261120266,526.363
623,15,23,-39.12064613167839,-146.10441261120266,529.366
624,15,24,-48.0942955123083,-146.10441261120266,532.304
625,15,25,-57.067377987237094,-146.10441261120266,534.899
626,15,26,-66.040525348963,-146.10441261120266,536.886
627,15,27,-75.01454697490269,-146.10441261120266,538.044
628,15,28,-83.9901736952973,-146.10442627158102,538.214
629,15,29,-87.03186183837909,33.89564020907785,537.315
630,15,30,-78.05085975910767,33.895606058131996,535.359
631,15,31,-69.06621718900861,33.89559922794283,532.445
632,15,32,-60.077408203515866,33.89559581284824,528.759
633,15,33,-51.08407421769798,33.89559581284824,524.55
634,15,34,-42.08601032587986,33.89559581284824,520.118
635,15,35,-33.08310382994021,33.89559581284824,515.778
636,15,36,-24.07549133366241,33.89559239775366,511.84
637,15,37,-15.063435799329522,33.89559239775366,508.576
638,15,38,-6.047352160933617,33.89559239775366,506.199
639,15,39,2.972224478892514,33.89559239775366,504.843
640,16,0,7.483115981078242,42.89559606329606,504.567
641,16,1,16.50671282756116,42.89559606329606,504.8
642,16,2,25.532100891153913,42.89559606329606,506
643,16,3,34.558533973689684,42.89559606329606,507.995
644,16,4,43.585284660021856,42.89559264820147,510.556
645,16,5,52.611656270855086,42.89559264820147,513.413
646,16,6,61.637013598596575,42.89559264820147,516.287
647,16,7,70.66078632245062,42.89558923310689,518.913
648,16,8,79.68250998955367,42.89558240291772,521.071
649,16,9,88.70175429798799,42.89548678026934,522.602
650,16,10,82.28177945933705,-137.1043816249036,523.428
651,16,11,73.26836130226474,-137.10439528528192,523.552
652,16,12,64.25817382466984,-137.10439528528192,523.059
653,16,13,55.25135021524118,-137.10439528528192,522.104
654,16,14,46.24799975700547,-137.10439528528192,520.894
655,16,15,37.24814294053023,-137.10439528528192,519.664
656,16,16,28.251803671477536,-137.10440894566028,518.651
657,16,17,19.258966581921772,-137.10440894566028,518.067
658,16,18,10.269531780346318,-137.10440894566028,518.08
659,16,19,1.2833794182755849,-137.10440894566028,518.789
660,16,20,-7.699682496639129,-137.10440894566028,520.218
661,16,21,-16.679907641892466,-137.10440894566028,522.307
662,16,22,-25.657670503950015,-137.10440894566028,524.921
663,16,23,-34.63339284699302,-137.10440894566028,527.856
664,16,24,-43.607592057851114,-137.10440894566028,530.861
665,16,25,-52.58086236298209,-137.10440894566028,533.662
666,16,26,-61.55390385677586,-137.10440894566028,535.983
667,16,27,-70.52738589777111,-137.10440894566028,537.581
668,16,28,-79.50211786338446,-137.1044226060386,538.26
669,16,29,-88.47881692347877,-137.10450456830864,537.9
670,16,30,-82.54178427047191,42.89561655386357,536.465
671,16,31,-73.5590268325838,42.895606308579815,534.012
672,16,32,-64.57235569630126,42.89560289348523,530.684
673,16,33,-55.58132689932825,42.89559947839064,526.702
674,16,34,-46.58565698881422,42.89559947839064,522.342
675,16,35,-37.585158134557,42.89559947839064,517.916
676,16,36,-28.579873025238882,42.89559947839064,513.741
677,16,37,-19.569996321251228,42.89559606329606,510.109
678,16,38,-10.555866970731593,42.89559606329606,507.266
679,16,39,-1.5379627667567626,42.89559606329606,505.388
680,17,0,11.994645465621133,51.89558606846012,504.555
681,17,1,21.019229274439116,51.89558606846012,505.288
682,17,2,30.045233762604465,51.89558606846012,506.911
683,17,3,39.07191273195035,51.89558606846012,509.221
684,17,4,48.098557550350385,51.89558265336554,511.965
685,17,5,57.12449544417133,51.89558265336554,514.865
686,17,6,66.14913218695538,51.895579238270955,517.646
687,17,7,75.17193502394728,51.895575823176365,520.062
688,17,8,84.1924565777564,51.89556216279803,521.922
689,17,9,86.78964283984293,-128.10436429898286,523.105
690,17,10,77.7746810600182,-128.10440528011787,523.574
691,17,11,68.7628543370225,-128.10440528011787,523.374
692,17,12,59.75434025577426,-128.10440528011787,522.627
693,17,13,50.749244684205614,-128.10440528011787,521.517
694,17,14,41.74762909401909,-128.10440528011787,520.267
695,17,15,32.74953446634971,-128.10440528011787,519.116
696,17,16,23.754945433271835,-128.1044189404962,518.293
697,17,17,14.763829551386912,-128.1044189404962,517.991
698,17,18,5.776055339553418,-128.1044189404962,518.344
699,17,19,-3.2085229840787446,-128.1044189404962,519.415
700,17,20,-12.190121210798665,-128.1044189404962,521.187
701,17,21,-21.16907337954544,-128.1044189404962,523.56
702,17,22,-30.14575707171413,-128.1044189404962,526.363
703,17,23,-39.12064613167839,-128.1044189404962,529.366
704,17,24,-48.0942955123083,-128.1044189404962,532.304
705,17,25,-57.067377987237094,-128.1044189404962,534.899
706,17,26,-66.040525348963,-128.1044189404962,536.886
707,17,27,-75.01454697490269,-128.1044189404962,538.044
708,17,28,-83.9901736952973,-128.10443260087456,538.214
709,17,29,-87.03186183837909,51.89563387978431,537.315
710,17,30,-78.05085975910767,51.89559972883846,535.359
711,17,31,-69.06621718900861,51.89559289864929,532.445
712,17,32,-60.077408203515866,51.89558948355471,528.759
713,17,33,-51.08407421769798,51.89558948355471,524.55
714,17,34,-42.08601032587986,51.89558948355471,520.118
715,17,35,-33.08310382994021,51.89558948355471,515.778
716,17,36,-24.07549133366241,51.89558606846012,511.84
717,17,37,-15.063435799329522,51.89558606846012,508.576
718,17,38,-6.047352160933617,51.89558606846012,506.199
719,17,39,2.972224478892514,51.89558606846012,504.843
720,18,0,7.483115981078242,60.89558973400252,504.567
721,18,1,16.50671282756116,60.89558973400252,504.8
722,18,2,25.532100891153913,60.89558973400252,506
723,18,3,34.558533973689684,60.89558973400252,507.995
724,18,4,43.585284660021856,60.89558973400252,510.556
725,18,5,52.611656270855086,60.89558973400252,513.413
726,18,6,61.637013598596575,60.895582903813356,516.287
727,18,7,70.66078632245062,60.895582903813356,518.913
728,18,8,79.68250998955367,60.895576073624184,521.071
729,18,9,88.70175429798799,60.8954804509758,522.602
730,18,10,82.28177945933705,-119.10438795419714,523.428
731,18,11,73.26836130226474,-119.10440161457547,523.552
732,18,12,64.25817382466984,-119.10440161457547,523.059
733,18,13,55.25135021524118,-119.10440161457547,522.104
734,18,14,46.24799975700547,-119.10440161457547,520.894
735,18,15,37.24814294053023,-119.10440161457547,519.664
736,18,16,28.251803671477536,-119.10441527495381,518.651
737,18,17,19.258966581921772,-119.10441527495381,518.067
738,18,18,10.269531780346318,-119.10441527495381,518.08
739,18,19,1.2833794182755849,-119.10441527495381,518.789
740,18,20,-7.699682496639129,-119.10441527495381,520.218
741,18,21,-16.679907641892466,-119.10441527495381,522.307
742,18,22,-25.657670503950015,-119.10441527495381,524.921
743,18,23,-34.63339284699302,-119.10441527495381,527.856
744,18,24,-43.607592057851114,-119.10441527495381,530.861
745,18,25,-52.58086236298209,-119.10441527495381,533.662
746,18,26,-61.55390385677586,-119.10441527495381,535.983
747,18,27,-70.52738589777111,-119.10441527495381,537.581
748,18,28,-79.50211786338446,-119.10442893533215,538.26
749,18,29,-88.47881692347877,-119.1045108976022,537.9
750,18,30,-82.54178427047191,60.895610224570035,536.465
751,18,31,-73.5590268325838,60.89559656419169,534.012
752,18,32,-64.57235569630126,60.89559656419169,530.684
753,18,33,-55.58132689932825,60.89559656419169,526.702
754,18,34,-46.58565698881422,60.89558973400252,522.342
755,18,35,-37.585158134557,60.89558973400252,517.916
756,18,36,-28.579873025238882,60.89558973400252,513.741
757,18,37,-19.569996321251228,60.89558973400252,510.109
758,18,38,-10.555866970731593,60.89558973400252,507.266
759,18,39,-1.5379627667567626,60.89558973400252,505.388
760,19,0,11.994645465621133,69.89559339954492,504.555
761,19,1,21.019229274439116,69.89559339954492,505.288
762,19,2,30.045233762604465,69.89559339954492,506.911
763,19,3,39.07191273195035,69.89559339954492,509.221
764,19,4,48.098557550350385,69.89559339954492,511.965
765,19,5,57.12449544417133,69.89558656935576,514.865
766,19,6,66.14913218695538,69.89558656935576,517.646
767,19,7,75.17193502394728,69.89558656935576,520.062
768,19,8,84.1924565777564,69.89556607878825,521.922
769,19,9,86.78964283984293,-110.10436379808722,523.105
770,19,10,77.7746810600182,-110.10439794903307,523.574
771,19,11,68.7628543370225,-110.10439794903307,523.374
772,19,12,59.75434025577426,-110.10440477922224,522.627
773,19,13,50.749244684205614,-110.10440477922224,521.517
774,19,14,41.74762909401909,-110.10440477922224,520.267
775,19,15,32.74953446634971,-110.10440477922224,519.116
776,19,16,23.754945433271835,-110.10440477922224,518.293
777,19,17,14.763829551386912,-110.10440477922224,517.991
778,19,18,5.776055339553418,-110.10440477922224,518.344
779,19,19,-3.2085229840787446,-110.10440477922224,519.415
780,19,20,-12.190121210798665,-110.10440477922224,521.187
781,19,21,-21.16907337954544,-110.10440477922224,523.56
782,19,22,-30.14575707171413,-110.10440477922224,526.363
783,19,23,-39.12064613167839,-110.10440477922224,529.366
784,19,24,-48.0942955123083,-110.10441160941141,532.304
785,19,25,-57.067377987237094,-110.10441160941141,534.899
786,19,26,-66.040525348963,-110.10441160941141,536.886
787,19,27,-75.01454697490269,-110.10441843960058,538.044
788,19,28,-83.9901736952973,-110.10443209997892,538.214
789,19,29,-87.03186183837909,69.89564121086912,537.315
790,19,30,-78.05085975910767,69.89560705992326,535.359
791,19,31,-69.06621718900861,69.8956002297341,532.445
792,19,32,-60.077408203515866,69.8956002297341,528.759
793,19,33,-51.08407421769798,69.8956002297341,524.55
794,19,34,-42.08601032587986,69.89559339954492,520.118
795,19,35,-33.08310382994021,69.89559339954492,515.778
796,19,36,-24.07549133366241,69.89559339954492,511.84
797,19,37,-15.063435799329522,69.89559339954492,508.576
798,19,38,-6.047352160933617,69.89559339954492,506.199
799,19,39,2.972224478892514,69.89559339954492,504.843
800,20,0,7.483115981078242,78.89559706508733,504.567
801,20,1,16.50671282756116,78.89559706508733,504.8
802,20,2,25.532100891153913,78.89559706508733,506
803,20,3,34.558533973689684,78.89559706508733,507.995
804,20,4,43.585284660021856,78.89559706508733,510.556
805,20,5,52.611656270855086,78.89559706508733,513.413
806,20,6,61.637013598596575,78.89559023489815,516.287
807,20,7,70.66078632245062,78.89559023489815,518.913
808,20,8,79.68250998955367,78.89558340470899,521.071
809,20,9,88.70175429798799,78.89548778206061,522.602
810,20,10,82.28177945933705,-101.10438062311233,523.428
811,20,11,73.26836130226474,-101.10439428349066,523.552
812,20,12,64.25817382466984,-101.10439428349066,523.059
813,20,13,55.25135021524118,-101.10440111367984,522.104
814,20,14,46.24799975700547,-101.10440111367984,520.894
815,20,15,37.24814294053023,-101.10440111367984,519.664
816,20,16,28.251803671477536,-101.10440111367984,518.651
817,20,17,19.258966581921772,-101.10440111367984,518.067
818,20,18,10.269531780346318,-101.10440111367984,518.08
819,20,19,1.2833794182755849,-101.10440111367984,518.789
820,20,20,-7.699682496639129,-101.10440111367984,520.218
821,20,21,-16.679907641892466,-101.10440111367984,522.307
822,20,22,-25.657670503950015,-101.10440111367984,524.921
823,20,23,-34.63339284699302,-101.10440111367984,527.856
824,20,24,-43.607592057851114,-101.104407943869,530.861
825,20,25,-52.58086236298209,-101.104407943869,533.662
826,20,26,-61.55390385677586,-101.104407943869,535.983
827,20,27,-70.52738589777111,-101.104407943869,537.581
828,20,28,-79.50211786338446,-101.10441477405817,538.26
829,20,29,-88.47881692347877,-101.10449673632822,537.9
830,20,30,-82.54178427047191,78.89561755565484,536.465
831,20,31,-73.5590268325838,78.8956038952765,534.012
832,20,32,-64.57235569630126,78.8956038952765,530.684
833,20,33,-55.58132689932825,78.8956038952765,526.702
834,20,34,-46.58565698881422,78.89559706508733,522.342
835,20,35,-37.585158134557,78.89559706508733,517.916
836,20,36,-28.579873025238882,78.89559706508733,513.741
837,20,37,-19.569996321251228,78.89559706508733,510.109
838,20,38,-10.555866970731593,78.89559706508733,507.266
839,20,39,-1.5379627667567626,78.89559706508733,505.388
840,21,0,11.994645465621133,87.8955870702514,504.555
841,21,1,21.019229274439116,87.8955870702514,505.288
842,21,2,30.045233762604465,87.8955870702514,506.911
843,21,3,39.07191273195035,87.8955870702514,509.221
844,21,4,48.098557550350385,87.8955870702514,511.965
845,21,5,57.12449544417133,87.89558024006222,514.865
846,21,6,66.14913218695538,87.89558024006222,517.646
847,21,7,75.17193502394728,87.89558024006222,520.062
848,21,8,84.1924565777564,87.89555974949471,521.922
849,21,9,86.78964283984293,-92.10437012738076,523.105
850,21,10,77.7746810600182,-92.10440427832661,523.574
851,21,11,68.7628543370225,-92.10440427832661,523.374
852,21,12,59.75434025577426,-92.10441110851578,522.627
853,21,13,50.749244684205614,-92.10441110851578,521.517
854,21,14,41.74762909401909,-92.10441110851578,520.267
855,21,15,32.74953446634971,-92.10441110851578,519.116
856,21,16,23.754945433271835,-92.10441110851578,518.293
857,21,17,14.763829551386912,-92.10441110851578,517.991
858,21,18,5.776055339553418,-92.10441110851578,518.344
859,21,19,-3.2085229840787446,-92.10441110851578,519.415
860,21,20,-12.190121210798665,-92.10441110851578,521.187
861,21,21,-21.16907337954544,-92.10441110851578,523.56
862,21,22,-30.14575707171413,-92.10441110851578,526.363
863,21,23,-39.12064613167839,-92.10441110851578,529.366
864,21,24,-48.0942955123083,-92.10441793870494,532.304
865,21,25,-57.067377987237094,-92.10441793870494,534.899
866,21,26,-66.040525348963,-92.10441793870494,536.886
867,21,27,-75.01454697490269,-92.10442476889412,538.044
868,21,28,-83.9901736952973,-92.10443842927245,538.214
869,21,29,-87.03186183837909,87.89563488157557,537.315
870,21,30,-78.05085975910767,87.89560073062972,535.359
871,21,31,-69.06621718900861,87.89559390044056,532.445
872,21,32,-60.077408203515866,87.89559390044056,528.759
873,21,33,-51.08407421769798,87.89559390044056,524.55
874,21,34,-42.08601032587986,87.8955870702514,520.118
875,21,35,-33.08310382994021,87.8955870702514,515.778
876,21,36,-24.07549133366241,87.8955870702514,511.84
877,21,37,-15.063435799329522,87.8955870702514,508.576
878,21,38,-6.047352160933617,87.8955870702514,506.199
879,21,39,2.972224478892514,87.8955870702514,504.843
880,22,0,7.483115981078242,96.89559073579379,504.567
881,22,1,16.50671282756116,96.89559073579379,504.8
882,22,2,25.532100891153913,96.89559073579379,506
883,22,3,34.558533973689684,96.89559073579379,507.995
884,22,4,43.585284660021856,96.89559073579379,510.556
885,22,5,52.611656270855086,96.89559073579379,513.413
886,22,6,61.637013598596575,96.89558390560462,516.287
887,22,7,70.66078632245062,96.89558390560462,518.913
888,22,8,79.68250998955367,96.89557707541545,521.071
889,22,9,88.70175429798799,96.89548145276707,522.602
890,22,10,82.28177945933705,-83.10438695240586,523.428
891,22,11,73.26836130226474,-83.1044006127842,523.552
892,22,12,64.25817382466984,-83.1044006127842,523.059
893,22,13,55.25135021524118,-83.10440744297337,522.104
894,22,14,46.24799975700547,-83.10440744297337,520.894
895,22,15,37.24814294053023,-83.10440744297337,519.664
896,22,16,28.251803671477536,-83.10440744297337,518.651
897,22,17,19.258966581921772,-83.10440744297337,518.067
898,22,18,10.269531780346318,-83.10440744297337,518.08
899,22,19,1.2833794182755849,-83.10440744297337,518.789
900,22,20,-7.699682496639129,-83.10440744297337,520.218
901,22,21,-16.679907641892466,-83.10440744297337,522.307
902,22,22,-25.657670503950015,-83.10440744297337,524.921
903,22,23,-34.63339284699302,-83.10440744297337,527.856
904,22,24,-43.607592057851114,-83.10441427316255,530.861
905,22,25,-52.58086236298209,-83.10441427316255,533.662
906,22,26,-61.55390385677586,-83.10441427316255,535.983
907,22,27,-70.52738589777111,-83.10441427316255,537.581
908,22,28,-79.50211786338446,-83.10442110335171,538.26
909,22,29,-88.47881692347877,-83.10450306562176,537.9
910,22,30,-82.54178427047191,96.8956112263613,536.465
911,22,31,-73.5590268325838,96.89559756598295,534.012
912,22,32,-64.57235569630126,96.89559756598295,530.684
913,22,33,-55.58132689932825,96.89559756598295,526.702
914,22,34,-46.58565698881422,96.89559073579379,522.342
915,22,35,-37.585158134557,96.89559073579379,517.916
916,22,36,-28.579873025238882,96.89559073579379,513.741
917,22,37,-19.569996321251228,96.89559073579379,510.109
918,22,38,-10.555866970731593,96.89559073579379,507.266
919,22,39,-1.5379627667567626,96.89559073579379,505.388
920,23,0,11.994645465621133,105.8955944013362,504.555
921,23,1,21.019229274439116,105.8955944013362,505.288
922,23,2,30.045233762604465,105.8955944013362,506.911
923,23,3,39.07191273195035,105.8955944013362,509.221
924,23,4,48.098557550350385,105.8955944013362,511.965
925,23,5,57.12449544417133,105.89558757114702,514.865
926,23,6,66.14913218695538,105.89558757114702,517.646
927,23,7,75.17193502394728,105.89558757114702,520.062
928,23,8,84.1924565777564,105.89556708057951,521.922
929,23,9,86.78964283984293,-74.10436279629596,523.105
930,23,10,77.7746810600182,-74.1043969472418,523.574
931,23,11,68.7628543370225,-74.1043969472418,523.374
932,23,12,59.75434025577426,-74.10440377743097,522.627
933,23,13,50.749244684205614,-74.10440377743097,521.517
934,23,14,41.74762909401909,-74.10440377743097,520.267
935,23,15,32.74953446634971,-74.10440377743097,519.116
936,23,16,23.754945433271835,-74.10440377743097,518.293
937,23,17,14.763829551386912,-74.10440377743097,517.991
938,23,18,5.776055339553418,-74.10440377743097,518.344
939,23,19,-3.2085229840787446,-74.10440377743097,519.415
940,23,20,-12.190121210798665,-74.10440377743097,521.187
941,23,21,-21.16907337954544,-74.10440377743097,523.56
942,23,22,-30.14575707171413,-74.10440377743097,526.363
943,23,23,-39.12064613167839,-74.10440377743097,529.366
944,23,24,-48.0942955123083,-74.10441060762014,532.304
945,23,25,-57.067377987237094,-74.10441060762014,534.899
946,23,26,-66.040525348963,-74.10441060762014,536.886
947,23,27,-75.01454697490269,-74.10441743780932,538.044
948,23,28,-83.9901736952973,-74.10443109818765,538.214
949,23,29,-87.03186183837909,105.89564221266038,537.315
950,23,30,-78.05085975910767,105.89560806171453,535.359
951,23,31,-69.06621718900861,105.89560123152536,532.445
952,23,32,-60.077408203515866,105.89560123152536,528.759
953,23,33,-51.08407421769798,105.89560123152536,524.55
954,23,34,-42.08601032587986,105.8955944013362,520.118
955,23,35,-33.08310382994021,105.8955944013362,515.778
956,23,36,-24.07549133366241,105.8955944013362,511.84
957,23,37,-15.063435799329522,105.8955944013362,508.576
958,23,38,-6.047352160933617,105.8955944013362,506.199
959,23,39,2.972224478892514,105.8955944013362,504.843
960,24,0,7.483115981078242,114.89559806687859,504.567
961,24,1,16.50671282756116,114.89559806687859,504.8
962,24,2,25.532100891153913,114.89559806687859,506
963,24,3,34.558533973689684,114.89559806687859,507.995
964,24,4,43.585284660021856,114.89559806687859,510.556
965,24,5,52.611656270855086,114.89559806687859,513.413
966,24,6,61.637013598596575,114.89559806687859,516.287
967,24,7,70.66078632245062,114.89559806687859,518.913
968,24,8,79.68250998955367,114.89558440650025,521.071
969,24,9,88.70175429798799,114.89548878385187,522.602
970,24,10,82.28177945933705,-65.10437962132106,523.428
971,24,11,73.26836130226474,-65.1043932816994,523.552
972,24,12,64.25817382466984,-65.1043932816994,523.059
973,24,13,55.25135021524118,-65.10440011188857,522.104
974,24,14,46.24799975700547,-65.10440011188857,520.894
975,24,15,37.24814294053023,-65.10440011188857,519.664
976,24,16,28.251803671477536,-65.10440011188857,518.651
977,24,17,19.258966581921772,-65.10440011188857,518.067
978,24,18,10.269531780346318,-65.10440011188857,518.08
979,24,19,1.2833794182755849,-65.10440011188857,518.789
980,24,20,-7.699682496639129,-65.10440011188857,520.218
981,24,21,-16.679907641892466,-65.10440011188857,522.307
982,24,22,-25.657670503950015,-65.10440011188857,524.921
983,24,23,-34.63339284699302,-65.10440011188857,527.856
984,24,24,-43.607592057851114,-65.10440694207774,530.861
985,24,25,-52.58086236298209,-65.10440694207774,533.662
986,24,26,-61.55390385677586,-65.10440694207774,535.983
987,24,27,-70.52738589777111,-65.10440694207774,537.581
988,24,28,-79.50211786338446,-65.10441377226691,538.26
989,24,29,-88.47881692347877,-65.10449573453695,537.9
990,24,30,-82.54178427047191,114.89561172725693,536.465
991,24,31,-73.5590268325838,114.89561172725693,534.012
992,24,32,-64.57235569630126,114.89559806687859,530.684
993,24,33,-55.58132689932825,114.89559806687859,526.702
994,24,34,-46.58565698881422,114.89559806687859,522.342
995,24,35,-37.585158134557,114.89559806687859,517.916
996,24,36,-28.579873025238882,114.89559806687859,513.741
997,24,37,-19.569996321251228,114.89559806687859,510.109
998,24,38,-10.555866970731593,114.89559806687859,507.266
999,24,39,-1.5379627667567626,114.89559806687859,505.388
1000,25,0,11.994645465621133,123.89558807204266,504.555
1001,25,1,21.019229274439116,123.89558807204266,505.288
1002,25,2,30.045233762604465,123.89558807204266,506.911
1003,25,3,39.07191273195035,123.89558807204266,509.221
1004,25,4,48.098557550350385,123.89558807204266,511.965
1005,25,5,57.12449544417133,123.89558807204266,514.865
1006,25,6,66.14913218695538,123.89558807204266,517.646
1007,25,7,75.17193502394728,123.89557441166431,520.062
1008,25,8,84.1924565777564,123.89556075128597,521.922
1009,25,9,86.78964283984293,-56.1043657104949,523.105
1010,25,10,77.7746810600182,-56.104399861440754,523.574
1011,25,11,68.7628543370225,-56.104406691629926,523.374
1012,25,12,59.75434025577426,-56.104406691629926,522.627
1013,25,13,50.749244684205614,-56.10441010672451,521.517
1014,25,14,41.74762909401909,-56.10441010672451,520.267
1015,25,15,32.74953446634971,-56.10441010672451,519.116
1016,25,16,23.754945433271835,-56.10441010672451,518.293
1017,25,17,14.763829551386912,-56.10441010672451,517.991
1018,25,18,5.776055339553418,-56.10441010672451,518.344
1019,25,19,-3.2085229840787446,-56.10441010672451,519.415
1020,25,20,-12.190121210798665,-56.10441352181909,521.187
1021,25,21,-21.16907337954544,-56.10441352181909,523.56
1022,25,22,-30.14575707171413,-56.10441352181909,526.363
1023,25,23,-39.12064613167839,-56.10441352181909,529.366
1024,25,24,-48.0942955123083,-56.10441352181909,532.304
1025,25,25,-57.067377987237094,-56.10441693691368,534.899
1026,25,26,-66.040525348963,-56.10441693691368,536.886
1027,25,27,-75.01454697490269,-56.10442035200826,538.044
1028,25,28,-83.9901736952973,-56.104434012386605,538.214
1029,25,29,-87.03186183837909,123.89564271355601,537.315
1030,25,30,-78.05085975910767,123.895601732421,535.359
1031,25,31,-69.06621718900861,123.895601732421,532.445
1032,25,32,-60.077408203515866,123.89558807204266,528.759
1033,25,33,-51.08407421769798,123.89558807204266,524.55
1034,25,34,-42.08601032587986,123.89558807204266,520.118
1035,25,35,-33.08310382994021,123.89558807204266,515.778
1036,25,36,-24.07549133366241,123.89558807204266,511.84
1037,25,37,-15.063435799329522,123.89558807204266,508.576
1038,25,38,-6.047352160933617,123.89558807204266,506.199
1039,25,39,2.972224478892514,123.89558807204266,504.843
1040,26,0,7.483115981078242,132.8956053979634,504.567
1041,26,1,16.50671282756116,132.8956053979634,504.8
1042,26,2,25.532100891153913,132.8956053979634,506
1043,26,3,34.558533973689684,132.8956053979634,507.995
1044,26,4,43.585284660021856,132.8956053979634,510.556
1045,26,5,52.611656270855086,132.8956053979634,513.413
1046,26,6,61.637013598596575,132.8956053979634,516.287
1047,26,7,70.66078632245062,132.8956053979634,518.913
1048,26,8,79.68250998955367,132.89559173758505,521.071
1049,26,9,88.70175429798799,132.89549611493666,522.602
1050,26,10,82.28177945933705,-47.104375705330845,523.428
1051,26,11,73.26836130226474,-47.1043859506146,523.552
1052,26,12,64.25817382466984,-47.10438936570918,523.059
1053,26,13,55.25135021524118,-47.10438936570918,522.104
1054,26,14,46.24799975700547,-47.104392780803764,520.894
1055,26,15,37.24814294053023,-47.104392780803764,519.664
1056,26,16,28.251803671477536,-47.104392780803764,518.651
1057,26,17,19.258966581921772,-47.104392780803764,518.067
1058,26,18,10.269531780346318,-47.104392780803764,518.08
1059,26,19,1.2833794182755849,-47.104392780803764,518.789
1060,26,20,-7.699682496639129,-47.10439619589835,520.218
1061,26,21,-16.679907641892466,-47.10439619589835,522.307
1062,26,22,-25.657670503950015,-47.10439619589835,524.921
1063,26,23,-34.63339284699302,-47.10439619589835,527.856
1064,26,24,-43.607592057851114,-47.10439619589835,530.861
1065,26,25,-52.58086236298209,-47.10439619589835,533.662
1066,26,26,-61.55390385677586,-47.104399610992935,535.983
1067,26,27,-70.52738589777111,-47.104399610992935,537.581
1068,26,28,-79.50211786338446,-47.10440644118211,538.26
1069,26,29,-88.47881692347877,-47.104488403452144,537.9
1070,26,30,-82.54178427047191,132.89561905834174,536.465
1071,26,31,-73.5590268325838,132.89561905834174,534.012
1072,26,32,-64.57235569630126,132.8956053979634,530.684
1073,26,33,-55.58132689932825,132.8956053979634,526.702
1074,26,34,-46.58565698881422,132.8956053979634,522.342
1075,26,35,-37.585158134557,132.8956053979634,517.916
1076,26,36,-28.579873025238882,132.8956053979634,513.741
1077,26,37,-19.569996321251228,132.8956053979634,510.109
1078,26,38,-10.555866970731593,132.8956053979634,507.266
1079,26,39,-1.5379627667567626,132.8956053979634,505.388
1080,27,0,11.994645465621133,141.89558174274913,504.555
1081,27,1,21.019229274439116,141.89558174274913,505.288
1082,27,2,30.045233762604465,141.89558174274913,506.911
1083,27,3,39.07191273195035,141.89558174274913,509.221
1084,27,4,48.098557550350385,141.89558174274913,511.965
1085,27,5,57.12449544417133,141.89558174274913,514.865
1086,27,6,66.14913218695538,141.89558174274913,517.646
1087,27,7,75.17193502394728,141.89556808237077,520.062
1088,27,8,84.1924565777564,141.89555442199244,521.922
1089,27,9,86.78964283984293,-38.10437203978844,523.105
1090,27,10,77.7746810600182,-38.10440619073429,523.574
1091,27,11,68.7628543370225,-38.10441302092346,523.374
1092,27,12,59.75434025577426,-38.10441302092346,522.627
1093,27,13,50.749244684205614,-38.10441643601805,521.517
1094,27,14,41.74762909401909,-38.10441643601805,520.267
1095,27,15,32.74953446634971,-38.10441643601805,519.116
1096,27,16,23.754945433271835,-38.10441643601805,518.293
1097,27,17,14.763829551386912,-38.10441643601805,517.991
1098,27,18,5.776055339553418,-38.10441643601805,518.344
1099,27,19,-3.2085229840787446,-38.10441643601805,519.415
1100,27,20,-12.190121210798665,-38.10441985111263,521.187
1101,27,21,-21.16907337954544,-38.10441985111263,523.56
1102,27,22,-30.14575707171413,-38.10441985111263,526.363
1103,27,23,-39.12064613167839,-38.10441985111263,529.366
1104,27,24,-48.0942955123083,-38.10441985111263,532.304
1105,27,25,-57.067377987237094,-38.10442326620721,534.899
1106,27,26,-66.040525348963,-38.10442326620721,536.886
1107,27,27,-75.01454697490269,-38.1044266813018,538.044
1108,27,28,-83.9901736952973,-38.10444034168014,538.214
1109,27,29,-87.03186183837909,141.89563638426247,537.315
1110,27,30,-78.05085975910767,141.89559540312746,535.359
1111,27,31,-69.06621718900861,141.89559540312746,532.445
1112,27,32,-60.077408203515866,141.89558174274913,528.759
1113,27,33,-51.08407421769798,141.89558174274913,524.55
1114,27,34,-42.08601032587986,141.89558174274913,520.118
1115,27,35,-33.08310382994021,141.89558174274913,515.778
1116,27,36,-24.07549133366241,141.89558174274913,511.84
1117,27,37,-15.063435799329522,141.89558174274913,508.576
1118,27,38,-6.047352160933617,141.89558174274913,506.199
1119,27,39,2.972224478892514,141.89558174274913,504.843
1120,28,0,7.483115981078242,150.8955854082915,504.567
1121,28,1,16.50671282756116,150.8955854082915,504.8
1122,28,2,25.532100891153913,150.8955854082915,506
1123,28,3,34.558533973689684,150.8955854082915,507.995
1124,28,4,43.585284660021856,150.8955854082915,510.556
1125,28,5,52.611656270855086,150.8955854082915,513.413
1126,28,6,61.637013598596575,150.8955854082915,516.287
1127,28,7,70.66078632245062,150.8955854082915,518.913
1128,28,8,79.68250998955367,150.89557174791318,521.071
1129,28,9,88.70175429798799,150.8954761252648,522.602
1130,28,10,82.28177945933705,-29.10439569500272,523.428
1131,28,11,73.26836130226474,-29.104405940286473,523.552
1132,28,12,64.25817382466984,-29.10440935538106,523.059
1133,28,13,55.25135021524118,-29.10440935538106,522.104
1134,28,14,46.24799975700547,-29.104412770475644,520.894
1135,28,15,37.24814294053023,-29.104412770475644,519.664
1136,28,16,28.251803671477536,-29.104412770475644,518.651
1137,28,17,19.258966581921772,-29.104412770475644,518.067
1138,28,18,10.269531780346318,-29.104412770475644,518.08
1139,28,19,1.2833794182755849,-29.104412770475644,518.789
1140,28,20,-7.699682496639129,-29.10441618557023,520.218
1141,28,21,-16.679907641892466,-29.10441618557023,522.307
1142,28,22,-25.657670503950015,-29.10441618557023,524.921
1143,28,23,-34.63339284699302,-29.10441618557023,527.856
1144,28,24,-43.607592057851114,-29.10441618557023,530.861
1145,28,25,-52.58086236298209,-29.10441618557023,533.662
1146,28,26,-61.55390385677586,-29.104419600664812,535.983
1147,28,27,-70.52738589777111,-29.104419600664812,537.581
1148,28,28,-79.50211786338446,-29.104426430853984,538.26
1149,28,29,-88.47881692347877,-29.104508393124025,537.9
1150,28,30,-82.54178427047191,150.89559906866987,536.465
1151,28,31,-73.5590268325838,150.89559906866987,534.012
1152,28,32,-64.57235569630126,150.8955854082915,530.684
1153,28,33,-55.58132689932825,150.8955854082915,526.702
1154,28,34,-46.58565698881422,150.8955854082915,522.342
1155,28,35,-37.585158134557,150.8955854082915,517.916
1156,28,36,-28.579873025238882,150.8955854082915,513.741
1157,28,37,-19.569996321251228,150.8955854082915,510.109
1158,28,38,-10.555866970731593,150.8955854082915,507.266
1159,28,39,-1.5379627667567626,150.8955854082915,505.388
1160,29,0,11.994645465621133,159.89558907383392,504.555
1161,29,1,21.019229274439116,159.89558907383392,505.288
1162,29,2,30.045233762604465,159.89558907383392,506.911
1163,29,3,39.07191273195035,159.89558907383392,509.221
1164,29,4,48.098557550350385,159.89558907383392,511.965
1165,29,5,57.12449544417133,159.89558907383392,514.865
1166,29,6,66.14913218695538,159.89558907383392,517.646
1167,29,7,75.17193502394728,159.8955754134556,520.062
1168,29,8,84.1924565777564,159.89556175307723,521.922
1169,29,9,86.78964283984293,-20.10436641625093,523.105
1170,29,10,77.7746810600182,-20.104398859649486,523.574
1171,29,11,68.7628543370225,-20.104403982291366,523.374
1172,29,12,59.75434025577426,-20.104405689838657,522.627
1173,29,13,50.749244684205614,-20.10440739738595,521.517
1174,29,14,41.74762909401909,-20.10440739738595,520.267
1175,29,15,32.74953446634971,-20.104409104933243,519.116
1176,29,16,23.754945433271835,-20.104409104933243,518.293
1177,29,17,14.763829551386912,-20.104409104933243,517.991
1178,29,18,5.776055339553418,-20.104410812480534,518.344
1179,29,19,-3.2085229840787446,-20.104410812480534,519.415
1180,29,20,-12.190121210798665,-20.104410812480534,521.187
1181,29,21,-21.16907337954544,-20.104410812480534,523.56
1182,29,22,-30.14575707171413,-20.10441252002783,526.363
1183,29,23,-39.12064613167839,-20.10441252002783,529.366
1184,29,24,-48.0942955123083,-20.10441252002783,532.304
1185,29,25,-57.067377987237094,-20.10441422757512,534.899
1186,29,26,-66.040525348963,-20.10441593512241,536.886
1187,29,27,-75.01454697490269,-20.104419350216997,538.044
1188,29,28,-83.9901736952973,-20.10443471814263,538.214
1189,29,29,-87.03186183837909,159.8956437153473,537.315
1190,29,30,-78.05085975910767,159.89560273421228,535.359
1191,29,31,-69.06621718900861,159.89560273421228,532.445
1192,29,32,-60.077408203515866,159.89558907383392,528.759
1193,29,33,-51.08407421769798,159.89558907383392,524.55
1194,29,34,-42.08601032587986,159.89558907383392,520.118
1195,29,35,-33.08310382994021,159.89558907383392,515.778
1196,29,36,-24.07549133366241,159.89558907383392,511.84
1197,29,37,-15.063435799329522,159.89558907383392,508.576
1198,29,38,-6.047352160933617,159.89558907383392,506.199
1199,29,39,2.972224478892514,159.89558907383392,504.843
1200,30,0,7.483115981078242,168.89559273937633,504.567
1201,30,1,16.50671282756116,168.89559273937633,504.8
1202,30,2,25.532100891153913,168.89559273937633,506
1203,30,3,34.558533973689684,168.89559273937633,507.995
1204,30,4,43.585284660021856,168.89559273937633,510.556
1205,30,5,52.611656270855086,168.89559273937633,513.413
1206,30,6,61.637013598596575,168.89559273937633,516.287
1207,30,7,70.66078632245062,168.89559273937633,518.913
1208,30,8,79.68250998955367,168.895579078998,521.071
1209,30,9,88.70175429798799,168.8954834563496,522.602
1210,30,10,82.28177945933705,-11.104388363917915,523.428
1211,30,11,73.26836130226474,-11.10439860920167,523.552
1212,30,12,64.25817382466984,-11.104402024296256,523.059
1213,30,13,55.25135021524118,-11.104402878069902,522.104
1214,30,14,46.24799975700547,-11.104404585617194,520.894
1215,30,15,37.24814294053023,-11.104404585617194,519.664
1216,30,16,28.251803671477536,-11.10440543939084,518.651
1217,30,17,19.258966581921772,-11.104406293164487,518.067
1218,30,18,10.269531780346318,-11.104406293164487,518.08
1219,30,19,1.2833794182755849,-11.104407146938133,518.789
1220,30,20,-7.699682496639129,-11.104407146938133,520.218
1221,30,21,-16.679907641892466,-11.104407146938133,522.307
1222,30,22,-25.657670503950015,-11.104408000711778,524.921
1223,30,23,-34.63339284699302,-11.104408854485426,527.856
1224,30,24,-43.607592057851114,-11.104408854485426,530.861
1225,30,25,-52.58086236298209,-11.104409708259071,533.662
1226,30,26,-61.55390385677586,-11.104411415806364,535.983
1227,30,27,-70.52738589777111,-11.104413977127303,537.581
1228,30,28,-79.50211786338446,-11.104419953542827,538.26
1229,30,29,-88.47881692347877,-11.10450106203922,537.9
1230,30,30,-82.54178427047191,168.89560639975466,536.465
1231,30,31,-73.5590268325838,168.89560639975466,534.012
1232,30,32,-64.57235569630126,168.89559273937633,530.684
1233,30,33,-55.58132689932825,168.89559273937633,526.702
1234,30,34,-46.58565698881422,168.89559273937633,522.342
1235,30,35,-37.585158134557,168.89559273937633,517.916
1236,30,36,-28.579873025238882,168.89559273937633,513.741
1237,30,37,-19.569996321251228,168.89559273937633,510.109
1238,30,38,-10.555866970731593,168.89559273937633,507.266
1239,30,39,-1.5379627667567626,168.89559273937633,505.388
1240,31,0,11.994645465621133,177.89559640491873,504.555
1241,31,1,21.019229274439116,177.89559640491873,505.288
1242,31,2,30.045233762604465,177.89559640491873,506.911
1243,31,3,39.07191273195035,177.89559640491873,509.221
1244,31,4,48.098557550350385,177.89559640491873,511.965
1245,31,5,57.12449544417133,177.89559640491873,514.865
1246,31,6,66.14913218695538,177.89559640491873,517.646
1247,31,7,75.17193502394728,177.89558274454038,520.062
1248,31,8,84.1924565777564,177.89556908416205,521.922
1249,31,9,86.78964283984293,-2.104358444835891,523.105
1250,31,10,77.7746810600182,-2.1043915285646837,523.574
1251,31,11,68.7628543370225,-2.104396651206561,523.374
1252,31,12,59.75434025577426,-2.1043987856406767,522.627
1253,31,13,50.749244684205614,-2.104400066301146,521.517
1254,31,14,41.74762909401909,-2.1044009200747924,520.267
1255,31,15,32.74953446634971,-2.104401560405027,519.116
1256,31,16,23.754945433271835,-2.1044019872918502,518.293
1257,31,17,14.763829551386912,-2.1044024141786735,517.991
1258,31,18,5.776055339553418,-2.1044028410654962,518.344
1259,31,19,-3.2085229840787446,-2.1044032679523195,519.415
1260,31,20,-12.190121210798665,-2.1044036948391427,521.187
1261,31,21,-21.16907337954544,-2.104404121725966,523.56
1262,31,22,-30.14575707171413,-2.104404548612789,526.363
1263,31,23,-39.12064613167839,-2.1044051889430238,529.366
1264,31,24,-48.0942955123083,-2.1044060427166698,532.304
1265,31,25,-57.067377987237094,-2.1044071099337276,534.899
1266,31,26,-66.040525348963,-2.10440881748102,536.886
1267,31,27,-75.01454697490269,-2.104412446019017,538.044
1268,31,28,-83.9901736952973,-2.104426960171003,538.214
1269,31,29,-87.03186183837909,177.89565104643208,537.315
1270,31,30,-78.05085975910767,177.89561006529706,535.359
1271,31,31,-69.06621718900861,177.89561006529706,532.445
1272,31,32,-60.077408203515866,177.89559640491873,528.759
1273,31,33,-51.08407421769798,177.89559640491873,524.55
1274,31,34,-42.08601032587986,177.89559640491873,520.118
1275,31,35,-33.08310382994021,177.89559640491873,515.778
1276,31,36,-24.07549133366241,177.89559640491873,511.84
1277,31,37,-15.063435799329522,177.89559640491873,508.576
1278,31,38,-6.047352160933617,177.89559640491873,506.199
1279,31,39,2.972224478892514,177.89559640491873,504.843
1280,32,0,7.483115981078242,-173.1043962870732,504.567
1281,32,1,16.50671282756116,-173.1043962870732,504.8
1282,32,2,25.532100891153913,-173.1043962870732,506
1283,32,3,34.558533973689684,-173.1043962870732,507.995
1284,32,4,43.585284660021856,-173.1043962870732,510.556
1285,32,5,52.611656270855086,-173.1043962870732,513.413
1286,32,6,61.637013598596575,-173.10440994745153,516.287
1287,32,7,70.66078632245062,-173.10440994745153,518.913
1288,32,8,79.68250998955367,-173.10440994745153,521.071
1289,32,9,88.70175429798799,-173.10450557009992,522.602
1290,32,10,82.28177945933705,6.895618967166888,523.428
1291,32,11,73.26836130226474,6.895608721883133,523.552
1292,32,12,64.25817382466984,6.895605733675371,523.059
1293,32,13,55.25135021524118,6.895604026128079,522.104
1294,32,14,46.24799975700547,6.895603172354432,520.894
1295,32,15,37.24814294053023,6.895602318580786,519.664
1296,32,16,28.251803671477536,6.895601891693963,518.651
1297,32,17,19.258966581921772,6.8956014648071395,518.067
1298,32,18,10.269531780346318,6.895601037920317,518.08
1299,32,19,1.2833794182755849,6.895600611033494,518.789
1300,32,20,-7.699682496639129,6.89560018414667,520.218
1301,32,21,-16.679907641892466,6.8955997572598475,522.307
1302,32,22,-25.657670503950015,6.895599330373025,524.921
1303,32,23,-34.63339284699302,6.895598903486201,527.856
1304,32,24,-43.607592057851114,6.895598049712555,530.861
1305,32,25,-52.58086236298209,6.895597195938909,533.662
1306,32,26,-61.55390385677586,6.895595915278439,535.983
1307,32,27,-70.52738589777111,6.8955933539575005,537.581
1308,32,28,-79.50211786338446,6.8955869506551535,538.26
1309,32,29,-88.47881692347877,6.895506269045583,537.9
1310,32,30,-82.54178427047191,-173.10438262669487,536.465
1311,32,31,-73.5590268325838,-173.1043962870732,534.012
1312,32,32,-64.57235569630126,-173.1043962870732,530.684
1313,32,33,-55.58132689932825,-173.1043962870732,526.702
1314,32,34,-46.58565698881422,-173.1043962870732,522.342
1315,32,35,-37.585158134557,-173.1043962870732,517.916
1316,32,36,-28.579873025238882,-173.1043962870732,513.741
1317,32,37,-19.569996321251228,-173.1043962870732,510.109
1318,32,38,-10.555866970731593,-173.1043962870732,507.266
1319,32,39,-1.5379627667567626,-173.1043962870732,505.388
1320,33,0,11.994645465621133,-164.1043926215308,504.555
1321,33,1,21.019229274439116,-164.1043926215308,505.288
1322,33,2,30.045233762604465,-164.1043926215308,506.911
1323,33,3,39.07191273195035,-164.1043926215308,509.221
1324,33,4,48.098557550350385,-164.1043926215308,511.965
1325,33,5,57.12449544417133,-164.10440628190915,514.865
1326,33,6,66.14913218695538,-164.10440628190915,517.646
1327,33,7,75.17193502394728,-164.10440628190915,520.062
1328,33,8,84.1924565777564,-164.10441994228748,521.922
1329,33,9,86.78964283984293,15.895648245918677,523.105
1330,33,10,77.7746810600182,15.895615802520119,523.574
1331,33,11,68.7628543370225,15.895610679878242,523.374
1332,33,12,59.75434025577426,15.89560897233095,522.627
1333,33,13,50.749244684205614,15.895607264783658,521.517
1334,33,14,41.74762909401909,15.895607264783658,520.267
1335,33,15,32.74953446634971,15.895605557236365,519.116
1336,33,16,23.754945433271835,15.895605557236365,518.293
1337,33,17,14.763829551386912,15.895605557236365,517.991
1338,33,18,5.776055339553418,15.895603849689072,518.344
1339,33,19,-3.2085229840787446,15.895603849689072,519.415
1340,33,20,-12.190121210798665,15.895603849689072,521.187
1341,33,21,-21.16907337954544,15.895603849689072,523.56
1342,33,22,-30.14575707171413,15.89560214214178,526.363
1343,33,23,-39.12064613167839,15.89560214214178,529.366
1344,33,24,-48.0942955123083,15.89560214214178,532.304
1345,33,25,-57.067377987237094,15.895600434594487,534.899
1346,33,26,-66.040525348963,15.895598727047195,536.886
1347,33,27,-75.01454697490269,15.89559531195261,538.044
1348,33,28,-83.9901736952973,15.895579944026977,538.214
1349,33,29,-87.03186183837909,-164.10435164039578,537.315
1350,33,30,-78.05085975910767,-164.10437896115246,535.359
1351,33,31,-69.06621718900861,-164.1043926215308,532.445
1352,33,32,-60.077408203515866,-164.1043926215308,528.759
1353,33,33,-51.08407421769798,-164.1043926215308,524.55
1354,33,34,-42.08601032587986,-164.1043926215308,520.118
1355,33,35,-33.08310382994021,-164.1043926215308,515.778
1356,33,36,-24.07549133366241,-164.1043926215308,511.84
1357,33,37,-15.063435799329522,-164.1043926215308,508.576
1358,33,38,-6.047352160933617,-164.1043926215308,506.199
1359,33,39,2.972224478892514,-164.1043926215308,504.843
1360,34,0,7.483115981078242,-155.10441627674507,504.567
1361,34,1,16.50671282756116,-155.10441627674507,504.8
1362,34,2,25.532100891153913,-155.10441627674507,506
1363,34,3,34.558533973689684,-155.10441627674507,507.995
1364,34,4,43.585284660021856,-155.10441627674507,510.556
1365,34,5,52.611656270855086,-155.10441627674507,513.413
1366,34,6,61.637013598596575,-155.10442993712343,516.287
1367,34,7,70.66078632245062,-155.10442993712343,518.913
1368,34,8,79.68250998955367,-155.10442993712343,521.071
1369,34,9,88.70175429798799,-155.1045255597718,522.602
1370,34,10,82.28177945933705,24.895598977495013,523.428
1371,34,11,73.26836130226474,24.895588732211255,523.552
1372,34,12,64.25817382466984,24.895585317116673,523.059
1373,34,13,55.25135021524118,24.89558360956938,522.104
1374,34,14,46.24799975700547,24.89558360956938,520.894
1375,34,15,37.24814294053023,24.895581902022087,519.664
1376,34,16,28.251803671477536,24.895581902022087,518.651
1377,34,17,19.258966581921772,24.895581902022087,518.067
1378,34,18,10.269531780346318,24.895580194474793,518.08
1379,34,19,1.2833794182755849,24.895580194474793,518.789
1380,34,20,-7.699682496639129,24.895580194474793,520.218
1381,34,21,-16.679907641892466,24.895580194474793,522.307
1382,34,22,-25.657670503950015,24.8955784869275,524.921
1383,34,23,-34.63339284699302,24.8955784869275,527.856
1384,34,24,-43.607592057851114,24.8955784869275,530.861
1385,34,25,-52.58086236298209,24.89557677938021,533.662
1386,34,26,-61.55390385677586,24.895575071832916,535.983
1387,34,27,-70.52738589777111,24.895573364285625,537.581
1388,34,28,-79.50211786338446,24.895566534096453,538.26
1389,34,29,-88.47881692347877,24.895486279373706,537.9
1390,34,30,-82.54178427047191,-155.10440261636674,536.465
1391,34,31,-73.5590268325838,-155.10441627674507,534.012
1392,34,32,-64.57235569630126,-155.10441627674507,530.684
1393,34,33,-55.58132689932825,-155.10441627674507,526.702
1394,34,34,-46.58565698881422,-155.10441627674507,522.342
1395,34,35,-37.585158134557,-155.10441627674507,517.916
1396,34,36,-28.579873025238882,-155.10441627674507,513.741
1397,34,37,-19.569996321251228,-155.10441627674507,510.109
1398,34,38,-10.555866970731593,-155.10441627674507,507.266
1399,34,39,-1.5379627667567626,-155.10441627674507,505.388
1400,35,0,11.994645465621133,-146.10441261120266,504.555
1401,35,1,21.019229274439116,-146.10441261120266,505.288
1402,35,2,30.045233762604465,-146.10441261120266,506.911
1403,35,3,39.07191273195035,-146.10441261120266,509.221
1404,35,4,48.098557550350385,-146.10441261120266,511.965
1405,35,5,57.12449544417133,-146.10442627158102,514.865
1406,35,6,66.14913218695538,-146.10442627158102,517.646
1407,35,7,75.17193502394728,-146.10442627158102,520.062
1408,35,8,84.1924565777564,-146.10443993195935,521.922
1409,35,9,86.78964283984293,33.89562996379409,523.105
1410,35,10,77.7746810600182,33.89559581284824,523.574
1411,35,11,68.7628543370225,33.89558898265907,523.374
1412,35,12,59.75434025577426,33.89558898265907,522.627
1413,35,13,50.749244684205614,33.89558556756449,521.517
1414,35,14,41.74762909401909,33.89558556756449,520.267
1415,35,15,32.74953446634971,33.89558556756449,519.116
1416,35,16,23.754945433271835,33.89558556756449,518.293
1417,35,17,14.763829551386912,33.89558556756449,517.991
1418,35,18,5.776055339553418,33.89558556756449,518.344
1419,35,19,-3.2085229840787446,33.89558556756449,519.415
1420,35,20,-12.190121210798665,33.895582152469906,521.187
1421,35,21,-21.16907337954544,33.895582152469906,523.56
1422,35,22,-30.14575707171413,33.895582152469906,526.363
1423,35,23,-39.12064613167839,33.895582152469906,529.366
1424,35,24,-48.0942955123083,33.895582152469906,532.304
1425,35,25,-57.067377987237094,33.89557873737532,534.899
1426,35,26,-66.040525348963,33.89557873737532,536.886
1427,35,27,-75.01454697490269,33.895575322280735,538.044
1428,35,28,-83.9901736952973,33.89556166190239,538.214
1429,35,29,-87.03186183837909,-146.10437163006765,537.315
1430,35,30,-78.05085975910767,-146.10439895082433,535.359
1431,35,31,-69.06621718900861,-146.10441261120266,532.445
1432,35,32,-60.077408203515866,-146.10441261120266,528.759
1433,35,33,-51.08407421769798,-146.10441261120266,524.55
1434,35,34,-42.08601032587986,-146.10441261120266,520.118
1435,35,35,-33.08310382994021,-146.10441261120266,515.778
1436,35,36,-24.07549133366241,-146.10441261120266,511.84
1437,35,37,-15.063435799329522,-146.10441261120266,508.576
1438,35,38,-6.047352160933617,-146.10441261120266,506.199
1439,35,39,2.972224478892514,-146.10441261120266,504.843
1440,36,0,7.483115981078242,-137.10440894566028,504.567
1441,36,1,16.50671282756116,-137.10440894566028,504.8
1442,36,2,25.532100891153913,-137.10440894566028,506
1443,36,3,34.558533973689684,-137.10440894566028,507.995
1444,36,4,43.585284660021856,-137.10440894566028,510.556
1445,36,5,52.611656270855086,-137.10440894566028,513.413
1446,36,6,61.637013598596575,-137.1044226060386,516.287
1447,36,7,70.66078632245062,-137.1044226060386,518.913
1448,36,8,79.68250998955367,-137.1044226060386,521.071
1449,36,9,88.70175429798799,-137.104518228687,522.602
1450,36,10,82.28177945933705,42.895606308579815,523.428
1451,36,11,73.26836130226474,42.89559606329606,523.552
1452,36,12,64.25817382466984,42.89559264820147,523.059
1453,36,13,55.25135021524118,42.89559264820147,522.104
1454,36,14,46.24799975700547,42.89558923310689,520.894
1455,36,15,37.24814294053023,42.89558923310689,519.664
1456,36,16,28.251803671477536,42.89558923310689,518.651
1457,36,17,19.258966581921772,42.89558923310689,518.067
1458,36,18,10.269531780346318,42.89558923310689,518.08
1459,36,19,1.2833794182755849,42.89558923310689,518.789
1460,36,20,-7.699682496639129,42.89558581801231,520.218
1461,36,21,-16.679907641892466,42.89558581801231,522.307
1462,36,22,-25.657670503950015,42.89558581801231,524.921
1463,36,23,-34.63339284699302,42.89558581801231,527.856
1464,36,24,-43.607592057851114,42.89558581801231,530.861
1465,36,25,-52.58086236298209,42.89558581801231,533.662
1466,36,26,-61.55390385677586,42.89558240291772,535.983
1467,36,27,-70.52738589777111,42.89558240291772,537.581
1468,36,28,-79.50211786338446,42.895575572728546,538.26
1469,36,29,-88.47881692347877,42.89549361045851,537.9
1470,36,30,-82.54178427047191,-137.10439528528192,536.465
1471,36,31,-73.5590268325838,-137.10440894566028,534.012
1472,36,32,-64.57235569630126,-137.10440894566028,530.684
1473,36,33,-55.58132689932825,-137.10440894566028,526.702
1474,36,34,-46.58565698881422,-137.10440894566028,522.342
1475,36,35,-37.585158134557,-137.10440894566028,517.916
1476,36,36,-28.579873025238882,-137.10440894566028,513.741
1477,36,37,-19.569996321251228,-137.10440894566028,510.109
1478,36,38,-10.555866970731593,-137.10440894566028,507.266
1479,36,39,-1.5379627667567626,-137.10440894566028,505.388
1480,37,0,11.994645465621133,-128.10440528011787,504.555
1481,37,1,21.019229274439116,-128.10440528011787,505.288
1482,37,2,30.045233762604465,-128.10440528011787,506.911
1483,37,3,39.07191273195035,-128.10440528011787,509.221
1484,37,4,48.098557550350385,-128.10440528011787,511.965
1485,37,5,57.12449544417133,-128.1044189404962,514.865
1486,37,6,66.14913218695538,-128.1044189404962,517.646
1487,37,7,75.17193502394728,-128.1044189404962,520.062
1488,37,8,84.1924565777564,-128.10443260087456,521.922
1489,37,9,86.78964283984293,51.895637294878895,523.105
1490,37,10,77.7746810600182,51.895603143933045,523.574
1491,37,11,68.7628543370225,51.89559631374388,523.374
1492,37,12,59.75434025577426,51.89559631374388,522.627
1493,37,13,50.749244684205614,51.89559289864929,521.517
1494,37,14,41.74762909401909,51.89559289864929,520.267
1495,37,15,32.74953446634971,51.89559289864929,519.116
1496,37,16,23.754945433271835,51.89559289864929,518.293
1497,37,17,14.763829551386912,51.89559289864929,517.991
1498,37,18,5.776055339553418,51.89559289864929,518.344
1499,37,19,-3.2085229840787446,51.89559289864929,519.415
1500,37,20,-12.190121210798665,51.89558948355471,521.187
1501,37,21,-21.16907337954544,51.89558948355471,523.56
1502,37,22,-30.14575707171413,51.89558948355471,526.363
1503,37,23,-39.12064613167839,51.89558948355471,529.366
1504,37,24,-48.0942955123083,51.89558948355471,532.304
1505,37,25,-57.067377987237094,51.89558606846012,534.899
1506,37,26,-66.040525348963,51.89558606846012,536.886
1507,37,27,-75.01454697490269,51.89558265336554,538.044
1508,37,28,-83.9901736952973,51.895568992987194,538.214
1509,37,29,-87.03186183837909,-128.10436429898286,537.315
1510,37,30,-78.05085975910767,-128.10439161973954,535.359
1511,37,31,-69.06621718900861,-128.10440528011787,532.445
1512,37,32,-60.077408203515866,-128.10440528011787,528.759
1513,37,33,-51.08407421769798,-128.10440528011787,524.55
1514,37,34,-42.08601032587986,-128.10440528011787,520.118
1515,37,35,-33.08310382994021,-128.10440528011787,515.778
1516,37,36,-24.07549133366241,-128.10440528011787,511.84
1517,37,37,-15.063435799329522,-128.10440528011787,508.576
1518,37,38,-6.047352160933617,-128.10440528011787,506.199
1519,37,39,2.972224478892514,-128.10440528011787,504.843
1520,38,0,7.483115981078242,-119.10440161457547,504.567
1521,38,1,16.50671282756116,-119.10440161457547,504.8
1522,38,2,25.532100891153913,-119.10440161457547,506
1523,38,3,34.558533973689684,-119.10440161457547,507.995
1524,38,4,43.585284660021856,-119.10440161457547,510.556
1525,38,5,52.611656270855086,-119.10440161457547,513.413
1526,38,6,61.637013598596575,-119.10441527495381,516.287
1527,38,7,70.66078632245062,-119.10441527495381,518.913
1528,38,8,79.68250998955367,-119.10441527495381,521.071
1529,38,9,88.70175429798799,-119.1045108976022,522.602
1530,38,10,82.28177945933705,60.89561705475921,523.428
1531,38,11,73.26836130226474,60.89560339438086,523.552
1532,38,12,64.25817382466984,60.89560339438086,523.059
1533,38,13,55.25135021524118,60.89559656419169,522.104
1534,38,14,46.24799975700547,60.89559656419169,520.894
1535,38,15,37.24814294053023,60.89559656419169,519.664
1536,38,16,28.251803671477536,60.89559656419169,518.651
1537,38,17,19.258966581921772,60.89559656419169,518.067
1538,38,18,10.269531780346318,60.89559656419169,518.08
1539,38,19,1.2833794182755849,60.89559656419169,518.789
1540,38,20,-7.699682496639129,60.89559656419169,520.218
1541,38,21,-16.679907641892466,60.89559656419169,522.307
1542,38,22,-25.657670503950015,60.89559656419169,524.921
1543,38,23,-34.63339284699302,60.89559656419169,527.856
1544,38,24,-43.607592057851114,60.89558973400252,530.861
1545,38,25,-52.58086236298209,60.89558973400252,533.662
1546,38,26,-61.55390385677586,60.89558973400252,535.983
1547,38,27,-70.52738589777111,60.89558973400252,537.581
1548,38,28,-79.50211786338446,60.895582903813356,538.26
1549,38,29,-88.47881692347877,60.89550094154331,537.9
1550,38,30,-82.54178427047191,-119.10438795419714,536.465
1551,38,31,-73.5590268325838,-119.10440161457547,534.012
1552,38,32,-64.57235569630126,-119.10440161457547,530.684
1553,38,33,-55.58132689932825,-119.10440161457547,526.702
1554,38,34,-46.58565698881422,-119.10440161457547,522.342
1555,38,35,-37.585158134557,-119.10440161457547,517.916
1556,38,36,-28.579873025238882,-119.10440161457547,513.741
1557,38,37,-19.569996321251228,-119.10440161457547,510.109
1558,38,38,-10.555866970731593,-119.10440161457547,507.266
1559,38,39,-1.5379627667567626,-119.10440161457547,505.388
1560,39,0,11.994645465621133,-110.10440477922224,504.555
1561,39,1,21.019229274439116,-110.10440477922224,505.288
1562,39,2,30.045233762604465,-110.10440477922224,506.911
1563,39,3,39.07191273195035,-110.10440477922224,509.221
1564,39,4,48.098557550350385,-110.10440477922224,511.965
1565,39,5,57.12449544417133,-110.10440477922224,514.865
1566,39,6,66.14913218695538,-110.10440477922224,517.646
1567,39,7,75.17193502394728,-110.10441160941141,520.062
1568,39,8,84.1924565777564,-110.10442526978974,521.922
1569,39,9,86.78964283984293,69.89564121086912,523.105
1570,39,10,77.7746810600182,69.89560705992326,523.574
1571,39,11,68.7628543370225,69.89560705992326,523.374
1572,39,12,59.75434025577426,69.8956002297341,522.627
1573,39,13,50.749244684205614,69.8956002297341,521.517
1574,39,14,41.74762909401909,69.8956002297341,520.267
1575,39,15,32.74953446634971,69.8956002297341,519.116
1576,39,16,23.754945433271835,69.8956002297341,518.293
1577,39,17,14.763829551386912,69.8956002297341,517.991
1578,39,18,5.776055339553418,69.8956002297341,518.344
1579,39,19,-3.2085229840787446,69.8956002297341,519.415
1580,39,20,-12.190121210798665,69.8956002297341,521.187
1581,39,21,-21.16907337954544,69.8956002297341,523.56
1582,39,22,-30.14575707171413,69.8956002297341,526.363
1583,39,23,-39.12064613167839,69.8956002297341,529.366
1584,39,24,-48.0942955123083,69.89559339954492,532.304
1585,39,25,-57.067377987237094,69.89559339954492,534.899
1586,39,26,-66.040525348963,69.89559339954492,536.886
1587,39,27,-75.01454697490269,69.89558656935576,538.044
1588,39,28,-83.9901736952973,69.89557290897741,538.214
1589,39,29,-87.03186183837909,-110.10435013770888,537.315
1590,39,30,-78.05085975910767,-110.10439111884389,535.359
1591,39,31,-69.06621718900861,-110.10439794903307,532.445
1592,39,32,-60.077408203515866,-110.10439794903307,528.759
1593,39,33,-51.08407421769798,-110.10439794903307,524.55
1594,39,34,-42.08601032587986,-110.10439794903307,520.118
1595,39,35,-33.08310382994021,-110.10439794903307,515.778
1596,39,36,-24.07549133366241,-110.10439794903307,511.84
1597,39,37,-15.063435799329522,-110.10439794903307,508.576
1598,39,38,-6.047352160933617,-110.10439794903307,506.199
1599,39,39,2.972224478892514,-110.10439794903307,504.843
