0,0,0,30.315193574454636,-102.60851805194336,506.972
1,0,1,39.34187937398969,-102.60851805194336,509.299
2,0,2,48.368510532011385,-102.60851805194336,512.052
3,0,3,57.39441427488648,-102.60851805194336,514.953
4,0,4,66.41899979125175,-102.60851805194336,517.726
5,0,5,75.44173432635196,-102.60852488213254,520.128
6,0,6,84.46218074808021,-102.60853854251087,521.969
7,0,7,86.5200142921675,77.39152793814799,523.131
8,0,8,77.50514130480198,77.39149378720214,523.579
9,0,9,68.493423864833,77.39149378720214,523.361
10,0,10,59.48500540623315,77.39148695701297,522.6
11,0,11,50.48001911769122,77.39148695701297,521.482
12,0,12,41.47851281053142,77.39148695701297,520.231
13,0,13,32.48052405079417,77.39148695701297,519.087
14,0,14,23.486057961121357,77.39148695701297,518.277
15,0,15,14.495030871695645,77.39148695701297,517.992
16,0,16,5.507356551378763,77.39148695701297,518.366
17,0,17,-3.4771159043212645,77.39148695701297,519.458
18,0,18,-12.458644121602193,77.39148695701297,521.249
19,0,19,-21.437523719589038,77.39148695701297,523.638
20,0,20,-30.414149355149778,77.39148695701297,526.45
21,0,21,-39.388983773600685,77.39148695701297,529.455
22,0,22,-48.36261949385225,77.3914801268238,532.387
23,0,23,-57.33568830840271,77.3914801268238,534.967
24,0,24,-66.30888348145281,77.3914801268238,536.932
25,0,25,-75.28293242814917,77.39147329663463,538.063
26,0,26,-84.25863428062466,77.39145963625629,538.201
27,0,27,-86.7633397813492,-102.60847024061917,537.27
28,0,28,-77.78223524924023,-102.60850439156502,535.283
29,0,29,-68.79746973573613,-102.6085112217542,532.343
30,0,30,-59.80852414645997,-102.6085112217542,528.637
31,0,31,-50.81504672666952,-102.6085112217542,524.418
32,0,32,-41.816808665027565,-102.6085112217542,519.984
33,0,33,-32.813758735115336,-102.6085112217542,515.652
34,0,34,-23.806031833168944,-102.6085112217542,511.73
35,0,35,-14.793848232789118,-102.6085112217542,508.491
36,0,36,-5.777650188724616,-102.6085112217542,506.143
37,0,37,3.2420216468630723,-102.6085112217542,504.819
38,0,38,12.264528437843138,-102.60851805194336,504.563
39,0,39,21.289168595721776,-102.60851805194336,505.325
40,1,0,34.82850061572902,-93.60851438640097,508.066
41,1,1,43.85524447187202,-93.60851438640097,510.64
42,1,2,52.88159217704316,-93.60851438640097,513.502
43,1,3,61.90690169346046,-93.60852121659013,516.372
44,1,4,70.93062660599031,-93.60852121659013,518.987
45,1,5,79.95226831082331,-93.6085280467793,521.128
46,1,6,88.97143748717677,-93.60865099018436,522.639
47,1,7,82.0121987229858,86.39150428293371,523.443
48,1,8,72.99888301875104,86.39149745274455,523.547
49,1,9,63.988791163804535,86.39149062255537,523.038
50,1,10,54.982083667591766,86.39149062255537,522.072
51,1,11,45.97882883200444,86.39149062255537,520.858
52,1,12,36.9790847136505,86.39149062255537,519.631
53,1,13,27.9828615578137,86.39149062255537,518.627
54,1,14,18.99011838335902,86.3914837923662,518.059
55,1,15,10.00078347330018,86.3914837923662,518.091
56,1,16,1.0147275876514732,86.3914837923662,518.822
57,1,17,-7.968232728199337,86.3914837923662,520.271
58,1,18,-16.948392132881914,86.3914837923662,522.378
59,1,19,-25.926090108142347,86.3914837923662,525.004
60,1,20,-34.90174756438824,86.3914837923662,527.945
61,1,21,-43.875916039395065,86.3914837923662,530.948
62,1,22,-52.84918292943145,86.3914837923662,533.738
63,1,23,-61.82222100813064,86.3914837923662,536.041
64,1,24,-70.7957440302609,86.39147696217702,537.613
65,1,25,-79.77053746757679,86.39147013198786,538.263
66,1,26,-88.74729116918446,86.39137450933949,537.87
67,1,27,-82.27321440211784,-93.60849389583345,536.404
68,1,28,-73.290347681203,-93.60850755621179,533.923
69,1,29,-64.30354677132624,-93.60850755621179,530.572
70,1,30,-55.31237112528608,-93.60850755621179,526.574
71,1,31,-46.3165304600428,-93.60851438640097,522.208
72,1,32,-37.31588134162383,-93.60851438640097,517.785
73,1,33,-28.310456213427727,-93.60851438640097,513.622
74,1,34,-19.300470226413353,-93.60851438640097,510.01
75,1,35,-10.286219640035952,-93.60851438640097,507.195
76,1,36,-1.2682106353460443,-93.60851438640097,505.348
77,1,37,7.752963094807106,-93.60851438640097,504.559
78,1,38,16.776628243181726,-93.60851438640097,504.823
79,1,39,25.8020572879095,-93.60851438640097,506.049
80,2,0,30.315193574454636,-84.60851755104773,506.972
81,2,1,39.34187937398969,-84.60851755104773,509.299
82,2,2,48.368510532011385,-84.60851755104773,512.052
83,2,3,57.39441427488648,-84.60851755104773,514.953
84,2,4,66.41899979125175,-84.60851755104773,517.726
85,2,5,75.44173432635196,-84.6085243812369,520.128
86,2,6,84.46218074808021,-84.60853804161525,521.969
87,2,7,86.5200142921675,95.39152843904363,523.131
88,2,8,77.50514130480198,95.39149428809777,523.579
89,2,9,68.493423864833,95.39149428809777,523.361
90,2,10,59.48500540623315,95.3914874579086,522.6
91,2,11,50.48001911769122,95.3914874579086,521.482
92,2,12,41.47851281053142,95.3914874579086,520.231
93,2,13,32.48052405079417,95.3914874579086,519.087
94,2,14,23.486057961121357,95.3914874579086,518.277
95,2,15,14.495030871695645,95.3914874579086,517.992
96,2,16,5.507356551378763,95.3914874579086,518.366
97,2,17,-3.4771159043212645,95.3914874579086,519.458
98,2,18,-12.458644121602193,95.3914874579086,521.249
99,2,19,-21.437523719589038,95.3914874579086,523.638
100,2,20,-30.414149355149778,95.3914874579086,526.45
101,2,21,-39.388983773600685,95.3914874579086,529.455
102,2,22,-48.36261949385225,95.39148062771943,532.387
103,2,23,-57.33568830840271,95.39148062771943,534.967
104,2,24,-66.30888348145281,95.39148062771943,536.932
105,2,25,-75.28293242814917,95.39147379753027,538.063
106,2,26,-84.25863428062466,95.39146013715192,538.201
107,2,27,-86.7633397813492,-84.60846973972355,537.27
108,2,28,-77.78223524924023,-84.6085038906694,535.283
109,2,29,-68.79746973573613,-84.60851072085856,532.343
110,2,30,-59.80852414645997,-84.60851072085856,528.637
111,2,31,-50.81504672666952,-84.60851072085856,524.418
112,2,32,-41.816808665027565,-84.60851072085856,519.984
113,2,33,-32.813758735115336,-84.60851072085856,515.652
114,2,34,-23.806031833168944,-84.60851072085856,511.73
115,2,35,-14.793848232789118,-84.60851072085856,508.491
116,2,36,-5.777650188724616,-84.60851072085856,506.143
117,2,37,3.2420216468630723,-84.60851072085856,504.819
118,2,38,12.264528437843138,-84.60851755104773,504.563
119,2,39,21.289168595721776,-84.60851755104773,505.325
120,3,0,34.82850061572902,-75.60851388550533,508.066
121,3,1,43.85524447187202,-75.60851388550533,510.64
122,3,2,52.88159217704316,-75.60851388550533,513.502
123,3,3,61.90690169346046,-75.6085207156945,516.372
124,3,4,70.93062660599031,-75.6085207156945,518.987
125,3,5,79.95226831082331,-75.60852754588367,521.128
126,3,6,88.97143748717677,-75.60865048928873,522.639
127,3,7,82.0121987229858,104.39150478382935,523.443
128,3,8,72.99888301875104,104.39149795364017,523.547
129,3,9,63.988791163804535,104.391491123451,523.038
130,3,10,54.982083667591766,104.391491123451,522.072
131,3,11,45.97882883200444,104.391491123451,520.858
132,3,12,36.9790847136505,104.391491123451,519.631
133,3,13,27.9828615578137,104.391491123451,518.627
134,3,14,18.99011838335902,104.39148429326184,518.059
135,3,15,10.00078347330018,104.39148429326184,518.091
136,3,16,1.0147275876514732,104.39148429326184,518.822
137,3,17,-7.968232728199337,104.39148429326184,520.271
138,3,18,-16.948392132881914,104.39148429326184,522.378
139,3,19,-25.926090108142347,104.39148429326184,525.004
140,3,20,-34.90174756438824,104.39148429326184,527.945
141,3,21,-43.875916039395065,104.39148429326184,530.948
142,3,22,-52.84918292943145,104.39148429326184,533.738
143,3,23,-61.82222100813064,104.39148429326184,536.041
144,3,24,-70.7957440302609,104.39147746307266,537.613
145,3,25,-79.77053746757679,104.3914706328835,538.263
146,3,26,-88.74729116918446,104.39137501023511,537.87
147,3,27,-82.27321440211784,-75.60849339493782,536.404
148,3,28,-73.290347681203,-75.60850705531617,533.923
149,3,29,-64.30354677132624,-75.60850705531617,530.572
150,3,30,-55.31237112528608,-75.60850705531617,526.574
151,3,31,-46.3165304600428,-75.60851388550533,522.208
152,3,32,-37.31588134162383,-75.60851388550533,517.785
153,3,33,-28.310456213427727,-75.60851388550533,513.622
154,3,34,-19.300470226413353,-75.60851388550533,510.01
155,3,35,-10.286219640035952,-75.60851388550533,507.195
156,3,36,-1.2682106353460443,-75.60851388550533,505.348
157,3,37,7.752963094807106,-75.60851388550533,504.559
158,3,38,16.776628243181726,-75.60851388550533,504.823
159,3,39,25.8020572879095,-75.60851388550533,506.049
160,4,0,30.315193574454636,-66.6085170501521,506.972
161,4,1,39.34187937398969,-66.6085170501521,509.299
162,4,2,48.368510532011385,-66.6085170501521,512.052
163,4,3,57.39441427488648,-66.6085170501521,514.953
164,4,4,66.41899979125175,-66.6085170501521,517.726
165,4,5,75.44173432635196,-66.60852388034127,520.128
166,4,6,84.46218074808021,-66.60853754071961,521.969
167,4,7,86.5200142921675,113.39152893993925,523.131
168,4,8,77.50514130480198,113.3914947889934,523.579
169,4,9,68.493423864833,113.3914947889934,523.361
170,4,10,59.48500540623315,113.39148795880423,522.6
171,4,11,50.48001911769122,113.39148795880423,521.482
172,4,12,41.47851281053142,113.39148795880423,520.231
173,4,13,32.48052405079417,113.39148795880423,519.087
174,4,14,23.486057961121357,113.39148795880423,518.277
175,4,15,14.495030871695645,113.39148795880423,517.992
176,4,16,5.507356551378763,113.39148795880423,518.366
177,4,17,-3.4771159043212645,113.39148795880423,519.458
178,4,18,-12.458644121602193,113.39148795880423,521.249
179,4,19,-21.437523719589038,113.39148795880423,523.638
180,4,20,-30.414149355149778,113.39148795880423,526.45
181,4,21,-39.388983773600685,113.39148795880423,529.455
182,4,22,-48.36261949385225,113.39148112861507,532.387
183,4,23,-57.33568830840271,113.39148112861507,534.967
184,4,24,-66.30888348145281,113.39148112861507,536.932
185,4,25,-75.28293242814917,113.39147429842589,538.063
186,4,26,-84.25863428062466,113.39146063804756,538.201
187,4,27,-86.7633397813492,-66.60846923882791,537.27
188,4,28,-77.78223524924023,-66.60850338977376,535.283
189,4,29,-68.79746973573613,-66.60851021996292,532.343
190,4,30,-59.80852414645997,-66.60851021996292,528.637
191,4,31,-50.81504672666952,-66.60851021996292,524.418
192,4,32,-41.816808665027565,-66.60851021996292,519.984
193,4,33,-32.813758735115336,-66.60851021996292,515.652
194,4,34,-23.806031833168944,-66.60851021996292,511.73
195,4,35,-14.793848232789118,-66.60851021996292,508.491
196,4,36,-5.777650188724616,-66.60851021996292,506.143
197,4,37,3.2420216468630723,-66.60851021996292,504.819
198,4,38,12.264528437843138,-66.6085170501521,504.563
199,4,39,21.289168595721776,-66.6085170501521,505.325
200,5,0,34.82850061572902,-57.608513384609694,508.066
201,5,1,43.85524447187202,-57.608513384609694,510.64
202,5,2,52.88159217704316,-57.608513384609694,513.502
203,5,3,61.90690169346046,-57.608520214798865,516.372
204,5,4,70.93062660599031,-57.608520214798865,518.987
205,5,5,79.95226831082331,-57.60852704498804,521.128
206,5,6,88.97143748717677,-57.6086499883931,522.639
207,5,7,82.0121987229858,122.3914984545358,523.443
208,5,8,72.99888301875104,122.3914984545358,523.547
209,5,9,63.988791163804535,122.3914984545358,523.038
210,5,10,54.982083667591766,122.39148479415746,522.072
211,5,11,45.97882883200444,122.39148479415746,520.858
212,5,12,36.9790847136505,122.39148479415746,519.631
213,5,13,27.9828615578137,122.39148479415746,518.627
214,5,14,18.99011838335902,122.39148479415746,518.059
215,5,15,10.00078347330018,122.39148479415746,518.091
216,5,16,1.0147275876514732,122.39148479415746,518.822
217,5,17,-7.968232728199337,122.39148479415746,520.271
218,5,18,-16.948392132881914,122.39148479415746,522.378
219,5,19,-25.926090108142347,122.39148479415746,525.004
220,5,20,-34.90174756438824,122.39148479415746,527.945
221,5,21,-43.875916039395065,122.39148479415746,530.948
222,5,22,-52.84918292943145,122.39148479415746,533.738
223,5,23,-61.82222100813064,122.39148479415746,536.041
224,5,24,-70.7957440302609,122.39148479415746,537.613
225,5,25,-79.77053746757679,122.39147113377912,538.263
226,5,26,-88.74729116918446,122.39137551113075,537.87
227,5,27,-82.27321440211784,-57.608492894042186,536.404
228,5,28,-73.290347681203,-57.60850655442053,533.923
229,5,29,-64.30354677132624,-57.60850655442053,530.572
230,5,30,-55.31237112528608,-57.60850655442053,526.574
231,5,31,-46.3165304600428,-57.608513384609694,522.208
232,5,32,-37.31588134162383,-57.608513384609694,517.785
233,5,33,-28.310456213427727,-57.608513384609694,513.622
234,5,34,-19.300470226413353,-57.608513384609694,510.01
235,5,35,-10.286219640035952,-57.608513384609694,507.195
236,5,36,-1.2682106353460443,-57.608513384609694,505.348
237,5,37,7.752963094807106,-57.608513384609694,504.559
238,5,38,16.776628243181726,-57.608513384609694,504.823
239,5,39,25.8020572879095,-57.608513384609694,506.049
240,6,0,30.315193574454636,-48.60851313416188,506.972
241,6,1,39.34187937398969,-48.608516549256464,509.299
242,6,2,48.368510532011385,-48.608516549256464,512.052
243,6,3,57.39441427488648,-48.608516549256464,514.953
244,6,4,66.41899979125175,-48.60851996435105,517.726
245,6,5,75.44173432635196,-48.608523379445636,520.128
246,6,6,84.46218074808021,-48.60853703982397,521.969
247,6,7,86.5200142921675,131.3915294408349,523.131
248,6,8,77.50514130480198,131.3915021200782,523.579
249,6,9,68.493423864833,131.39148845969987,523.361
250,6,10,59.48500540623315,131.39148845969987,522.6
251,6,11,50.48001911769122,131.39148845969987,521.482
252,6,12,41.47851281053142,131.39148845969987,520.231
253,6,13,32.48052405079417,131.39148845969987,519.087
254,6,14,23.486057961121357,131.39148845969987,518.277
255,6,15,14.495030871695645,131.39148845969987,517.992
256,6,16,5.507356551378763,131.39148845969987,518.366
257,6,17,-3.4771159043212645,131.39148845969987,519.458
258,6,18,-12.458644121602193,131.39148845969987,521.249
259,6,19,-21.437523719589038,131.39148845969987,523.638
260,6,20,-30.414149355149778,131.39148845969987,526.45
261,6,21,-39.388983773600685,131.39148845969987,529.455
262,6,22,-48.36261949385225,131.39148845969987,532.387
263,6,23,-57.33568830840271,131.39148845969987,534.967
264,6,24,-66.30888348145281,131.39147479932154,536.932
265,6,25,-75.28293242814917,131.39147479932154,538.063
266,6,26,-84.25863428062466,131.39146113894319,538.201
267,6,27,-86.7633397813492,-48.60846873793228,537.27
268,6,28,-77.78223524924023,-48.60850288887813,535.283
269,6,29,-68.79746973573613,-48.60850630397271,532.343
270,6,30,-59.80852414645997,-48.60850971906729,528.637
271,6,31,-50.81504672666952,-48.60850971906729,524.418
272,6,32,-41.816808665027565,-48.60850971906729,519.984
273,6,33,-32.813758735115336,-48.60850971906729,515.652
274,6,34,-23.806031833168944,-48.60851313416188,511.73
275,6,35,-14.793848232789118,-48.60851313416188,508.491
276,6,36,-5.777650188724616,-48.60851313416188,506.143
277,6,37,3.2420216468630723,-48.60851313416188,504.819
278,6,38,12.264528437843138,-48.60851313416188,504.563
279,6,39,21.289168595721776,-48.60851313416188,505.325
280,7,0,34.82850061572902,-39.608516298808645,508.066
281,7,1,43.85524447187202,-39.608519713903235,510.64
282,7,2,52.88159217704316,-39.608519713903235,513.502
283,7,3,61.90690169346046,-39.608519713903235,516.372
284,7,4,70.93062660599031,-39.60852312899782,518.987
285,7,5,79.95226831082331,-39.60852995918699,521.128
286,7,6,88.97143748717677,-39.60865631768663,522.639
287,7,7,82.0121987229858,140.3915057856206,523.443
288,7,8,72.99888301875104,140.39149212524228,523.547
289,7,9,63.988791163804535,140.39149212524228,523.038
290,7,10,54.982083667591766,140.39149212524228,522.072
291,7,11,45.97882883200444,140.39149212524228,520.858
292,7,12,36.9790847136505,140.39149212524228,519.631
293,7,13,27.9828615578137,140.39149212524228,518.627
294,7,14,18.99011838335902,140.39147846486392,518.059
295,7,15,10.00078347330018,140.39147846486392,518.091
296,7,16,1.0147275876514732,140.39147846486392,518.822
297,7,17,-7.968232728199337,140.39147846486392,520.271
298,7,18,-16.948392132881914,140.39147846486392,522.378
299,7,19,-25.926090108142347,140.39147846486392,525.004
300,7,20,-34.90174756438824,140.39147846486392,527.945
301,7,21,-43.875916039395065,140.39147846486392,530.948
302,7,22,-52.84918292943145,140.39147846486392,533.738
303,7,23,-61.82222100813064,140.39147846486392,536.041
304,7,24,-70.7957440302609,140.39147846486392,537.613
305,7,25,-79.77053746757679,140.3914648044856,538.263
306,7,26,-88.74729116918446,140.3913691818372,537.87
307,7,27,-82.27321440211784,-39.60849922333572,536.404
308,7,28,-73.290347681203,-39.60850605352489,533.923
309,7,29,-64.30354677132624,-39.60850946861948,530.572
310,7,30,-55.31237112528608,-39.60851288371406,526.574
311,7,31,-46.3165304600428,-39.60851288371406,522.208
312,7,32,-37.31588134162383,-39.60851288371406,517.785
313,7,33,-28.310456213427727,-39.608516298808645,513.622
314,7,34,-19.300470226413353,-39.608516298808645,510.01
315,7,35,-10.286219640035952,-39.608516298808645,507.195
316,7,36,-1.2682106353460443,-39.608516298808645,505.348
317,7,37,7.752963094807106,-39.608516298808645,504.559
318,7,38,16.776628243181726,-39.608516298808645,504.823
319,7,39,25.8020572879095,-39.608516298808645,506.049
320,8,0,30.315193574454636,-30.608512633266248,506.972
321,8,1,39.34187937398969,-30.608516048360833,509.299
322,8,2,48.368510532011385,-30.608516048360833,512.052
323,8,3,57.39441427488648,-30.608516048360833,514.953
324,8,4,66.41899979125175,-30.608519463455416,517.726
325,8,5,75.44173432635196,-30.60852287855,520.128
326,8,6,84.46218074808021,-30.60853653892834,521.969
327,8,7,86.5200142921675,149.39152311154135,523.131
328,8,8,77.50514130480198,149.39149579078466,523.579
329,8,9,68.493423864833,149.39149579078466,523.361
330,8,10,59.48500540623315,149.39149579078466,522.6
331,8,11,50.48001911769122,149.39149579078466,521.482
332,8,12,41.47851281053142,149.39149579078466,520.231
333,8,13,32.48052405079417,149.39149579078466,519.087
334,8,14,23.486057961121357,149.39148213040633,518.277
335,8,15,14.495030871695645,149.39148213040633,517.992
336,8,16,5.507356551378763,149.39148213040633,518.366
337,8,17,-3.4771159043212645,149.39148213040633,519.458
338,8,18,-12.458644121602193,149.39148213040633,521.249
339,8,19,-21.437523719589038,149.39148213040633,523.638
340,8,20,-30.414149355149778,149.39148213040633,526.45
341,8,21,-39.388983773600685,149.39148213040633,529.455
342,8,22,-48.36261949385225,149.39148213040633,532.387
343,8,23,-57.33568830840271,149.39148213040633,534.967
344,8,24,-66.30888348145281,149.39148213040633,536.932
345,8,25,-75.28293242814917,149.39148213040633,538.063
346,8,26,-84.25863428062466,149.391468470028,538.201
347,8,27,-86.7633397813492,-30.608468237036643,537.27
348,8,28,-77.78223524924023,-30.60850238798249,535.283
349,8,29,-68.79746973573613,-30.608505803077076,532.343
350,8,30,-59.80852414645997,-30.608509218171662,528.637
351,8,31,-50.81504672666952,-30.608509218171662,524.418
352,8,32,-41.816808665027565,-30.608509218171662,519.984
353,8,33,-32.813758735115336,-30.608509218171662,515.652
354,8,34,-23.806031833168944,-30.608512633266248,511.73
355,8,35,-14.793848232789118,-30.608512633266248,508.491
356,8,36,-5.777650188724616,-30.608512633266248,506.143
357,8,37,3.2420216468630723,-30.608512633266248,504.819
358,8,38,12.264528437843138,-30.608512633266248,504.563
359,8,39,21.289168595721776,-30.608512633266248,505.325
360,9,0,34.82850061572902,-21.60851750546031,508.066
361,9,1,43.85524447187202,-21.60851750546031,510.64
362,9,2,52.88159217704316,-21.6085192130076,513.502
363,9,3,61.90690169346046,-21.60852092055489,516.372
364,9,4,70.93062660599031,-21.608522628102186,518.987
365,9,5,79.95226831082331,-21.608529458291354,521.128
366,9,6,88.97143748717677,-21.608655816791,522.639
367,9,7,82.0121987229858,158.39149945632707,523.443
368,9,8,72.99888301875104,158.39149945632707,523.547
369,9,9,63.988791163804535,158.39148579594874,523.038
370,9,10,54.982083667591766,158.39148579594874,522.072
371,9,11,45.97882883200444,158.39148579594874,520.858
372,9,12,36.9790847136505,158.39148579594874,519.631
373,9,13,27.9828615578137,158.39148579594874,518.627
374,9,14,18.99011838335902,158.39148579594874,518.059
375,9,15,10.00078347330018,158.39148579594874,518.091
376,9,16,1.0147275876514732,158.39148579594874,518.822
377,9,17,-7.968232728199337,158.39148579594874,520.271
378,9,18,-16.948392132881914,158.39148579594874,522.378
379,9,19,-25.926090108142347,158.39148579594874,525.004
380,9,20,-34.90174756438824,158.39148579594874,527.945
381,9,21,-43.875916039395065,158.39148579594874,530.948
382,9,22,-52.84918292943145,158.39148579594874,533.738
383,9,23,-61.82222100813064,158.39148579594874,536.041
384,9,24,-70.7957440302609,158.39147213557038,537.613
385,9,25,-79.77053746757679,158.39147213557038,538.263
386,9,26,-88.74729116918446,158.39137651292202,537.87
387,9,27,-82.27321440211784,-21.608497014892798,536.404
388,9,28,-73.290347681203,-21.60850726017655,533.923
389,9,29,-64.30354677132624,-21.608510675271138,530.572
390,9,30,-55.31237112528608,-21.60851238281843,526.574
391,9,31,-46.3165304600428,-21.60851238281843,522.208
392,9,32,-37.31588134162383,-21.608514090365723,517.785
393,9,33,-28.310456213427727,-21.608514090365723,513.622
394,9,34,-19.300470226413353,-21.608514090365723,510.01
395,9,35,-10.286219640035952,-21.608515797913014,507.195
396,9,36,-1.2682106353460443,-21.608515797913014,505.348
397,9,37,7.752963094807106,-21.608515797913014,504.559
398,9,38,16.776628243181726,-21.608515797913014,504.823
399,9,39,25.8020572879095,-21.60851750546031,506.049
400,10,0,30.315193574454636,-12.608512986144259,506.972
401,10,1,39.34187937398969,-12.608513839917906,509.299
402,10,2,48.368510532011385,-12.608514693691552,512.052
403,10,3,57.39441427488648,-12.608515547465199,514.953
404,10,4,66.41899979125175,-12.60851725501249,517.726
405,10,5,75.44173432635196,-12.608521523880722,520.128
406,10,6,84.46218074808021,-12.608537745580001,521.969
407,10,7,86.5200142921675,167.39153044262616,523.131
408,10,8,77.50514130480198,167.39150312186948,523.579
409,10,9,68.493423864833,167.39148946149115,523.361
410,10,10,59.48500540623315,167.39148946149115,522.6
411,10,11,50.48001911769122,167.39148946149115,521.482
412,10,12,41.47851281053142,167.39148946149115,520.231
413,10,13,32.48052405079417,167.39148946149115,519.087
414,10,14,23.486057961121357,167.39148946149115,518.277
415,10,15,14.495030871695645,167.39148946149115,517.992
416,10,16,5.507356551378763,167.39148946149115,518.366
417,10,17,-3.4771159043212645,167.39148946149115,519.458
418,10,18,-12.458644121602193,167.39148946149115,521.249
419,10,19,-21.437523719589038,167.39148946149115,523.638
420,10,20,-30.414149355149778,167.39148946149115,526.45
421,10,21,-39.388983773600685,167.39148946149115,529.455
422,10,22,-48.36261949385225,167.39148946149115,532.387
423,10,23,-57.33568830840271,167.39148946149115,534.967
424,10,24,-66.30888348145281,167.3914758011128,536.932
425,10,25,-75.28293242814917,167.3914758011128,538.063
426,10,26,-84.25863428062466,167.39146214073446,538.201
427,10,27,-86.7633397813492,-12.608467736141009,537.27
428,10,28,-77.78223524924023,-12.608500179539567,535.283
429,10,29,-68.79746973573613,-12.608505302181443,532.343
430,10,30,-59.80852414645997,-12.608507863502382,528.637
431,10,31,-50.81504672666952,-12.608508717276028,524.418
432,10,32,-41.816808665027565,-12.608509571049675,519.984
433,10,33,-32.813758735115336,-12.60851042482332,515.652
434,10,34,-23.806031833168944,-12.60851042482332,511.73
435,10,35,-14.793848232789118,-12.608511278596968,508.491
436,10,36,-5.777650188724616,-12.608511278596968,506.143
437,10,37,3.2420216468630723,-12.608512132370613,504.819
438,10,38,12.264528437843138,-12.608512132370613,504.563
439,10,39,21.289168595721776,-12.608512986144259,505.325
440,11,0,34.82850061572902,-3.608516577677851,508.066
441,11,1,43.85524447187202,-3.608517431451497,510.64
442,11,2,52.88159217704316,-3.6085182852251436,513.502
443,11,3,61.90690169346046,-3.608519565885613,516.372
444,11,4,70.93062660599031,-3.6085221272065517,518.987
445,11,5,79.95226831082331,-3.6085289573957215,521.128
446,11,6,88.97143748717677,-3.6086544621217205,522.639
447,11,7,82.0121987229858,176.39150678741188,523.443
448,11,8,72.99888301875104,176.39149312703353,523.547
449,11,9,63.988791163804535,176.39149312703353,523.038
450,11,10,54.982083667591766,176.39149312703353,522.072
451,11,11,45.97882883200444,176.39149312703353,520.858
452,11,12,36.9790847136505,176.39149312703353,519.631
453,11,13,27.9828615578137,176.39149312703353,518.627
454,11,14,18.99011838335902,176.3914794666552,518.059
455,11,15,10.00078347330018,176.3914794666552,518.091
456,11,16,1.0147275876514732,176.3914794666552,518.822
457,11,17,-7.968232728199337,176.3914794666552,520.271
458,11,18,-16.948392132881914,176.3914794666552,522.378
459,11,19,-25.926090108142347,176.3914794666552,525.004
460,11,20,-34.90174756438824,176.3914794666552,527.945
461,11,21,-43.875916039395065,176.3914794666552,530.948
462,11,22,-52.84918292943145,176.3914794666552,533.738
463,11,23,-61.82222100813064,176.3914794666552,536.041
464,11,24,-70.7957440302609,176.3914794666552,537.613
465,11,25,-79.77053746757679,176.39146580627687,538.263
466,11,26,-88.74729116918446,176.39137018362848,537.87
467,11,27,-82.27321440211784,-3.608496513997164,536.404
468,11,28,-73.290347681203,-3.6085067592809192,533.923
469,11,29,-64.30354677132624,-3.608509747488681,530.572
470,11,30,-55.31237112528608,-3.6085114550359734,526.574
471,11,31,-46.3165304600428,-3.60851230880962,522.208
472,11,32,-37.31588134162383,-3.608513162583266,517.785
473,11,33,-28.310456213427727,-3.608513589470089,513.622
474,11,34,-19.300470226413353,-3.6085140163569123,510.01
475,11,35,-10.286219640035952,-3.6085144432437355,507.195
476,11,36,-1.2682106353460443,-3.6085148701305583,505.348
477,11,37,7.752963094807106,-3.6085152970173815,504.559
478,11,38,16.776628243181726,-3.6085157239042047,504.823
479,11,39,25.8020572879095,-3.608516150791028,506.049
480,12,0,30.315193574454636,5.391487087864551,506.972
481,12,1,39.34187937398969,5.391486660977727,509.299
482,12,2,48.368510532011385,5.391485807204082,512.052
483,12,3,57.39441427488648,5.391484526543612,514.953
484,12,4,66.41899979125175,5.3914828189963195,517.726
485,12,5,75.44173432635196,5.391478977014911,520.128
486,12,6,84.46218074808021,5.391462755315633,521.969
487,12,7,86.5200142921675,-174.60847224420172,523.131
488,12,8,77.50514130480198,-174.60849956495838,523.579
489,12,9,68.493423864833,-174.60849956495838,523.361
490,12,10,59.48500540623315,-174.60851322533674,522.6
491,12,11,50.48001911769122,-174.60851322533674,521.482
492,12,12,41.47851281053142,-174.60851322533674,520.231
493,12,13,32.48052405079417,-174.60851322533674,519.087
494,12,14,23.486057961121357,-174.60851322533674,518.277
495,12,15,14.495030871695645,-174.60851322533674,517.992
496,12,16,5.507356551378763,-174.60851322533674,518.366
497,12,17,-3.4771159043212645,-174.60851322533674,519.458
498,12,18,-12.458644121602193,-174.60851322533674,521.249
499,12,19,-21.437523719589038,-174.60851322533674,523.638
500,12,20,-30.414149355149778,-174.60851322533674,526.45
501,12,21,-39.388983773600685,-174.60851322533674,529.455
502,12,22,-48.36261949385225,-174.60851322533674,532.387
503,12,23,-57.33568830840271,-174.60851322533674,534.967
504,12,24,-66.30888348145281,-174.60851322533674,536.932
505,12,25,-75.28293242814917,-174.60852688571507,538.063
506,12,26,-84.25863428062466,-174.60854054609342,538.201
507,12,27,-86.7633397813492,5.391532764754626,537.27
508,12,28,-77.78223524924023,5.391500321356068,535.283
509,12,29,-68.79746973573613,5.39149519871419,532.343
510,12,30,-59.80852414645997,5.391493064280074,528.637
511,12,31,-50.81504672666952,5.391491783619605,524.418
512,12,32,-41.816808665027565,5.391490929845959,519.984
513,12,33,-32.813758735115336,5.391490076072313,515.652
514,12,34,-23.806031833168944,5.391489649185489,511.73
515,12,35,-14.793848232789118,5.391489222298667,508.491
516,12,36,-5.777650188724616,5.391488795411843,506.143
517,12,37,3.2420216468630723,5.39148836852502,504.819
518,12,38,12.264528437843138,5.391487941638197,504.563
519,12,39,21.289168595721776,5.391487514751374,505.325
520,13,0,34.82850061572902,14.39149032652013,508.066
521,13,1,43.85524447187202,14.39149032652013,510.64
522,13,2,52.88159217704316,14.391488618972836,513.502
523,13,3,61.90690169346046,14.391486911425543,516.372
524,13,4,70.93062660599031,14.391485203878252,518.987
525,13,5,79.95226831082331,14.391478373689083,521.128
526,13,6,88.97143748717677,14.391352015189437,522.639
527,13,7,82.0121987229858,-165.608495899416,523.443
528,13,8,72.99888301875104,-165.608495899416,523.547
529,13,9,63.988791163804535,-165.608495899416,523.038
530,13,10,54.982083667591766,-165.60850955979433,522.072
531,13,11,45.97882883200444,-165.60850955979433,520.858
532,13,12,36.9790847136505,-165.60850955979433,519.631
533,13,13,27.9828615578137,-165.60850955979433,518.627
534,13,14,18.99011838335902,-165.60850955979433,518.059
535,13,15,10.00078347330018,-165.60850955979433,518.091
536,13,16,1.0147275876514732,-165.60850955979433,518.822
537,13,17,-7.968232728199337,-165.60850955979433,520.271
538,13,18,-16.948392132881914,-165.60850955979433,522.378
539,13,19,-25.926090108142347,-165.60850955979433,525.004
540,13,20,-34.90174756438824,-165.60850955979433,527.945
541,13,21,-43.875916039395065,-165.60850955979433,530.948
542,13,22,-52.84918292943145,-165.60850955979433,533.738
543,13,23,-61.82222100813064,-165.60850955979433,536.041
544,13,24,-70.7957440302609,-165.60850955979433,537.613
545,13,25,-79.77053746757679,-165.60852322017266,538.263
546,13,26,-88.74729116918446,-165.60861884282104,537.87
547,13,27,-82.27321440211784,14.391510817087639,536.404
548,13,28,-73.290347681203,14.391500571803885,533.923
549,13,29,-64.30354677132624,14.391497156709299,530.572
550,13,30,-55.31237112528608,14.391495449162006,526.574
551,13,31,-46.3165304600428,14.391495449162006,522.208
552,13,32,-37.31588134162383,14.391493741614715,517.785
553,13,33,-28.310456213427727,14.391493741614715,513.622
554,13,34,-19.300470226413353,14.391493741614715,510.01
555,13,35,-10.286219640035952,14.391492034067422,507.195
556,13,36,-1.2682106353460443,14.391492034067422,505.348
557,13,37,7.752963094807106,14.391492034067422,504.559
558,13,38,16.776628243181726,14.391492034067422,504.823
559,13,39,25.8020572879095,14.39149032652013,506.049
560,14,0,30.315193574454636,23.391480331684193,506.972
561,14,1,39.34187937398969,23.391480331684193,509.299
562,14,2,48.368510532011385,23.391480331684193,512.052
563,14,3,57.39441427488648,23.391478624136898,514.953
564,14,4,66.41899979125175,23.391476916589607,517.726
565,14,5,75.44173432635196,23.39147350149502,520.128
566,14,6,84.46218074808021,23.391456426022096,521.969
567,14,7,86.5200142921675,-156.60847857349523,523.131
568,14,8,77.50514130480198,-156.60850589425192,523.579
569,14,9,68.493423864833,-156.60850589425192,523.361
570,14,10,59.48500540623315,-156.60851955463028,522.6
571,14,11,50.48001911769122,-156.60851955463028,521.482
572,14,12,41.47851281053142,-156.60851955463028,520.231
573,14,13,32.48052405079417,-156.60851955463028,519.087
574,14,14,23.486057961121357,-156.60851955463028,518.277
575,14,15,14.495030871695645,-156.60851955463028,517.992
576,14,16,5.507356551378763,-156.60851955463028,518.366
577,14,17,-3.4771159043212645,-156.60851955463028,519.458
578,14,18,-12.458644121602193,-156.60851955463028,521.249
579,14,19,-21.437523719589038,-156.60851955463028,523.638
580,14,20,-30.414149355149778,-156.60851955463028,526.45
581,14,21,-39.388983773600685,-156.60851955463028,529.455
582,14,22,-48.36261949385225,-156.60851955463028,532.387
583,14,23,-57.33568830840271,-156.60851955463028,534.967
584,14,24,-66.30888348145281,-156.60851955463028,536.932
585,14,25,-75.28293242814917,-156.6085332150086,538.063
586,14,26,-84.25863428062466,-156.60854687538693,538.201
587,14,27,-86.7633397813492,23.39152643546109,537.27
588,14,28,-77.78223524924023,23.391493992062532,535.283
589,14,29,-68.79746973573613,23.39148886942065,532.343
590,14,30,-59.80852414645997,23.39148716187336,528.637
591,14,31,-50.81504672666952,23.39148545432607,524.418
592,14,32,-41.816808665027565,23.391483746778775,519.984
593,14,33,-32.813758735115336,23.391483746778775,515.652
594,14,34,-23.806031833168944,23.391483746778775,511.73
595,14,35,-14.793848232789118,23.391483746778775,508.491
596,14,36,-5.777650188724616,23.391482039231484,506.143
597,14,37,3.2420216468630723,23.391482039231484,504.819
598,14,38,12.264528437843138,23.391482039231484,504.563
599,14,39,21.289168595721776,23.391482039231484,505.325
600,15,0,34.82850061572902,32.391485704773885,508.066
601,15,1,43.85524447187202,32.3914822896793,510.64
602,15,2,52.88159217704316,32.3914822896793,513.502
603,15,3,61.90690169346046,32.3914822896793,516.372
604,15,4,70.93062660599031,32.39147887458471,518.987
605,15,5,79.95226831082331,32.39147204439554,521.128
606,15,6,88.97143748717677,32.3913456858959,522.639
607,15,7,82.0121987229858,-147.6085022287095,523.443
608,15,8,72.99888301875104,-147.6085022287095,523.547
609,15,9,63.988791163804535,-147.6085022287095,523.038
610,15,10,54.982083667591766,-147.60851588908787,522.072
611,15,11,45.97882883200444,-147.60851588908787,520.858
612,15,12,36.9790847136505,-147.60851588908787,519.631
613,15,13,27.9828615578137,-147.60851588908787,518.627
614,15,14,18.99011838335902,-147.60851588908787,518.059
615,15,15,10.00078347330018,-147.60851588908787,518.091
616,15,16,1.0147275876514732,-147.60851588908787,518.822
617,15,17,-7.968232728199337,-147.60851588908787,520.271
618,15,18,-16.948392132881914,-147.60851588908787,522.378
619,15,19,-25.926090108142347,-147.60851588908787,525.004
620,15,20,-34.90174756438824,-147.60851588908787,527.945
621,15,21,-43.875916039395065,-147.60851588908787,530.948
622,15,22,-52.84918292943145,-147.60851588908787,533.738
623,15,23,-61.82222100813064,-147.60851588908787,536.041
624,15,24,-70.7957440302609,-147.60851588908787,537.613
625,15,25,-79.77053746757679,-147.6085295494662,538.263
626,15,26,-88.74729116918446,-147.60862517211459,537.87
627,15,27,-82.27321440211784,32.39150278024681,536.404
628,15,28,-73.290347681203,32.39149595005764,533.923
629,15,29,-64.30354677132624,32.39149253496306,530.572
630,15,30,-55.31237112528608,32.39148911986847,526.574
631,15,31,-46.3165304600428,32.39148911986847,522.208
632,15,32,-37.31588134162383,32.39148911986847,517.785
633,15,33,-28.310456213427727,32.391485704773885,513.622
634,15,34,-19.300470226413353,32.391485704773885,510.01
635,15,35,-10.286219640035952,32.391485704773885,507.195
636,15,36,-1.2682106353460443,32.391485704773885,505.348
637,15,37,7.752963094807106,32.391485704773885,504.559
638,15,38,16.776628243181726,32.391485704773885,504.823
639,15,39,25.8020572879095,32.391485704773885,506.049
640,16,0,30.315193574454636,41.391489370316286,506.972
641,16,1,39.34187937398969,41.391485955221704,509.299
642,16,2,48.368510532011385,41.391485955221704,512.052
643,16,3,57.39441427488648,41.391485955221704,514.953
644,16,4,66.41899979125175,41.391482540127114,517.726
645,16,5,75.44173432635196,41.39147912503253,520.128
646,16,6,84.46218074808021,41.39146546465419,521.969
647,16,7,86.5200142921675,-138.60847124241045,523.131
648,16,8,77.50514130480198,-138.60849856316713,523.579
649,16,9,68.493423864833,-138.60849856316713,523.361
650,16,10,59.48500540623315,-138.60851222354546,522.6
651,16,11,50.48001911769122,-138.60851222354546,521.482
652,16,12,41.47851281053142,-138.60851222354546,520.231
653,16,13,32.48052405079417,-138.60851222354546,519.087
654,16,14,23.486057961121357,-138.60851222354546,518.277
655,16,15,14.495030871695645,-138.60851222354546,517.992
656,16,16,5.507356551378763,-138.60851222354546,518.366
657,16,17,-3.4771159043212645,-138.60851222354546,519.458
658,16,18,-12.458644121602193,-138.60851222354546,521.249
659,16,19,-21.437523719589038,-138.60851222354546,523.638
660,16,20,-30.414149355149778,-138.60851222354546,526.45
661,16,21,-39.388983773600685,-138.60851222354546,529.455
662,16,22,-48.36261949385225,-138.60851222354546,532.387
663,16,23,-57.33568830840271,-138.60851222354546,534.967
664,16,24,-66.30888348145281,-138.60851222354546,536.932
665,16,25,-75.28293242814917,-138.6085258839238,538.063
666,16,26,-84.25863428062466,-138.60853954430215,538.201
667,16,27,-86.7633397813492,41.39153376654589,537.27
668,16,28,-77.78223524924023,41.39149961560004,535.283
669,16,29,-68.79746973573613,41.39149620050546,532.343
670,16,30,-59.80852414645997,41.391492785410875,528.637
671,16,31,-50.81504672666952,41.391492785410875,524.418
672,16,32,-41.816808665027565,41.391492785410875,519.984
673,16,33,-32.813758735115336,41.391492785410875,515.652
674,16,34,-23.806031833168944,41.391489370316286,511.73
675,16,35,-14.793848232789118,41.391489370316286,508.491
676,16,36,-5.777650188724616,41.391489370316286,506.143
677,16,37,3.2420216468630723,41.391489370316286,504.819
678,16,38,12.264528437843138,41.391489370316286,504.563
679,16,39,21.289168595721776,41.391489370316286,505.325
680,17,0,34.82850061572902,50.39147937548035,508.066
681,17,1,43.85524447187202,50.39147596038576,510.64
682,17,2,52.88159217704316,50.39147596038576,513.502
683,17,3,61.90690169346046,50.39147596038576,516.372
684,17,4,70.93062660599031,50.39147254529118,518.987
685,17,5,79.95226831082331,50.39146571510201,521.128
686,17,6,88.97143748717677,50.391339356602366,522.639
687,17,7,82.0121987229858,-129.60850855800305,523.443
688,17,8,72.99888301875104,-129.60850855800305,523.547
689,17,9,63.988791163804535,-129.60850855800305,523.038
690,17,10,54.982083667591766,-129.6085222183814,522.072
691,17,11,45.97882883200444,-129.6085222183814,520.858
692,17,12,36.9790847136505,-129.6085222183814,519.631
693,17,13,27.9828615578137,-129.6085222183814,518.627
694,17,14,18.99011838335902,-129.6085222183814,518.059
695,17,15,10.00078347330018,-129.6085222183814,518.091
696,17,16,1.0147275876514732,-129.6085222183814,518.822
697,17,17,-7.968232728199337,-129.6085222183814,520.271
698,17,18,-16.948392132881914,-129.6085222183814,522.378
699,17,19,-25.926090108142347,-129.6085222183814,525.004
700,17,20,-34.90174756438824,-129.6085222183814,527.945
701,17,21,-43.875916039395065,-129.6085222183814,530.948
702,17,22,-52.84918292943145,-129.6085222183814,533.738
703,17,23,-61.82222100813064,-129.6085222183814,536.041
704,17,24,-70.7957440302609,-129.6085222183814,537.613
705,17,25,-79.77053746757679,-129.60853587875974,538.263
706,17,26,-88.74729116918446,-129.60863150140813,537.87
707,17,27,-82.27321440211784,50.39149645095328,536.404
708,17,28,-73.290347681203,50.391489620764105,533.923
709,17,29,-64.30354677132624,50.391486205669516,530.572
710,17,30,-55.31237112528608,50.39148279057493,526.574
711,17,31,-46.3165304600428,50.39148279057493,522.208
712,17,32,-37.31588134162383,50.39148279057493,517.785
713,17,33,-28.310456213427727,50.39147937548035,513.622
714,17,34,-19.300470226413353,50.39147937548035,510.01
715,17,35,-10.286219640035952,50.39147937548035,507.195
716,17,36,-1.2682106353460443,50.39147937548035,505.348
717,17,37,7.752963094807106,50.39147937548035,504.559
718,17,38,16.776628243181726,50.39147937548035,504.823
719,17,39,25.8020572879095,50.39147937548035,506.049
720,18,0,30.315193574454636,59.39147962592816,506.972
721,18,1,39.34187937398969,59.39147962592816,509.299
722,18,2,48.368510532011385,59.39147962592816,512.052
723,18,3,57.39441427488648,59.39147962592816,514.953
724,18,4,66.41899979125175,59.39147962592816,517.726
725,18,5,75.44173432635196,59.391472795739,520.128
726,18,6,84.46218074808021,59.391459135360655,521.969
727,18,7,86.5200142921675,-120.60847757170397,523.131
728,18,8,77.50514130480198,-120.60850489246066,523.579
729,18,9,68.493423864833,-120.60850489246066,523.361
730,18,10,59.48500540623315,-120.608518552839,522.6
731,18,11,50.48001911769122,-120.608518552839,521.482
732,18,12,41.47851281053142,-120.608518552839,520.231
733,18,13,32.48052405079417,-120.608518552839,519.087
734,18,14,23.486057961121357,-120.608518552839,518.277
735,18,15,14.495030871695645,-120.608518552839,517.992
736,18,16,5.507356551378763,-120.608518552839,518.366
737,18,17,-3.4771159043212645,-120.608518552839,519.458
738,18,18,-12.458644121602193,-120.608518552839,521.249
739,18,19,-21.437523719589038,-120.608518552839,523.638
740,18,20,-30.414149355149778,-120.608518552839,526.45
741,18,21,-39.388983773600685,-120.608518552839,529.455
742,18,22,-48.36261949385225,-120.608518552839,532.387
743,18,23,-57.33568830840271,-120.608518552839,534.967
744,18,24,-66.30888348145281,-120.608518552839,536.932
745,18,25,-75.28293242814917,-120.60853221321734,538.063
746,18,26,-84.25863428062466,-120.60854587359567,538.201
747,18,27,-86.7633397813492,59.39152743725236,537.27
748,18,28,-77.78223524924023,59.391493286306506,535.283
749,18,29,-68.79746973573613,59.391486456117335,532.343
750,18,30,-59.80852414645997,59.391486456117335,528.637
751,18,31,-50.81504672666952,59.391486456117335,524.418
752,18,32,-41.816808665027565,59.391486456117335,519.984
753,18,33,-32.813758735115336,59.391486456117335,515.652
754,18,34,-23.806031833168944,59.391486456117335,511.73
755,18,35,-14.793848232789118,59.391486456117335,508.491
756,18,36,-5.777650188724616,59.391486456117335,506.143
757,18,37,3.2420216468630723,59.391486456117335,504.819
758,18,38,12.264528437843138,59.39147962592816,504.563
759,18,39,21.289168595721776,59.39147962592816,505.325
760,19,0,34.82850061572902,68.39148329147056,508.066
761,19,1,43.85524447187202,68.39148329147056,510.64
762,19,2,52.88159217704316,68.39148329147056,513.502
763,19,3,61.90690169346046,68.39148329147056,516.372
764,19,4,70.93062660599031,68.3914764612814,518.987
765,19,5,79.95226831082331,68.39146963109222,521.128
766,19,6,88.97143748717677,68.39134668768716,522.639
767,19,7,82.0121987229858,-111.60849439672909,523.443
768,19,8,72.99888301875104,-111.60850805710743,523.547
769,19,9,63.988791163804535,-111.60850805710743,523.038
770,19,10,54.982083667591766,-111.60850805710743,522.072
771,19,11,45.97882883200444,-111.60850805710743,520.858
772,19,12,36.9790847136505,-111.60850805710743,519.631
773,19,13,27.9828615578137,-111.6085148872966,518.627
774,19,14,18.99011838335902,-111.6085148872966,518.059
775,19,15,10.00078347330018,-111.6085148872966,518.091
776,19,16,1.0147275876514732,-111.6085148872966,518.822
777,19,17,-7.968232728199337,-111.6085148872966,520.271
778,19,18,-16.948392132881914,-111.6085148872966,522.378
779,19,19,-25.926090108142347,-111.6085148872966,525.004
780,19,20,-34.90174756438824,-111.6085148872966,527.945
781,19,21,-43.875916039395065,-111.6085148872966,530.948
782,19,22,-52.84918292943145,-111.6085148872966,533.738
783,19,23,-61.82222100813064,-111.6085148872966,536.041
784,19,24,-70.7957440302609,-111.60852171748577,537.613
785,19,25,-79.77053746757679,-111.60852854767494,538.263
786,19,26,-88.74729116918446,-111.60863100051249,537.87
787,19,27,-82.27321440211784,68.39150378203807,536.404
788,19,28,-73.290347681203,68.39149695184891,533.923
789,19,29,-64.30354677132624,68.39149012165974,530.572
790,19,30,-55.31237112528608,68.39149012165974,526.574
791,19,31,-46.3165304600428,68.39149012165974,522.208
792,19,32,-37.31588134162383,68.39149012165974,517.785
793,19,33,-28.310456213427727,68.39149012165974,513.622
794,19,34,-19.300470226413353,68.39149012165974,510.01
795,19,35,-10.286219640035952,68.39149012165974,507.195
796,19,36,-1.2682106353460443,68.39149012165974,505.348
797,19,37,7.752963094807106,68.39148329147056,504.559
798,19,38,16.776628243181726,68.39148329147056,504.823
799,19,39,25.8020572879095,68.39148329147056,506.049
800,20,0,30.315193574454636,77.39148695701297,506.972
801,20,1,39.34187937398969,77.39148695701297,509.299
802,20,2,48.368510532011385,77.39148695701297,512.052
803,20,3,57.39441427488648,77.39148695701297,514.953
804,20,4,66.41899979125175,77.39148695701297,517.726
805,20,5,75.44173432635196,77.3914801268238,520.128
806,20,6,84.46218074808021,77.39146646644546,521.969
807,20,7,86.5200142921675,-102.60847024061917,523.131
808,20,8,77.50514130480198,-102.60849756137586,523.579
809,20,9,68.493423864833,-102.60850439156502,523.361
810,20,10,59.48500540623315,-102.60850439156502,522.6
811,20,11,50.48001911769122,-102.60850439156502,521.482
812,20,12,41.47851281053142,-102.60850439156502,520.231
813,20,13,32.48052405079417,-102.60850439156502,519.087
814,20,14,23.486057961121357,-102.6085112217542,518.277
815,20,15,14.495030871695645,-102.6085112217542,517.992
816,20,16,5.507356551378763,-102.6085112217542,518.366
817,20,17,-3.4771159043212645,-102.6085112217542,519.458
818,20,18,-12.458644121602193,-102.6085112217542,521.249
819,20,19,-21.437523719589038,-102.6085112217542,523.638
820,20,20,-30.414149355149778,-102.6085112217542,526.45
821,20,21,-39.388983773600685,-102.6085112217542,529.455
822,20,22,-48.36261949385225,-102.6085112217542,532.387
823,20,23,-57.33568830840271,-102.6085112217542,534.967
824,20,24,-66.30888348145281,-102.60851805194336,536.932
825,20,25,-75.28293242814917,-102.60851805194336,538.063
826,20,26,-84.25863428062466,-102.6085317123217,538.201
827,20,27,-86.7633397813492,77.39153476833715,537.27
828,20,28,-77.78223524924023,77.39150061739132,535.283
829,20,29,-68.79746973573613,77.39149378720214,532.343
830,20,30,-59.80852414645997,77.39149378720214,528.637
831,20,31,-50.81504672666952,77.39149378720214,524.418
832,20,32,-41.816808665027565,77.39149378720214,519.984
833,20,33,-32.813758735115336,77.39149378720214,515.652
834,20,34,-23.806031833168944,77.39149378720214,511.73
835,20,35,-14.793848232789118,77.39149378720214,508.491
836,20,36,-5.777650188724616,77.39149378720214,506.143
837,20,37,3.2420216468630723,77.39149378720214,504.819
838,20,38,12.264528437843138,77.39148695701297,504.563
839,20,39,21.289168595721776,77.39148695701297,505.325
840,21,0,34.82850061572902,86.39147696217702,508.066
841,21,1,43.85524447187202,86.39147696217702,510.64
842,21,2,52.88159217704316,86.39147696217702,513.502
843,21,3,61.90690169346046,86.39147696217702,516.372
844,21,4,70.93062660599031,86.39147013198786,518.987
845,21,5,79.95226831082331,86.3914633017987,521.128
846,21,6,88.97143748717677,86.39134035839363,522.639
847,21,7,82.0121987229858,-93.60850072602263,523.443
848,21,8,72.99888301875104,-93.60851438640097,523.547
849,21,9,63.988791163804535,-93.60851438640097,523.038
850,21,10,54.982083667591766,-93.60851438640097,522.072
851,21,11,45.97882883200444,-93.60851438640097,520.858
852,21,12,36.9790847136505,-93.60851438640097,519.631
853,21,13,27.9828615578137,-93.60852121659013,518.627
854,21,14,18.99011838335902,-93.60852121659013,518.059
855,21,15,10.00078347330018,-93.60852121659013,518.091
856,21,16,1.0147275876514732,-93.60852121659013,518.822
857,21,17,-7.968232728199337,-93.60852121659013,520.271
858,21,18,-16.948392132881914,-93.60852121659013,522.378
859,21,19,-25.926090108142347,-93.60852121659013,525.004
860,21,20,-34.90174756438824,-93.60852121659013,527.945
861,21,21,-43.875916039395065,-93.60852121659013,530.948
862,21,22,-52.84918292943145,-93.60852121659013,533.738
863,21,23,-61.82222100813064,-93.60852121659013,536.041
864,21,24,-70.7957440302609,-93.6085280467793,537.613
865,21,25,-79.77053746757679,-93.60853487696848,538.263
866,21,26,-88.74729116918446,-93.60863732980603,537.87
867,21,27,-82.27321440211784,86.39149745274455,536.404
868,21,28,-73.290347681203,86.39149062255537,533.923
869,21,29,-64.30354677132624,86.3914837923662,530.572
870,21,30,-55.31237112528608,86.3914837923662,526.574
871,21,31,-46.3165304600428,86.3914837923662,522.208
872,21,32,-37.31588134162383,86.3914837923662,517.785
873,21,33,-28.310456213427727,86.3914837923662,513.622
874,21,34,-19.300470226413353,86.3914837923662,510.01
875,21,35,-10.286219640035952,86.3914837923662,507.195
876,21,36,-1.2682106353460443,86.3914837923662,505.348
877,21,37,7.752963094807106,86.39147696217702,504.559
878,21,38,16.776628243181726,86.39147696217702,504.823
879,21,39,25.8020572879095,86.39147696217702,506.049
880,22,0,30.315193574454636,95.39148062771943,506.972
881,22,1,39.34187937398969,95.39148062771943,509.299
882,22,2,48.368510532011385,95.39148062771943,512.052
883,22,3,57.39441427488648,95.39148062771943,514.953
884,22,4,66.41899979125175,95.39148062771943,517.726
885,22,5,75.44173432635196,95.39147379753027,520.128
886,22,6,84.46218074808021,95.39146013715192,521.969
887,22,7,86.5200142921675,-84.60847656991271,523.131
888,22,8,77.50514130480198,-84.6085038906694,523.579
889,22,9,68.493423864833,-84.60851072085856,523.361
890,22,10,59.48500540623315,-84.60851072085856,522.6
891,22,11,50.48001911769122,-84.60851072085856,521.482
892,22,12,41.47851281053142,-84.60851072085856,520.231
893,22,13,32.48052405079417,-84.60851072085856,519.087
894,22,14,23.486057961121357,-84.60851755104773,518.277
895,22,15,14.495030871695645,-84.60851755104773,517.992
896,22,16,5.507356551378763,-84.60851755104773,518.366
897,22,17,-3.4771159043212645,-84.60851755104773,519.458
898,22,18,-12.458644121602193,-84.60851755104773,521.249
899,22,19,-21.437523719589038,-84.60851755104773,523.638
900,22,20,-30.414149355149778,-84.60851755104773,526.45
901,22,21,-39.388983773600685,-84.60851755104773,529.455
902,22,22,-48.36261949385225,-84.60851755104773,532.387
903,22,23,-57.33568830840271,-84.60851755104773,534.967
904,22,24,-66.30888348145281,-84.6085243812369,536.932
905,22,25,-75.28293242814917,-84.6085243812369,538.063
906,22,26,-84.25863428062466,-84.60853804161525,538.201
907,22,27,-86.7633397813492,95.39152843904363,537.27
908,22,28,-77.78223524924023,95.39149428809777,535.283
909,22,29,-68.79746973573613,95.3914874579086,532.343
910,22,30,-59.80852414645997,95.3914874579086,528.637
911,22,31,-50.81504672666952,95.3914874579086,524.418
912,22,32,-41.816808665027565,95.3914874579086,519.984
913,22,33,-32.813758735115336,95.3914874579086,515.652
914,22,34,-23.806031833168944,95.3914874579086,511.73
915,22,35,-14.793848232789118,95.3914874579086,508.491
916,22,36,-5.777650188724616,95.3914874579086,506.143
917,22,37,3.2420216468630723,95.3914874579086,504.819
918,22,38,12.264528437843138,95.39148062771943,504.563
919,22,39,21.289168595721776,95.39148062771943,505.325
920,23,0,34.82850061572902,104.39148429326184,508.066
921,23,1,43.85524447187202,104.39148429326184,510.64
922,23,2,52.88159217704316,104.39148429326184,513.502
923,23,3,61.90690169346046,104.39148429326184,516.372
924,23,4,70.93062660599031,104.39147746307266,518.987
925,23,5,79.95226831082331,104.3914706328835,521.128
926,23,6,88.97143748717677,104.39134768947844,522.639
927,23,7,82.0121987229858,-75.60849339493782,523.443
928,23,8,72.99888301875104,-75.60850705531617,523.547
929,23,9,63.988791163804535,-75.60850705531617,523.038
930,23,10,54.982083667591766,-75.60850705531617,522.072
931,23,11,45.97882883200444,-75.60850705531617,520.858
932,23,12,36.9790847136505,-75.60850705531617,519.631
933,23,13,27.9828615578137,-75.60851388550533,518.627
934,23,14,18.99011838335902,-75.60851388550533,518.059
935,23,15,10.00078347330018,-75.60851388550533,518.091
936,23,16,1.0147275876514732,-75.60851388550533,518.822
937,23,17,-7.968232728199337,-75.60851388550533,520.271
938,23,18,-16.948392132881914,-75.60851388550533,522.378
939,23,19,-25.926090108142347,-75.60851388550533,525.004
940,23,20,-34.90174756438824,-75.60851388550533,527.945
941,23,21,-43.875916039395065,-75.60851388550533,530.948
942,23,22,-52.84918292943145,-75.60851388550533,533.738
943,23,23,-61.82222100813064,-75.60851388550533,536.041
944,23,24,-70.7957440302609,-75.6085207156945,537.613
945,23,25,-79.77053746757679,-75.60852754588367,538.263
946,23,26,-88.74729116918446,-75.60862999872123,537.87
947,23,27,-82.27321440211784,104.39150478382935,536.404
948,23,28,-73.290347681203,104.39149795364017,533.923
949,23,29,-64.30354677132624,104.391491123451,530.572
950,23,30,-55.31237112528608,104.391491123451,526.574
951,23,31,-46.3165304600428,104.391491123451,522.208
952,23,32,-37.31588134162383,104.391491123451,517.785
953,23,33,-28.310456213427727,104.391491123451,513.622
954,23,34,-19.300470226413353,104.391491123451,510.01
955,23,35,-10.286219640035952,104.391491123451,507.195
956,23,36,-1.2682106353460443,104.391491123451,505.348
957,23,37,7.752963094807106,104.39148429326184,504.559
958,23,38,16.776628243181726,104.39148429326184,504.823
959,23,39,25.8020572879095,104.39148429326184,506.049
960,24,0,30.315193574454636,113.39148795880423,506.972
961,24,1,39.34187937398969,113.39148795880423,509.299
962,24,2,48.368510532011385,113.39148795880423,512.052
963,24,3,57.39441427488648,113.39148795880423,514.953
964,24,4,66.41899979125175,113.39148795880423,517.726
965,24,5,75.44173432635196,113.39148112861507,520.128
966,24,6,84.46218074808021,113.39146746823673,521.969
967,24,7,86.5200142921675,-66.60846923882791,523.131
968,24,8,77.50514130480198,-66.6084965595846,523.579
969,24,9,68.493423864833,-66.60850338977376,523.361
970,24,10,59.48500540623315,-66.60850338977376,522.6
971,24,11,50.48001911769122,-66.60850338977376,521.482
972,24,12,41.47851281053142,-66.60850338977376,520.231
973,24,13,32.48052405079417,-66.60850338977376,519.087
974,24,14,23.486057961121357,-66.60851021996292,518.277
975,24,15,14.495030871695645,-66.60851021996292,517.992
976,24,16,5.507356551378763,-66.60851021996292,518.366
977,24,17,-3.4771159043212645,-66.60851021996292,519.458
978,24,18,-12.458644121602193,-66.60851021996292,521.249
979,24,19,-21.437523719589038,-66.60851021996292,523.638
980,24,20,-30.414149355149778,-66.60851021996292,526.45
981,24,21,-39.388983773600685,-66.60851021996292,529.455
982,24,22,-48.36261949385225,-66.60851021996292,532.387
983,24,23,-57.33568830840271,-66.60851021996292,534.967
984,24,24,-66.30888348145281,-66.6085170501521,536.932
985,24,25,-75.28293242814917,-66.6085170501521,538.063
986,24,26,-84.25863428062466,-66.60853071053045,538.201
987,24,27,-86.7633397813492,113.39153577012843,537.27
988,24,28,-77.78223524924023,113.39150161918258,535.283
989,24,29,-68.79746973573613,113.3914947889934,532.343
990,24,30,-59.80852414645997,113.3914947889934,528.637
991,24,31,-50.81504672666952,113.3914947889934,524.418
992,24,32,-41.816808665027565,113.3914947889934,519.984
993,24,33,-32.813758735115336,113.3914947889934,515.652
994,24,34,-23.806031833168944,113.3914947889934,511.73
995,24,35,-14.793848232789118,113.3914947889934,508.491
996,24,36,-5.777650188724616,113.3914947889934,506.143
997,24,37,3.2420216468630723,113.3914947889934,504.819
998,24,38,12.264528437843138,113.39148795880423,504.563
999,24,39,21.289168595721776,113.39148795880423,505.325
1000,25,0,34.82850061572902,122.39148479415746,508.066
1001,25,1,43.85524447187202,122.39148479415746,510.64
1002,25,2,52.88159217704316,122.39148479415746,513.502
1003,25,3,61.90690169346046,122.39147113377912,516.372
1004,25,4,70.93062660599031,122.39147113377912,518.987
1005,25,5,79.95226831082331,122.39147113377912,521.128
1006,25,6,88.97143748717677,122.39134819037406,522.639
1007,25,7,82.0121987229858,-57.60849972423136,523.443
1008,25,8,72.99888301875104,-57.608513384609694,523.547
1009,25,9,63.988791163804535,-57.608513384609694,523.038
1010,25,10,54.982083667591766,-57.608513384609694,522.072
1011,25,11,45.97882883200444,-57.608513384609694,520.858
1012,25,12,36.9790847136505,-57.608513384609694,519.631
1013,25,13,27.9828615578137,-57.608520214798865,518.627
1014,25,14,18.99011838335902,-57.608520214798865,518.059
1015,25,15,10.00078347330018,-57.608520214798865,518.091
1016,25,16,1.0147275876514732,-57.608520214798865,518.822
1017,25,17,-7.968232728199337,-57.608520214798865,520.271
1018,25,18,-16.948392132881914,-57.608520214798865,522.378
1019,25,19,-25.926090108142347,-57.608520214798865,525.004
1020,25,20,-34.90174756438824,-57.608520214798865,527.945
1021,25,21,-43.875916039395065,-57.608520214798865,530.948
1022,25,22,-52.84918292943145,-57.608520214798865,533.738
1023,25,23,-61.82222100813064,-57.608520214798865,536.041
1024,25,24,-70.7957440302609,-57.60852704498804,537.613
1025,25,25,-79.77053746757679,-57.60853387517721,538.263
1026,25,26,-88.74729116918446,-57.608636328014754,537.87
1027,25,27,-82.27321440211784,122.3914984545358,536.404
1028,25,28,-73.290347681203,122.39148479415746,533.923
1029,25,29,-64.30354677132624,122.39148479415746,530.572
1030,25,30,-55.31237112528608,122.39148479415746,526.574
1031,25,31,-46.3165304600428,122.39148479415746,522.208
1032,25,32,-37.31588134162383,122.39148479415746,517.785
1033,25,33,-28.310456213427727,122.39148479415746,513.622
1034,25,34,-19.300470226413353,122.39148479415746,510.01
1035,25,35,-10.286219640035952,122.39148479415746,507.195
1036,25,36,-1.2682106353460443,122.39148479415746,505.348
1037,25,37,7.752963094807106,122.39148479415746,504.559
1038,25,38,16.776628243181726,122.39148479415746,504.823
1039,25,39,25.8020572879095,122.39148479415746,506.049
1040,26,0,30.315193574454636,131.3915021200782,506.972
1041,26,1,39.34187937398969,131.3915021200782,509.299
1042,26,2,48.368510532011385,131.3915021200782,512.052
1043,26,3,57.39441427488648,131.39148845969987,514.953
1044,26,4,66.41899979125175,131.39148845969987,517.726
1045,26,5,75.44173432635196,131.39148845969987,520.128
1046,26,6,84.46218074808021,131.39147479932154,521.969
1047,26,7,86.5200142921675,-48.608458492648516,523.131
1048,26,8,77.50514130480198,-48.608489228499785,523.579
1049,26,9,68.493423864833,-48.60849605868896,523.361
1050,26,10,59.48500540623315,-48.60849605868896,522.6
1051,26,11,50.48001911769122,-48.60849947378354,521.482
1052,26,12,41.47851281053142,-48.60849947378354,520.231
1053,26,13,32.48052405079417,-48.60849947378354,519.087
1054,26,14,23.486057961121357,-48.60849947378354,518.277
1055,26,15,14.495030871695645,-48.60849947378354,517.992
1056,26,16,5.507356551378763,-48.60849947378354,518.366
1057,26,17,-3.4771159043212645,-48.60849947378354,519.458
1058,26,18,-12.458644121602193,-48.60850288887813,521.249
1059,26,19,-21.437523719589038,-48.60850288887813,523.638
1060,26,20,-30.414149355149778,-48.60850288887813,526.45
1061,26,21,-39.388983773600685,-48.60850288887813,529.455
1062,26,22,-48.36261949385225,-48.60850288887813,532.387
1063,26,23,-57.33568830840271,-48.60850630397271,534.967
1064,26,24,-66.30888348145281,-48.60850630397271,536.932
1065,26,25,-75.28293242814917,-48.60850971906729,538.063
1066,26,26,-84.25863428062466,-48.60852679454022,538.201
1067,26,27,-86.7633397813492,131.39154310121322,537.27
1068,26,28,-77.78223524924023,131.39151578045656,535.283
1069,26,29,-68.79746973573613,131.3915021200782,532.343
1070,26,30,-59.80852414645997,131.3915021200782,528.637
1071,26,31,-50.81504672666952,131.3915021200782,524.418
1072,26,32,-41.816808665027565,131.3915021200782,519.984
1073,26,33,-32.813758735115336,131.3915021200782,515.652
1074,26,34,-23.806031833168944,131.3915021200782,511.73
1075,26,35,-14.793848232789118,131.3915021200782,508.491
1076,26,36,-5.777650188724616,131.3915021200782,506.143
1077,26,37,3.2420216468630723,131.3915021200782,504.819
1078,26,38,12.264528437843138,131.3915021200782,504.563
1079,26,39,21.289168595721776,131.3915021200782,505.325
1080,27,0,34.82850061572902,140.39147846486392,508.066
1081,27,1,43.85524447187202,140.39147846486392,510.64
1082,27,2,52.88159217704316,140.39147846486392,513.502
1083,27,3,61.90690169346046,140.3914648044856,516.372
1084,27,4,70.93062660599031,140.3914648044856,518.987
1085,27,5,79.95226831082331,140.3914648044856,521.128
1086,27,6,88.97143748717677,140.39134186108052,522.639
1087,27,7,82.0121987229858,-39.60850605352489,523.443
1088,27,8,72.99888301875104,-39.608516298808645,523.547
1089,27,9,63.988791163804535,-39.608519713903235,523.038
1090,27,10,54.982083667591766,-39.608519713903235,522.072
1091,27,11,45.97882883200444,-39.60852312899782,520.858
1092,27,12,36.9790847136505,-39.60852312899782,519.631
1093,27,13,27.9828615578137,-39.60852312899782,518.627
1094,27,14,18.99011838335902,-39.60852312899782,518.059
1095,27,15,10.00078347330018,-39.60852312899782,518.091
1096,27,16,1.0147275876514732,-39.60852312899782,518.822
1097,27,17,-7.968232728199337,-39.608526544092406,520.271
1098,27,18,-16.948392132881914,-39.608526544092406,522.378
1099,27,19,-25.926090108142347,-39.608526544092406,525.004
1100,27,20,-34.90174756438824,-39.608526544092406,527.945
1101,27,21,-43.875916039395065,-39.608526544092406,530.948
1102,27,22,-52.84918292943145,-39.608526544092406,533.738
1103,27,23,-61.82222100813064,-39.60852995918699,536.041
1104,27,24,-70.7957440302609,-39.60853337428157,537.613
1105,27,25,-79.77053746757679,-39.60854020447074,538.263
1106,27,26,-88.74729116918446,-39.608639242213705,537.87
1107,27,27,-82.27321440211784,140.39149212524228,536.404
1108,27,28,-73.290347681203,140.39147846486392,533.923
1109,27,29,-64.30354677132624,140.39147846486392,530.572
1110,27,30,-55.31237112528608,140.39147846486392,526.574
1111,27,31,-46.3165304600428,140.39147846486392,522.208
1112,27,32,-37.31588134162383,140.39147846486392,517.785
1113,27,33,-28.310456213427727,140.39147846486392,513.622
1114,27,34,-19.300470226413353,140.39147846486392,510.01
1115,27,35,-10.286219640035952,140.39147846486392,507.195
1116,27,36,-1.2682106353460443,140.39147846486392,505.348
1117,27,37,7.752963094807106,140.39147846486392,504.559
1118,27,38,16.776628243181726,140.39147846486392,504.823
1119,27,39,25.8020572879095,140.39147846486392,506.049
1120,28,0,30.315193574454636,149.39148213040633,506.972
1121,28,1,39.34187937398969,149.39148213040633,509.299
1122,28,2,48.368510532011385,149.39148213040633,512.052
1123,28,3,57.39441427488648,149.391468470028,514.953
1124,28,4,66.41899979125175,149.391468470028,517.726
1125,28,5,75.44173432635196,149.391468470028,520.128
1126,28,6,84.46218074808021,149.39145480964964,521.969
1127,28,7,86.5200142921675,-30.608478482320397,523.131
1128,28,8,77.50514130480198,-30.608509218171662,523.579
1129,28,9,68.493423864833,-30.608516048360833,523.361
1130,28,10,59.48500540623315,-30.608516048360833,522.6
1131,28,11,50.48001911769122,-30.608519463455416,521.482
1132,28,12,41.47851281053142,-30.608519463455416,520.231
1133,28,13,32.48052405079417,-30.608519463455416,519.087
1134,28,14,23.486057961121357,-30.608519463455416,518.277
1135,28,15,14.495030871695645,-30.608519463455416,517.992
1136,28,16,5.507356551378763,-30.608519463455416,518.366
1137,28,17,-3.4771159043212645,-30.608519463455416,519.458
1138,28,18,-12.458644121602193,-30.60852287855,521.249
1139,28,19,-21.437523719589038,-30.60852287855,523.638
1140,28,20,-30.414149355149778,-30.60852287855,526.45
1141,28,21,-39.388983773600685,-30.60852287855,529.455
1142,28,22,-48.36261949385225,-30.60852287855,532.387
1143,28,23,-57.33568830840271,-30.608526293644587,534.967
1144,28,24,-66.30888348145281,-30.608526293644587,536.932
1145,28,25,-75.28293242814917,-30.608529708739173,538.063
1146,28,26,-84.25863428062466,-30.6085467842121,538.201
1147,28,27,-86.7633397813492,149.39152311154135,537.27
1148,28,28,-77.78223524924023,149.39149579078466,535.283
1149,28,29,-68.79746973573613,149.39148213040633,532.343
1150,28,30,-59.80852414645997,149.39148213040633,528.637
1151,28,31,-50.81504672666952,149.39148213040633,524.418
1152,28,32,-41.816808665027565,149.39148213040633,519.984
1153,28,33,-32.813758735115336,149.39148213040633,515.652
1154,28,34,-23.806031833168944,149.39148213040633,511.73
1155,28,35,-14.793848232789118,149.39148213040633,508.491
1156,28,36,-5.777650188724616,149.39148213040633,506.143
1157,28,37,3.2420216468630723,149.39148213040633,504.819
1158,28,38,12.264528437843138,149.39148213040633,504.563
1159,28,39,21.289168595721776,149.39148213040633,505.325
1160,29,0,34.82850061572902,158.39148579594874,508.066
1161,29,1,43.85524447187202,158.39148579594874,510.64
1162,29,2,52.88159217704316,158.39148579594874,513.502
1163,29,3,61.90690169346046,158.39147213557038,516.372
1164,29,4,70.93062660599031,158.39147213557038,518.987
1165,29,5,79.95226831082331,158.39147213557038,521.128
1166,29,6,88.97143748717677,158.39134919216534,522.639
1167,29,7,82.0121987229858,-21.60849872244009,523.443
1168,29,8,72.99888301875104,-21.608508967723846,523.547
1169,29,9,63.988791163804535,-21.60851238281843,523.038
1170,29,10,54.982083667591766,-21.608514090365723,522.072
1171,29,11,45.97882883200444,-21.608514090365723,520.858
1172,29,12,36.9790847136505,-21.608515797913014,519.631
1173,29,13,27.9828615578137,-21.608515797913014,518.627
1174,29,14,18.99011838335902,-21.608515797913014,518.059
1175,29,15,10.00078347330018,-21.60851750546031,518.091
1176,29,16,1.0147275876514732,-21.60851750546031,518.822
1177,29,17,-7.968232728199337,-21.60851750546031,520.271
1178,29,18,-16.948392132881914,-21.60851750546031,522.378
1179,29,19,-25.926090108142347,-21.6085192130076,525.004
1180,29,20,-34.90174756438824,-21.6085192130076,527.945
1181,29,21,-43.875916039395065,-21.6085192130076,530.948
1182,29,22,-52.84918292943145,-21.60852092055489,533.738
1183,29,23,-61.82222100813064,-21.608522628102186,536.041
1184,29,24,-70.7957440302609,-21.608524335649477,537.613
1185,29,25,-79.77053746757679,-21.60853116583865,538.263
1186,29,26,-88.74729116918446,-21.608631911128906,537.87
1187,29,27,-82.27321440211784,158.39149945632707,536.404
1188,29,28,-73.290347681203,158.39148579594874,533.923
1189,29,29,-64.30354677132624,158.39148579594874,530.572
1190,29,30,-55.31237112528608,158.39148579594874,526.574
1191,29,31,-46.3165304600428,158.39148579594874,522.208
1192,29,32,-37.31588134162383,158.39148579594874,517.785
1193,29,33,-28.310456213427727,158.39148579594874,513.622
1194,29,34,-19.300470226413353,158.39148579594874,510.01
1195,29,35,-10.286219640035952,158.39148579594874,507.195
1196,29,36,-1.2682106353460443,158.39148579594874,505.348
1197,29,37,7.752963094807106,158.39148579594874,504.559
1198,29,38,16.776628243181726,158.39148579594874,504.823
1199,29,39,25.8020572879095,158.39148579594874,506.049
1200,30,0,30.315193574454636,167.39148946149115,506.972
1201,30,1,39.34187937398969,167.39148946149115,509.299
1202,30,2,48.368510532011385,167.39148946149115,512.052
1203,30,3,57.39441427488648,167.3914758011128,514.953
1204,30,4,66.41899979125175,167.3914758011128,517.726
1205,30,5,75.44173432635196,167.3914758011128,520.128
1206,30,6,84.46218074808021,167.39146214073446,521.969
1207,30,7,86.5200142921675,-12.608472858782886,523.131
1208,30,8,77.50514130480198,-12.608502740860505,523.579
1209,30,9,68.493423864833,-12.608507009728736,523.361
1210,30,10,59.48500540623315,-12.608509571049675,522.6
1211,30,11,50.48001911769122,-12.60851042482332,521.482
1212,30,12,41.47851281053142,-12.608511278596968,520.231
1213,30,13,32.48052405079417,-12.608512132370613,519.087
1214,30,14,23.486057961121357,-12.608512986144259,518.277
1215,30,15,14.495030871695645,-12.608512986144259,517.992
1216,30,16,5.507356551378763,-12.608513839917906,518.366
1217,30,17,-3.4771159043212645,-12.608513839917906,519.458
1218,30,18,-12.458644121602193,-12.608513839917906,521.249
1219,30,19,-21.437523719589038,-12.608514693691552,523.638
1220,30,20,-30.414149355149778,-12.608515547465199,526.45
1221,30,21,-39.388983773600685,-12.608515547465199,529.455
1222,30,22,-48.36261949385225,-12.608516401238845,532.387
1223,30,23,-57.33568830840271,-12.60851725501249,534.967
1224,30,24,-66.30888348145281,-12.608518962559783,536.932
1225,30,25,-75.28293242814917,-12.608523231428014,538.063
1226,30,26,-84.25863428062466,-12.608538599353647,538.201
1227,30,27,-86.7633397813492,167.39153044262616,537.27
1228,30,28,-77.78223524924023,167.39150312186948,535.283
1229,30,29,-68.79746973573613,167.39148946149115,532.343
1230,30,30,-59.80852414645997,167.39148946149115,528.637
1231,30,31,-50.81504672666952,167.39148946149115,524.418
1232,30,32,-41.816808665027565,167.39148946149115,519.984
1233,30,33,-32.813758735115336,167.39148946149115,515.652
1234,30,34,-23.806031833168944,167.39148946149115,511.73
1235,30,35,-14.793848232789118,167.39148946149115,508.491
1236,30,36,-5.777650188724616,167.39148946149115,506.143
1237,30,37,3.2420216468630723,167.39148946149115,504.819
1238,30,38,12.264528437843138,167.39148946149115,504.563
1239,30,39,21.289168595721776,167.39148946149115,505.325
1240,31,0,34.82850061572902,176.39149312703353,508.066
1241,31,1,43.85524447187202,176.39149312703353,510.64
1242,31,2,52.88159217704316,176.39149312703353,513.502
1243,31,3,61.90690169346046,176.3914794666552,516.372
1244,31,4,70.93062660599031,176.3914794666552,518.987
1245,31,5,79.95226831082331,176.3914794666552,521.128
1246,31,6,88.97143748717677,176.39135652325012,522.639
1247,31,7,82.0121987229858,-3.6084922451289327,523.443
1248,31,8,72.99888301875104,-3.6085016366390414,523.547
1249,31,9,63.988791163804535,-3.6085050517336263,523.038
1250,31,10,54.982083667591766,-3.608506332394096,522.072
1251,31,11,45.97882883200444,-3.6085076130545652,520.858
1252,31,12,36.9790847136505,-3.6085080399413885,519.631
1253,31,13,27.9828615578137,-3.6085084668282117,518.627
1254,31,14,18.99011838335902,-3.6085093206018577,518.059
1255,31,15,10.00078347330018,-3.608509747488681,518.091
1256,31,16,1.0147275876514732,-3.608510174375504,518.822
1257,31,17,-7.968232728199337,-3.608510174375504,520.271
1258,31,18,-16.948392132881914,-3.6085106012623274,522.378
1259,31,19,-25.926090108142347,-3.60851102814915,525.004
1260,31,20,-34.90174756438824,-3.6085118819227966,527.945
1261,31,21,-43.875916039395065,-3.60851230880962,530.948
1262,31,22,-52.84918292943145,-3.608513162583266,533.738
1263,31,23,-61.82222100813064,-3.6085148701305583,536.041
1264,31,24,-70.7957440302609,-3.608517004564674,537.613
1265,31,25,-79.77053746757679,-3.608523834753844,538.263
1266,31,26,-88.74729116918446,-3.608624580044102,537.87
1267,31,27,-82.27321440211784,176.39150678741188,536.404
1268,31,28,-73.290347681203,176.39149312703353,533.923
1269,31,29,-64.30354677132624,176.39149312703353,530.572
1270,31,30,-55.31237112528608,176.39149312703353,526.574
1271,31,31,-46.3165304600428,176.39149312703353,522.208
1272,31,32,-37.31588134162383,176.39149312703353,517.785
1273,31,33,-28.310456213427727,176.39149312703353,513.622
1274,31,34,-19.300470226413353,176.39149312703353,510.01
1275,31,35,-10.286219640035952,176.39149312703353,507.195
1276,31,36,-1.2682106353460443,176.39149312703353,505.348
1277,31,37,7.752963094807106,176.39149312703353,504.559
1278,31,38,16.776628243181726,176.39149312703353,504.823
1279,31,39,25.8020572879095,176.39149312703353,506.049
1280,32,0,30.315193574454636,-174.60851322533674,506.972
1281,32,1,39.34187937398969,-174.60851322533674,509.299
1282,32,2,48.368510532011385,-174.60851322533674,512.052
1283,32,3,57.39441427488648,-174.60851322533674,514.953
1284,32,4,66.41899979125175,-174.60851322533674,517.726
1285,32,5,75.44173432635196,-174.60851322533674,520.128
1286,32,6,84.46218074808021,-174.60852688571507,521.969
1287,32,7,86.5200142921675,5.39153489918874,523.131
1288,32,8,77.50514130480198,5.391505017111122,523.579
1289,32,9,68.493423864833,5.391499894469245,523.361
1290,32,10,59.48500540623315,5.391497760035129,522.6
1291,32,11,50.48001911769122,5.391496906261483,521.482
1292,32,12,41.47851281053142,5.391496052487836,520.231
1293,32,13,32.48052405079417,5.39149519871419,519.087
1294,32,14,23.486057961121357,5.391494771827367,518.277
1295,32,15,14.495030871695645,5.3914943449405435,517.992
1296,32,16,5.507356551378763,5.391493918053721,518.366
1297,32,17,-3.4771159043212645,5.391493491166898,519.458
1298,32,18,-12.458644121602193,5.391493064280074,521.249
1299,32,19,-21.437523719589038,5.3914926373932515,523.638
1300,32,20,-30.414149355149778,5.391492210506429,526.45
1301,32,21,-39.388983773600685,5.391491783619605,529.455
1302,32,22,-48.36261949385225,5.391490929845959,532.387
1303,32,23,-57.33568830840271,5.391489649185489,534.967
1304,32,24,-66.30888348145281,5.391487941638197,536.932
1305,32,25,-75.28293242814917,5.391484099656789,538.063
1306,32,26,-84.25863428062466,5.391468731731156,538.201
1307,32,27,-86.7633397813492,-174.60845858382336,537.27
1308,32,28,-77.78223524924023,-174.60849956495838,535.283
1309,32,29,-68.79746973573613,-174.60849956495838,532.343
1310,32,30,-59.80852414645997,-174.60849956495838,528.637
1311,32,31,-50.81504672666952,-174.60849956495838,524.418
1312,32,32,-41.816808665027565,-174.60849956495838,519.984
1313,32,33,-32.813758735115336,-174.60849956495838,515.652
1314,32,34,-23.806031833168944,-174.60849956495838,511.73
1315,32,35,-14.793848232789118,-174.60849956495838,508.491
1316,32,36,-5.777650188724616,-174.60849956495838,506.143
1317,32,37,3.2420216468630723,-174.60851322533674,504.819
1318,32,38,12.264528437843138,-174.60851322533674,504.563
1319,32,39,21.289168595721776,-174.60851322533674,505.325
1320,33,0,34.82850061572902,-165.60850955979433,508.066
1321,33,1,43.85524447187202,-165.60850955979433,510.64
1322,33,2,52.88159217704316,-165.60850955979433,513.502
1323,33,3,61.90690169346046,-165.60850955979433,516.372
1324,33,4,70.93062660599031,-165.60850955979433,518.987
1325,33,5,79.95226831082331,-165.60852322017266,521.128
1326,33,6,88.97143748717677,-165.60864616357773,522.639
1327,33,7,82.0121987229858,14.391515939729517,523.443
1328,33,8,72.99888301875104,14.391505694445762,523.547
1329,33,9,63.988791163804535,14.391502279351176,523.038
1330,33,10,54.982083667591766,14.391500571803885,522.072
1331,33,11,45.97882883200444,14.391500571803885,520.858
1332,33,12,36.9790847136505,14.391498864256592,519.631
1333,33,13,27.9828615578137,14.391498864256592,518.627
1334,33,14,18.99011838335902,14.391498864256592,518.059
1335,33,15,10.00078347330018,14.391497156709299,518.091
1336,33,16,1.0147275876514732,14.391497156709299,518.822
1337,33,17,-7.968232728199337,14.391497156709299,520.271
1338,33,18,-16.948392132881914,14.391497156709299,522.378
1339,33,19,-25.926090108142347,14.391495449162006,525.004
1340,33,20,-34.90174756438824,14.391495449162006,527.945
1341,33,21,-43.875916039395065,14.391495449162006,530.948
1342,33,22,-52.84918292943145,14.391493741614715,533.738
1343,33,23,-61.82222100813064,14.391492034067422,536.041
1344,33,24,-70.7957440302609,14.39149032652013,537.613
1345,33,25,-79.77053746757679,14.39148349633096,538.263
1346,33,26,-88.74729116918446,14.391382751040702,537.87
1347,33,27,-82.27321440211784,-165.60848223903764,536.404
1348,33,28,-73.290347681203,-165.608495899416,533.923
1349,33,29,-64.30354677132624,-165.608495899416,530.572
1350,33,30,-55.31237112528608,-165.608495899416,526.574
1351,33,31,-46.3165304600428,-165.608495899416,522.208
1352,33,32,-37.31588134162383,-165.608495899416,517.785
1353,33,33,-28.310456213427727,-165.608495899416,513.622
1354,33,34,-19.300470226413353,-165.608495899416,510.01
1355,33,35,-10.286219640035952,-165.608495899416,507.195
1356,33,36,-1.2682106353460443,-165.608495899416,505.348
1357,33,37,7.752963094807106,-165.60850955979433,504.559
1358,33,38,16.776628243181726,-165.60850955979433,504.823
1359,33,39,25.8020572879095,-165.60850955979433,506.049
1360,34,0,30.315193574454636,-156.6085332150086,506.972
1361,34,1,39.34187937398969,-156.6085332150086,509.299
1362,34,2,48.368510532011385,-156.6085332150086,512.052
1363,34,3,57.39441427488648,-156.6085332150086,514.953
1364,34,4,66.41899979125175,-156.6085332150086,517.726
1365,34,5,75.44173432635196,-156.6085332150086,520.128
1366,34,6,84.46218074808021,-156.60854687538693,521.969
1367,34,7,86.5200142921675,23.39151448263004,523.131
1368,34,8,77.50514130480198,23.39148545432607,523.579
1369,34,9,68.493423864833,23.391480331684193,523.361
1370,34,10,59.48500540623315,23.391478624136898,522.6
1371,34,11,50.48001911769122,23.391476916589607,521.482
1372,34,12,41.47851281053142,23.391475209042312,520.231
1373,34,13,32.48052405079417,23.391475209042312,519.087
1374,34,14,23.486057961121357,23.391475209042312,518.277
1375,34,15,14.495030871695645,23.39147350149502,517.992
1376,34,16,5.507356551378763,23.39147350149502,518.366
1377,34,17,-3.4771159043212645,23.39147350149502,519.458
1378,34,18,-12.458644121602193,23.39147350149502,521.249
1379,34,19,-21.437523719589038,23.39147350149502,523.638
1380,34,20,-30.414149355149778,23.39147179394773,526.45
1381,34,21,-39.388983773600685,23.39147179394773,529.455
1382,34,22,-48.36261949385225,23.391470086400435,532.387
1383,34,23,-57.33568830840271,23.391470086400435,534.967
1384,34,24,-66.30888348145281,23.391468378853144,536.932
1385,34,25,-75.28293242814917,23.39146496375856,538.063
1386,34,26,-84.25863428062466,23.391447888285633,538.201
1387,34,27,-86.7633397813492,-156.60847857349523,537.27
1388,34,28,-77.78223524924023,-156.60851955463028,535.283
1389,34,29,-68.79746973573613,-156.60851955463028,532.343
1390,34,30,-59.80852414645997,-156.60851955463028,528.637
1391,34,31,-50.81504672666952,-156.60851955463028,524.418
1392,34,32,-41.816808665027565,-156.60851955463028,519.984
1393,34,33,-32.813758735115336,-156.60851955463028,515.652
1394,34,34,-23.806031833168944,-156.60851955463028,511.73
1395,34,35,-14.793848232789118,-156.60851955463028,508.491
1396,34,36,-5.777650188724616,-156.60851955463028,506.143
1397,34,37,3.2420216468630723,-156.6085332150086,504.819
1398,34,38,12.264528437843138,-156.6085332150086,504.563
1399,34,39,21.289168595721776,-156.6085332150086,505.325
1400,35,0,34.82850061572902,-147.6085295494662,508.066
1401,35,1,43.85524447187202,-147.6085295494662,510.64
1402,35,2,52.88159217704316,-147.6085295494662,513.502
1403,35,3,61.90690169346046,-147.6085295494662,516.372
1404,35,4,70.93062660599031,-147.6085295494662,518.987
1405,35,5,79.95226831082331,-147.60854320984456,521.128
1406,35,6,88.97143748717677,-147.6086661532496,522.639
1407,35,7,82.0121987229858,32.39149595005764,523.443
1408,35,8,72.99888301875104,32.391485704773885,523.547
1409,35,9,63.988791163804535,32.3914822896793,523.038
1410,35,10,54.982083667591766,32.3914822896793,522.072
1411,35,11,45.97882883200444,32.39147887458471,520.858
1412,35,12,36.9790847136505,32.39147887458471,519.631
1413,35,13,27.9828615578137,32.39147887458471,518.627
1414,35,14,18.99011838335902,32.39147887458471,518.059
1415,35,15,10.00078347330018,32.39147887458471,518.091
1416,35,16,1.0147275876514732,32.39147887458471,518.822
1417,35,17,-7.968232728199337,32.39147545949013,520.271
1418,35,18,-16.948392132881914,32.39147545949013,522.378
1419,35,19,-25.926090108142347,32.39147545949013,525.004
1420,35,20,-34.90174756438824,32.39147545949013,527.945
1421,35,21,-43.875916039395065,32.39147545949013,530.948
1422,35,22,-52.84918292943145,32.39147545949013,533.738
1423,35,23,-61.82222100813064,32.39147204439554,536.041
1424,35,24,-70.7957440302609,32.39146862930096,537.613
1425,35,25,-79.77053746757679,32.39146179911179,538.263
1426,35,26,-88.74729116918446,32.391362761368825,537.87
1427,35,27,-82.27321440211784,-147.6085022287095,536.404
1428,35,28,-73.290347681203,-147.60851588908787,533.923
1429,35,29,-64.30354677132624,-147.60851588908787,530.572
1430,35,30,-55.31237112528608,-147.60851588908787,526.574
1431,35,31,-46.3165304600428,-147.60851588908787,522.208
1432,35,32,-37.31588134162383,-147.60851588908787,517.785
1433,35,33,-28.310456213427727,-147.60851588908787,513.622
1434,35,34,-19.300470226413353,-147.60851588908787,510.01
1435,35,35,-10.286219640035952,-147.60851588908787,507.195
1436,35,36,-1.2682106353460443,-147.60851588908787,505.348
1437,35,37,7.752963094807106,-147.6085295494662,504.559
1438,35,38,16.776628243181726,-147.6085295494662,504.823
1439,35,39,25.8020572879095,-147.6085295494662,506.049
1440,36,0,30.315193574454636,-138.6085258839238,506.972
1441,36,1,39.34187937398969,-138.6085258839238,509.299
1442,36,2,48.368510532011385,-138.6085258839238,512.052
1443,36,3,57.39441427488648,-138.6085258839238,514.953
1444,36,4,66.41899979125175,-138.6085258839238,517.726
1445,36,5,75.44173432635196,-138.6085258839238,520.128
1446,36,6,84.46218074808021,-138.60853954430215,521.969
1447,36,7,86.5200142921675,41.39152352126214,523.131
1448,36,8,77.50514130480198,41.391492785410875,523.579
1449,36,9,68.493423864833,41.391485955221704,523.361
1450,36,10,59.48500540623315,41.391485955221704,522.6
1451,36,11,50.48001911769122,41.391482540127114,521.482
1452,36,12,41.47851281053142,41.391482540127114,520.231
1453,36,13,32.48052405079417,41.391482540127114,519.087
1454,36,14,23.486057961121357,41.391482540127114,518.277
1455,36,15,14.495030871695645,41.391482540127114,517.992
1456,36,16,5.507356551378763,41.391482540127114,518.366
1457,36,17,-3.4771159043212645,41.391482540127114,519.458
1458,36,18,-12.458644121602193,41.39147912503253,521.249
1459,36,19,-21.437523719589038,41.39147912503253,523.638
1460,36,20,-30.414149355149778,41.39147912503253,526.45
1461,36,21,-39.388983773600685,41.39147912503253,529.455
1462,36,22,-48.36261949385225,41.39147912503253,532.387
1463,36,23,-57.33568830840271,41.39147570993795,534.967
1464,36,24,-66.30888348145281,41.39147570993795,536.932
1465,36,25,-75.28293242814917,41.39147229484336,538.063
1466,36,26,-84.25863428062466,41.391455219370435,538.201
1467,36,27,-86.7633397813492,-138.60847124241045,537.27
1468,36,28,-77.78223524924023,-138.60851222354546,535.283
1469,36,29,-68.79746973573613,-138.60851222354546,532.343
1470,36,30,-59.80852414645997,-138.60851222354546,528.637
1471,36,31,-50.81504672666952,-138.60851222354546,524.418
1472,36,32,-41.816808665027565,-138.60851222354546,519.984
1473,36,33,-32.813758735115336,-138.60851222354546,515.652
1474,36,34,-23.806031833168944,-138.60851222354546,511.73
1475,36,35,-14.793848232789118,-138.60851222354546,508.491
1476,36,36,-5.777650188724616,-138.60851222354546,506.143
1477,36,37,3.2420216468630723,-138.6085258839238,504.819
1478,36,38,12.264528437843138,-138.6085258839238,504.563
1479,36,39,21.289168595721776,-138.6085258839238,505.325
1480,37,0,34.82850061572902,-129.6085222183814,508.066
1481,37,1,43.85524447187202,-129.6085222183814,510.64
1482,37,2,52.88159217704316,-129.6085222183814,513.502
1483,37,3,61.90690169346046,-129.6085222183814,516.372
1484,37,4,70.93062660599031,-129.6085222183814,518.987
1485,37,5,79.95226831082331,-129.60853587875974,521.128
1486,37,6,88.97143748717677,-129.6086588221648,522.639
1487,37,7,82.0121987229858,50.39150328114244,523.443
1488,37,8,72.99888301875104,50.39149303585869,523.547
1489,37,9,63.988791163804535,50.391489620764105,523.038
1490,37,10,54.982083667591766,50.391489620764105,522.072
1491,37,11,45.97882883200444,50.391486205669516,520.858
1492,37,12,36.9790847136505,50.391486205669516,519.631
1493,37,13,27.9828615578137,50.391486205669516,518.627
1494,37,14,18.99011838335902,50.391486205669516,518.059
1495,37,15,10.00078347330018,50.391486205669516,518.091
1496,37,16,1.0147275876514732,50.391486205669516,518.822
1497,37,17,-7.968232728199337,50.39148279057493,520.271
1498,37,18,-16.948392132881914,50.39148279057493,522.378
1499,37,19,-25.926090108142347,50.39148279057493,525.004
1500,37,20,-34.90174756438824,50.39148279057493,527.945
1501,37,21,-43.875916039395065,50.39148279057493,530.948
1502,37,22,-52.84918292943145,50.39148279057493,533.738
1503,37,23,-61.82222100813064,50.39147937548035,536.041
1504,37,24,-70.7957440302609,50.39147596038576,537.613
1505,37,25,-79.77053746757679,50.39146913019659,538.263
1506,37,26,-88.74729116918446,50.39137009245363,537.87
1507,37,27,-82.27321440211784,-129.60849489762472,536.404
1508,37,28,-73.290347681203,-129.60850855800305,533.923
1509,37,29,-64.30354677132624,-129.60850855800305,530.572
1510,37,30,-55.31237112528608,-129.60850855800305,526.574
1511,37,31,-46.3165304600428,-129.60850855800305,522.208
1512,37,32,-37.31588134162383,-129.60850855800305,517.785
1513,37,33,-28.310456213427727,-129.60850855800305,513.622
1514,37,34,-19.300470226413353,-129.60850855800305,510.01
1515,37,35,-10.286219640035952,-129.60850855800305,507.195
1516,37,36,-1.2682106353460443,-129.60850855800305,505.348
1517,37,37,7.752963094807106,-129.6085222183814,504.559
1518,37,38,16.776628243181726,-129.6085222183814,504.823
1519,37,39,25.8020572879095,-129.6085222183814,506.049
1520,38,0,30.315193574454636,-120.608518552839,506.972
1521,38,1,39.34187937398969,-120.608518552839,509.299
1522,38,2,48.368510532011385,-120.608518552839,512.052
1523,38,3,57.39441427488648,-120.608518552839,514.953
1524,38,4,66.41899979125175,-120.608518552839,517.726
1525,38,5,75.44173432635196,-120.608518552839,520.128
1526,38,6,84.46218074808021,-120.60853221321734,521.969
1527,38,7,86.5200142921675,59.39152743725236,523.131
1528,38,8,77.50514130480198,59.39150011649568,523.579
1529,38,9,68.493423864833,59.391493286306506,523.361
1530,38,10,59.48500540623315,59.391493286306506,522.6
1531,38,11,50.48001911769122,59.391493286306506,521.482
1532,38,12,41.47851281053142,59.391493286306506,520.231
1533,38,13,32.48052405079417,59.391493286306506,519.087
1534,38,14,23.486057961121357,59.391486456117335,518.277
1535,38,15,14.495030871695645,59.391486456117335,517.992
1536,38,16,5.507356551378763,59.391486456117335,518.366
1537,38,17,-3.4771159043212645,59.391486456117335,519.458
1538,38,18,-12.458644121602193,59.391486456117335,521.249
1539,38,19,-21.437523719589038,59.391486456117335,523.638
1540,38,20,-30.414149355149778,59.391486456117335,526.45
1541,38,21,-39.388983773600685,59.391486456117335,529.455
1542,38,22,-48.36261949385225,59.391486456117335,532.387
1543,38,23,-57.33568830840271,59.391486456117335,534.967
1544,38,24,-66.30888348145281,59.39147962592816,536.932
1545,38,25,-75.28293242814917,59.39147962592816,538.063
1546,38,26,-84.25863428062466,59.39146596554983,538.201
1547,38,27,-86.7633397813492,-120.60846391132564,537.27
1548,38,28,-77.78223524924023,-120.60850489246066,535.283
1549,38,29,-68.79746973573613,-120.60850489246066,532.343
1550,38,30,-59.80852414645997,-120.60850489246066,528.637
1551,38,31,-50.81504672666952,-120.60850489246066,524.418
1552,38,32,-41.816808665027565,-120.60850489246066,519.984
1553,38,33,-32.813758735115336,-120.60850489246066,515.652
1554,38,34,-23.806031833168944,-120.60850489246066,511.73
1555,38,35,-14.793848232789118,-120.60850489246066,508.491
1556,38,36,-5.777650188724616,-120.60850489246066,506.143
1557,38,37,3.2420216468630723,-120.608518552839,504.819
1558,38,38,12.264528437843138,-120.608518552839,504.563
1559,38,39,21.289168595721776,-120.608518552839,505.325
1560,39,0,34.82850061572902,-111.60850805710743,508.066
1561,39,1,43.85524447187202,-111.60850805710743,510.64
1562,39,2,52.88159217704316,-111.60850805710743,513.502
1563,39,3,61.90690169346046,-111.6085148872966,516.372
1564,39,4,70.93062660599031,-111.6085148872966,518.987
1565,39,5,79.95226831082331,-111.60852171748577,521.128
1566,39,6,88.97143748717677,-111.60864466089083,522.639
1567,39,7,82.0121987229858,68.39151061222725,523.443
1568,39,8,72.99888301875104,68.39149695184891,523.547
1569,39,9,63.988791163804535,68.39149695184891,523.038
1570,39,10,54.982083667591766,68.39149695184891,522.072
1571,39,11,45.97882883200444,68.39149695184891,520.858
1572,39,12,36.9790847136505,68.39149695184891,519.631
1573,39,13,27.9828615578137,68.39149012165974,518.627
1574,39,14,18.99011838335902,68.39149012165974,518.059
1575,39,15,10.00078347330018,68.39149012165974,518.091
1576,39,16,1.0147275876514732,68.39149012165974,518.822
1577,39,17,-7.968232728199337,68.39149012165974,520.271
1578,39,18,-16.948392132881914,68.39149012165974,522.378
1579,39,19,-25.926090108142347,68.39149012165974,525.004
1580,39,20,-34.90174756438824,68.39149012165974,527.945
1581,39,21,-43.875916039395065,68.39149012165974,530.948
1582,39,22,-52.84918292943145,68.39149012165974,533.738
1583,39,23,-61.82222100813064,68.39149012165974,536.041
1584,39,24,-70.7957440302609,68.39148329147056,537.613
1585,39,25,-79.77053746757679,68.3914764612814,538.263
1586,39,26,-88.74729116918446,68.39137400844385,537.87
1587,39,27,-82.27321440211784,-111.60848756653992,536.404
1588,39,28,-73.290347681203,-111.60850122691825,533.923
1589,39,29,-64.30354677132624,-111.60850122691825,530.572
1590,39,30,-55.31237112528608,-111.60850122691825,526.574
1591,39,31,-46.3165304600428,-111.60850805710743,522.208
1592,39,32,-37.31588134162383,-111.60850805710743,517.785
1593,39,33,-28.310456213427727,-111.60850805710743,513.622
1594,39,34,-19.300470226413353,-111.60850805710743,510.01
1595,39,35,-10.286219640035952,-111.60850805710743,507.195
1596,39,36,-1.2682106353460443,-111.60850805710743,505.348
1597,39,37,7.752963094807106,-111.60850805710743,504.559
1598,39,38,16.776628243181726,-111.60850805710743,504.823
1599,39,39,25.8020572879095,-111.60850805710743,506.049
