0,0,0,87.39112978872176,-106.36883771835886,522.429
1,0,1,83.59200781763141,73.63124242267834,523.359
2,0,2,74.57814569826306,73.6312287623,523.581
3,0,3,65.56750059799377,73.63122193211083,523.17
4,0,4,56.560198875323216,73.63122193211083,522.27
5,0,5,47.556342983088925,73.63122193211083,521.082
6,0,6,38.55599097789885,73.63122193211083,519.839
7,0,7,29.55915652013134,73.63122193211083,518.779
8,0,8,20.565812289029697,73.63122193211083,518.121
9,0,9,11.575898520438699,73.63122193211083,518.038
10,0,10,2.5892815987826983,73.63122193211083,518.641
11,0,11,-6.394208376893905,73.63121510192165,519.966
12,0,12,-15.374841199063328,73.63121510192165,521.965
13,0,13,-24.352945570579376,73.63121510192165,524.513
14,0,14,-33.32892916835814,73.63121510192165,527.415
15,0,15,-42.30332645470216,73.63121510192165,530.426
16,0,16,-51.27671287304902,73.63121510192165,533.273
17,0,17,-60.24974070646446,73.63121510192165,535.68
18,0,18,-69.22314078518966,73.63121510192165,537.395
19,0,19,-78.19766784512791,73.63120827173249,538.217
20,0,20,-87.1740527165204,73.63116729059747,538.012
21,0,21,-83.84697877934799,-106.36875575608883,536.733
22,0,22,-74.86473360564761,-106.36876941646716,534.421
23,0,23,-65.87864303544454,-106.36877624665634,531.208
24,0,24,-56.888252861158925,-106.36877624665634,527.305
25,0,25,-47.89324889408898,-106.36877624665634,522.982
26,0,26,-38.893422813464994,-106.36877624665634,518.547
27,0,27,-29.888846336273268,-106.3687830768455,514.317
28,0,28,-20.879609962520302,-106.3687830768455,510.59
29,0,29,-11.866067154495642,-106.3687830768455,507.621
30,0,30,-2.8486746811000345,-106.3687830768455,505.596
31,0,31,6.171991160455303,-106.3687830768455,504.62
32,0,32,15.195268695594523,-106.3687830768455,504.705
33,0,33,24.220438193133838,-106.3687830768455,505.774
34,0,34,33.2467346718862,-106.3687830768455,507.668
35,0,35,42.27347511293462,-106.3687830768455,510.163
36,0,36,51.29993210113248,-106.3687830768455,512.996
37,0,37,60.32546701379239,-106.3687830768455,515.884
38,0,38,69.34949245464573,-106.36878990703468,518.562
39,0,39,78.37152348026142,-106.36879673722385,520.799
40,1,0,88.1000761038124,82.63129389954493,522.984
41,1,1,79.08468402206996,82.6312324278424,523.556
42,1,2,70.07241333677821,82.63122559765323,523.447
43,1,3,61.06342114228808,82.63122559765323,522.769
44,1,4,52.057837212193775,82.63121876746406,521.698
45,1,5,43.05572984838701,82.63121876746406,520.452
46,1,6,34.057129786719045,82.63121876746406,519.272
47,1,7,25.062050687568224,82.63121876746406,518.388
48,1,8,16.07043620187389,82.63121876746406,517.999
49,1,9,7.082186865006256,82.63121876746406,518.25
50,1,10,-1.9028358478087808,82.63121876746406,519.215
51,1,11,-10.884863522672767,82.63121876746406,520.887
52,1,12,-19.864177691445555,82.63121876746406,523.181
53,1,13,-28.841163619485013,82.63121876746406,525.934
54,1,14,-37.81629173607023,82.63121876746406,528.923
55,1,15,-46.79010504124022,82.63121876746406,531.887
56,1,16,-55.763231912398616,82.63121193727488,534.548
57,1,17,-64.73634853827326,82.63121193727488,536.638
58,1,18,-73.7102199000512,82.63121193727488,537.928
59,1,19,-82.68558024306819,82.63119827689655,538.248
60,1,20,-88.33683778120172,-97.36869744903306,537.506
61,1,21,-79.35630015479386,-97.36876575092477,535.699
62,1,22,-70.37220399982841,-97.36877258111393,532.916
63,1,23,-61.38400973136096,-97.36877941130311,529.327
64,1,24,-52.391351934270915,-97.36877941130311,525.178
65,1,25,-43.39393349532936,-97.36877941130311,520.759
66,1,26,-34.39174075415797,-97.36877941130311,516.387
67,1,27,-25.38478907868237,-97.36877941130311,512.373
68,1,28,-16.37335167646937,-97.36877941130311,508.998
69,1,29,-7.357818722075297,-97.36877941130311,506.482
70,1,30,1.66128898257563,-97.36877941130311,504.974
71,1,31,10.683347328948003,-97.36877941130311,504.533
72,1,32,19.707662199067418,-97.36877941130311,505.125
73,1,33,28.733502762692687,-97.36877941130311,506.63
74,1,34,37.76009635467395,-97.36878624149227,508.856
75,1,35,46.78678215420901,-97.36878624149227,511.555
76,1,36,55.81285323671876,-97.36878624149227,514.45
77,1,37,64.83770171536709,-97.36878624149227,517.265
78,1,38,73.86078459011496,-97.36879307168144,519.748
79,1,39,82.88165448357175,-97.36879990187062,521.698
80,2,0,87.39112978872176,-88.36883721746324,522.429
81,2,1,83.59200781763141,91.63124292357398,523.359
82,2,2,74.57814569826306,91.63122926319564,523.581
83,2,3,65.56750059799377,91.63122243300646,523.17
84,2,4,56.560198875323216,91.63122243300646,522.27
85,2,5,47.556342983088925,91.63122243300646,521.082
86,2,6,38.55599097789885,91.63122243300646,519.839
87,2,7,29.55915652013134,91.63122243300646,518.779
88,2,8,20.565812289029697,91.63122243300646,518.121
89,2,9,11.575898520438699,91.63122243300646,518.038
90,2,10,2.5892815987826983,91.63122243300646,518.641
91,2,11,-6.394208376893905,91.63121560281729,519.966
92,2,12,-15.374841199063328,91.63121560281729,521.965
93,2,13,-24.352945570579376,91.63121560281729,524.513
94,2,14,-33.32892916835814,91.63121560281729,527.415
95,2,15,-42.30332645470216,91.63121560281729,530.426
96,2,16,-51.27671287304902,91.63121560281729,533.273
97,2,17,-60.24974070646446,91.63121560281729,535.68
98,2,18,-69.22314078518966,91.63121560281729,537.395
99,2,19,-78.19766784512791,91.63120877262813,538.217
100,2,20,-87.1740527165204,91.6311677914931,538.012
101,2,21,-83.84697877934799,-88.3687552551932,536.733
102,2,22,-74.86473360564761,-88.36876891557154,534.421
103,2,23,-65.87864303544454,-88.3687757457607,531.208
104,2,24,-56.888252861158925,-88.3687757457607,527.305
105,2,25,-47.89324889408898,-88.3687757457607,522.982
106,2,26,-38.893422813464994,-88.3687757457607,518.547
107,2,27,-29.888846336273268,-88.36878257594987,514.317
108,2,28,-20.879609962520302,-88.36878257594987,510.59
109,2,29,-11.866067154495642,-88.36878257594987,507.621
110,2,30,-2.8486746811000345,-88.36878257594987,505.596
111,2,31,6.171991160455303,-88.36878257594987,504.62
112,2,32,15.195268695594523,-88.36878257594987,504.705
113,2,33,24.220438193133838,-88.36878257594987,505.774
114,2,34,33.2467346718862,-88.36878257594987,507.668
115,2,35,42.27347511293462,-88.36878257594987,510.163
116,2,36,51.29993210113248,-88.36878257594987,512.996
117,2,37,60.32546701379239,-88.36878257594987,515.884
118,2,38,69.34949245464573,-88.36878940613904,518.562
119,2,39,78.37152348026142,-88.36879623632821,520.799
120,3,0,88.1000761038124,100.63129440044057,522.984
121,3,1,79.08468402206996,100.63123292873803,523.556
122,3,2,70.07241333677821,100.63122609854886,523.447
123,3,3,61.06342114228808,100.63122609854886,522.769
124,3,4,52.057837212193775,100.6312192683597,521.698
125,3,5,43.05572984838701,100.6312192683597,520.452
126,3,6,34.057129786719045,100.6312192683597,519.272
127,3,7,25.062050687568224,100.6312192683597,518.388
128,3,8,16.07043620187389,100.6312192683597,517.999
129,3,9,7.082186865006256,100.6312192683597,518.25
130,3,10,-1.9028358478087808,100.6312192683597,519.215
131,3,11,-10.884863522672767,100.6312192683597,520.887
132,3,12,-19.864177691445555,100.6312192683597,523.181
133,3,13,-28.841163619485013,100.6312192683597,525.934
134,3,14,-37.81629173607023,100.6312192683597,528.923
135,3,15,-46.79010504124022,100.6312192683597,531.887
136,3,16,-55.763231912398616,100.63121243817052,534.548
137,3,17,-64.73634853827326,100.63121243817052,536.638
138,3,18,-73.7102199000512,100.63121243817052,537.928
139,3,19,-82.68558024306819,100.63119877779218,538.248
140,3,20,-88.33683778120172,-79.36869694813743,537.506
141,3,21,-79.35630015479386,-79.36876525002913,535.699
142,3,22,-70.37220399982841,-79.3687720802183,532.916
143,3,23,-61.38400973136096,-79.36877891040747,529.327
144,3,24,-52.391351934270915,-79.36877891040747,525.178
145,3,25,-43.39393349532936,-79.36877891040747,520.759
146,3,26,-34.39174075415797,-79.36877891040747,516.387
147,3,27,-25.38478907868237,-79.36877891040747,512.373
148,3,28,-16.37335167646937,-79.36877891040747,508.998
149,3,29,-7.357818722075297,-79.36877891040747,506.482
150,3,30,1.66128898257563,-79.36877891040747,504.974
151,3,31,10.683347328948003,-79.36877891040747,504.533
152,3,32,19.707662199067418,-79.36877891040747,505.125
153,3,33,28.733502762692687,-79.36877891040747,506.63
154,3,34,37.76009635467395,-79.36878574059664,508.856
155,3,35,46.78678215420901,-79.36878574059664,511.555
156,3,36,55.81285323671876,-79.36878574059664,514.45
157,3,37,64.83770171536709,-79.36878574059664,517.265
158,3,38,73.86078459011496,-79.36879257078581,519.748
159,3,39,82.88165448357175,-79.36879940097498,521.698
160,4,0,87.39112978872176,-70.3688367165676,522.429
161,4,1,83.59200781763141,109.6312434244696,523.359
162,4,2,74.57814569826306,109.63122976409126,523.581
163,4,3,65.56750059799377,109.6312229339021,523.17
164,4,4,56.560198875323216,109.6312229339021,522.27
165,4,5,47.556342983088925,109.6312229339021,521.082
166,4,6,38.55599097789885,109.6312229339021,519.839
167,4,7,29.55915652013134,109.6312229339021,518.779
168,4,8,20.565812289029697,109.6312229339021,518.121
169,4,9,11.575898520438699,109.6312229339021,518.038
170,4,10,2.5892815987826983,109.6312229339021,518.641
171,4,11,-6.394208376893905,109.63121610371293,519.966
172,4,12,-15.374841199063328,109.63121610371293,521.965
173,4,13,-24.352945570579376,109.63121610371293,524.513
174,4,14,-33.32892916835814,109.63121610371293,527.415
175,4,15,-42.30332645470216,109.63121610371293,530.426
176,4,16,-51.27671287304902,109.63121610371293,533.273
177,4,17,-60.24974070646446,109.63121610371293,535.68
178,4,18,-69.22314078518966,109.63121610371293,537.395
179,4,19,-78.19766784512791,109.63120927352375,538.217
180,4,20,-87.1740527165204,109.63116829238874,538.012
181,4,21,-83.84697877934799,-70.36875475429756,536.733
182,4,22,-74.86473360564761,-70.3687684146759,534.421
183,4,23,-65.87864303544454,-70.36877524486506,531.208
184,4,24,-56.888252861158925,-70.36877524486506,527.305
185,4,25,-47.89324889408898,-70.36877524486506,522.982
186,4,26,-38.893422813464994,-70.36877524486506,518.547
187,4,27,-29.888846336273268,-70.36878207505424,514.317
188,4,28,-20.879609962520302,-70.36878207505424,510.59
189,4,29,-11.866067154495642,-70.36878207505424,507.621
190,4,30,-2.8486746811000345,-70.36878207505424,505.596
191,4,31,6.171991160455303,-70.36878207505424,504.62
192,4,32,15.195268695594523,-70.36878207505424,504.705
193,4,33,24.220438193133838,-70.36878207505424,505.774
194,4,34,33.2467346718862,-70.36878207505424,507.668
195,4,35,42.27347511293462,-70.36878207505424,510.163
196,4,36,51.29993210113248,-70.36878207505424,512.996
197,4,37,60.32546701379239,-70.36878207505424,515.884
198,4,38,69.34949245464573,-70.3687889052434,518.562
199,4,39,78.37152348026142,-70.36879573543258,520.799
200,5,0,88.1000761038124,118.63130173152537,522.984
201,5,1,79.08468402206996,118.63123342963367,523.556
202,5,2,70.07241333677821,118.63123342963367,523.447
203,5,3,61.06342114228808,118.63121976925532,522.769
204,5,4,52.057837212193775,118.63121976925532,521.698
205,5,5,43.05572984838701,118.63121976925532,520.452
206,5,6,34.057129786719045,118.63121976925532,519.272
207,5,7,25.062050687568224,118.63121976925532,518.388
208,5,8,16.07043620187389,118.63121976925532,517.999
209,5,9,7.082186865006256,118.63121976925532,518.25
210,5,10,-1.9028358478087808,118.63121976925532,519.215
211,5,11,-10.884863522672767,118.63121976925532,520.887
212,5,12,-19.864177691445555,118.63121976925532,523.181
213,5,13,-28.841163619485013,118.63121976925532,525.934
214,5,14,-37.81629173607023,118.63121976925532,528.923
215,5,15,-46.79010504124022,118.63121976925532,531.887
216,5,16,-55.763231912398616,118.63121976925532,534.548
217,5,17,-64.73634853827326,118.63121976925532,536.638
218,5,18,-73.7102199000512,118.63120610887698,537.928
219,5,19,-82.68558024306819,118.63120610887698,538.248
220,5,20,-88.33683778120172,-61.368696447241796,537.506
221,5,21,-79.35630015479386,-61.3687647491335,535.699
222,5,22,-70.37220399982841,-61.36877157932267,532.916
223,5,23,-61.38400973136096,-61.36877840951183,529.327
224,5,24,-52.391351934270915,-61.36877840951183,525.178
225,5,25,-43.39393349532936,-61.36877840951183,520.759
226,5,26,-34.39174075415797,-61.36877840951183,516.387
227,5,27,-25.38478907868237,-61.36877840951183,512.373
228,5,28,-16.37335167646937,-61.36877840951183,508.998
229,5,29,-7.357818722075297,-61.36877840951183,506.482
230,5,30,1.66128898257563,-61.36877840951183,504.974
231,5,31,10.683347328948003,-61.36877840951183,504.533
232,5,32,19.707662199067418,-61.36877840951183,505.125
233,5,33,28.733502762692687,-61.36877840951183,506.63
234,5,34,37.76009635467395,-61.368785239701005,508.856
235,5,35,46.78678215420901,-61.368785239701005,511.555
236,5,36,55.81285323671876,-61.368785239701005,514.45
237,5,37,64.83770171536709,-61.368785239701005,517.265
238,5,38,73.86078459011496,-61.368792069890176,519.748
239,5,39,82.88165448357175,-61.36879890007935,521.698
240,6,0,87.39112978872176,-52.36883621567196,522.429
241,6,1,83.59200781763141,127.63123709517608,523.359
242,6,2,74.57814569826306,127.63122343479773,523.581
243,6,3,65.56750059799377,127.63122343479773,523.17
244,6,4,56.560198875323216,127.63122343479773,522.27
245,6,5,47.556342983088925,127.63122343479773,521.082
246,6,6,38.55599097789885,127.63122343479773,519.839
247,6,7,29.55915652013134,127.63122343479773,518.779
248,6,8,20.565812289029697,127.63122343479773,518.121
249,6,9,11.575898520438699,127.63122343479773,518.038
250,6,10,2.5892815987826983,127.63122343479773,518.641
251,6,11,-6.394208376893905,127.63122343479773,519.966
252,6,12,-15.374841199063328,127.63122343479773,521.965
253,6,13,-24.352945570579376,127.63122343479773,524.513
254,6,14,-33.32892916835814,127.63122343479773,527.415
255,6,15,-42.30332645470216,127.63122343479773,530.426
256,6,16,-51.27671287304902,127.63122343479773,533.273
257,6,17,-60.24974070646446,127.63120977441939,535.68
258,6,18,-69.22314078518966,127.63120977441939,537.395
259,6,19,-78.19766784512791,127.63120977441939,538.217
260,6,20,-87.1740527165204,127.63116879328437,538.012
261,6,21,-83.84697877934799,-52.36875766849651,536.733
262,6,22,-74.86473360564761,-52.36877132887485,534.421
263,6,23,-65.87864303544454,-52.36877474396943,531.208
264,6,24,-56.888252861158925,-52.36877474396943,527.305
265,6,25,-47.89324889408898,-52.36877815906402,522.982
266,6,26,-38.893422813464994,-52.36877815906402,518.547
267,6,27,-29.888846336273268,-52.36877815906402,514.317
268,6,28,-20.879609962520302,-52.36877815906402,510.59
269,6,29,-11.866067154495642,-52.36877815906402,507.621
270,6,30,-2.8486746811000345,-52.368781574158604,505.596
271,6,31,6.171991160455303,-52.368781574158604,504.62
272,6,32,15.195268695594523,-52.368781574158604,504.705
273,6,33,24.220438193133838,-52.368781574158604,505.774
274,6,34,33.2467346718862,-52.368781574158604,507.668
275,6,35,42.27347511293462,-52.368781574158604,510.163
276,6,36,51.29993210113248,-52.368781574158604,512.996
277,6,37,60.32546701379239,-52.36878498925319,515.884
278,6,38,69.34949245464573,-52.36878498925319,518.562
279,6,39,78.37152348026142,-52.36879181944236,520.799
280,7,0,88.1000761038124,136.63129540223184,522.984
281,7,1,79.08468402206996,136.63122710034014,523.556
282,7,2,70.07241333677821,136.63122710034014,523.447
283,7,3,61.06342114228808,136.63122710034014,522.769
284,7,4,52.057837212193775,136.63121343996178,521.698
285,7,5,43.05572984838701,136.63121343996178,520.452
286,7,6,34.057129786719045,136.63121343996178,519.272
287,7,7,25.062050687568224,136.63121343996178,518.388
288,7,8,16.07043620187389,136.63121343996178,517.999
289,7,9,7.082186865006256,136.63121343996178,518.25
290,7,10,-1.9028358478087808,136.63121343996178,519.215
291,7,11,-10.884863522672767,136.63121343996178,520.887
292,7,12,-19.864177691445555,136.63121343996178,523.181
293,7,13,-28.841163619485013,136.63121343996178,525.934
294,7,14,-37.81629173607023,136.63121343996178,528.923
295,7,15,-46.79010504124022,136.63121343996178,531.887
296,7,16,-55.763231912398616,136.63121343996178,534.548
297,7,17,-64.73634853827326,136.63121343996178,536.638
298,7,18,-73.7102199000512,136.63121343996178,537.928
299,7,19,-82.68558024306819,136.63119977958345,538.248
300,7,20,-88.33683778120172,-43.368695946346165,537.506
301,7,21,-79.35630015479386,-43.36877107842703,535.699
302,7,22,-70.37220399982841,-43.36877449352162,532.916
303,7,23,-61.38400973136096,-43.3687779086162,529.327
304,7,24,-52.391351934270915,-43.368781323710785,525.178
305,7,25,-43.39393349532936,-43.368781323710785,520.759
306,7,26,-34.39174075415797,-43.368781323710785,516.387
307,7,27,-25.38478907868237,-43.368781323710785,512.373
308,7,28,-16.37335167646937,-43.368781323710785,508.998
309,7,29,-7.357818722075297,-43.368781323710785,506.482
310,7,30,1.66128898257563,-43.368784738805374,504.974
311,7,31,10.683347328948003,-43.368784738805374,504.533
312,7,32,19.707662199067418,-43.368784738805374,505.125
313,7,33,28.733502762692687,-43.368784738805374,506.63
314,7,34,37.76009635467395,-43.368784738805374,508.856
315,7,35,46.78678215420901,-43.368784738805374,511.555
316,7,36,55.81285323671876,-43.368788153899956,514.45
317,7,37,64.83770171536709,-43.368788153899956,517.265
318,7,38,73.86078459011496,-43.368791568994546,519.748
319,7,39,82.88165448357175,-43.3688018142783,521.698
320,8,0,87.39112978872176,-34.36883571477633,522.429
321,8,1,83.59200781763141,145.63124442626088,523.359
322,8,2,74.57814569826306,145.63123076588252,523.581
323,8,3,65.56750059799377,145.63123076588252,523.17
324,8,4,56.560198875323216,145.63123076588252,522.27
325,8,5,47.556342983088925,145.6312171055042,521.082
326,8,6,38.55599097789885,145.6312171055042,519.839
327,8,7,29.55915652013134,145.6312171055042,518.779
328,8,8,20.565812289029697,145.6312171055042,518.121
329,8,9,11.575898520438699,145.6312171055042,518.038
330,8,10,2.5892815987826983,145.6312171055042,518.641
331,8,11,-6.394208376893905,145.6312171055042,519.966
332,8,12,-15.374841199063328,145.6312171055042,521.965
333,8,13,-24.352945570579376,145.6312171055042,524.513
334,8,14,-33.32892916835814,145.6312171055042,527.415
335,8,15,-42.30332645470216,145.6312171055042,530.426
336,8,16,-51.27671287304902,145.6312171055042,533.273
337,8,17,-60.24974070646446,145.6312171055042,535.68
338,8,18,-69.22314078518966,145.6312171055042,537.395
339,8,19,-78.19766784512791,145.63120344512586,538.217
340,8,20,-87.1740527165204,145.63117612436918,538.012
341,8,21,-83.84697877934799,-34.368757167600876,536.733
342,8,22,-74.86473360564761,-34.36877082797922,534.421
343,8,23,-65.87864303544454,-34.3687742430738,531.208
344,8,24,-56.888252861158925,-34.3687742430738,527.305
345,8,25,-47.89324889408898,-34.36877765816838,522.982
346,8,26,-38.893422813464994,-34.36877765816838,518.547
347,8,27,-29.888846336273268,-34.36877765816838,514.317
348,8,28,-20.879609962520302,-34.36877765816838,510.59
349,8,29,-11.866067154495642,-34.36877765816838,507.621
350,8,30,-2.8486746811000345,-34.36878107326297,505.596
351,8,31,6.171991160455303,-34.36878107326297,504.62
352,8,32,15.195268695594523,-34.36878107326297,504.705
353,8,33,24.220438193133838,-34.36878107326297,505.774
354,8,34,33.2467346718862,-34.36878107326297,507.668
355,8,35,42.27347511293462,-34.36878107326297,510.163
356,8,36,51.29993210113248,-34.36878107326297,512.996
357,8,37,60.32546701379239,-34.368784488357555,515.884
358,8,38,69.34949245464573,-34.368784488357555,518.562
359,8,39,78.37152348026142,-34.36879131854673,520.799
360,9,0,88.1000761038124,154.6312890729383,522.984
361,9,1,79.08468402206996,154.63123443142493,523.556
362,9,2,70.07241333677821,154.6312207710466,523.447
363,9,3,61.06342114228808,154.6312207710466,522.769
364,9,4,52.057837212193775,154.6312207710466,521.698
365,9,5,43.05572984838701,154.6312207710466,520.452
366,9,6,34.057129786719045,154.6312207710466,519.272
367,9,7,25.062050687568224,154.6312207710466,518.388
368,9,8,16.07043620187389,154.6312207710466,517.999
369,9,9,7.082186865006256,154.6312207710466,518.25
370,9,10,-1.9028358478087808,154.6312207710466,519.215
371,9,11,-10.884863522672767,154.6312207710466,520.887
372,9,12,-19.864177691445555,154.6312207710466,523.181
373,9,13,-28.841163619485013,154.6312207710466,525.934
374,9,14,-37.81629173607023,154.6312207710466,528.923
375,9,15,-46.79010504124022,154.6312207710466,531.887
376,9,16,-55.763231912398616,154.63120711066824,534.548
377,9,17,-64.73634853827326,154.63120711066824,536.638
378,9,18,-73.7102199000512,154.63120711066824,537.928
379,9,19,-82.68558024306819,154.6311934502899,538.248
380,9,20,-88.33683778120172,-25.36869715299782,537.506
381,9,21,-79.35630015479386,-25.36876886998411,535.699
382,9,22,-70.37220399982841,-25.368775700173277,532.916
383,9,23,-61.38400973136096,-25.368777407720568,529.327
384,9,24,-52.391351934270915,-25.368779115267863,525.178
385,9,25,-43.39393349532936,-25.368780822815154,520.759
386,9,26,-34.39174075415797,-25.368780822815154,516.387
387,9,27,-25.38478907868237,-25.368780822815154,512.373
388,9,28,-16.37335167646937,-25.36878253036245,508.998
389,9,29,-7.357818722075297,-25.36878253036245,506.482
390,9,30,1.66128898257563,-25.36878253036245,504.974
391,9,31,10.683347328948003,-25.36878253036245,504.533
392,9,32,19.707662199067418,-25.36878423790974,505.125
393,9,33,28.733502762692687,-25.36878423790974,506.63
394,9,34,37.76009635467395,-25.36878423790974,508.856
395,9,35,46.78678215420901,-25.36878594545703,511.555
396,9,36,55.81285323671876,-25.36878594545703,514.45
397,9,37,64.83770171536709,-25.368787653004325,517.265
398,9,38,73.86078459011496,-25.36879106809891,519.748
399,9,39,82.88165448357175,-25.368803020929956,521.698
400,10,0,87.39112978872176,-16.368833506333406,522.429
401,10,1,83.59200781763141,163.63123809696734,523.359
402,10,2,74.57814569826306,163.631224436589,523.581
403,10,3,65.56750059799377,163.631224436589,523.17
404,10,4,56.560198875323216,163.631224436589,522.27
405,10,5,47.556342983088925,163.631224436589,521.082
406,10,6,38.55599097789885,163.631224436589,519.839
407,10,7,29.55915652013134,163.631224436589,518.779
408,10,8,20.565812289029697,163.631224436589,518.121
409,10,9,11.575898520438699,163.631224436589,518.038
410,10,10,2.5892815987826983,163.631224436589,518.641
411,10,11,-6.394208376893905,163.631224436589,519.966
412,10,12,-15.374841199063328,163.631224436589,521.965
413,10,13,-24.352945570579376,163.631224436589,524.513
414,10,14,-33.32892916835814,163.631224436589,527.415
415,10,15,-42.30332645470216,163.631224436589,530.426
416,10,16,-51.27671287304902,163.631224436589,533.273
417,10,17,-60.24974070646446,163.63121077621065,535.68
418,10,18,-69.22314078518966,163.63121077621065,537.395
419,10,19,-78.19766784512791,163.63121077621065,538.217
420,10,20,-87.1740527165204,163.63116979507564,538.012
421,10,21,-83.84697877934799,-16.36875495915795,536.733
422,10,22,-74.86473360564761,-16.368770327083585,534.421
423,10,23,-65.87864303544454,-16.368773742178167,531.208
424,10,24,-56.888252861158925,-16.36877544972546,527.305
425,10,25,-47.89324889408898,-16.36877544972546,522.982
426,10,26,-38.893422813464994,-16.368777157272753,518.547
427,10,27,-29.888846336273268,-16.368777157272753,514.317
428,10,28,-20.879609962520302,-16.368778864820044,510.59
429,10,29,-11.866067154495642,-16.368778864820044,507.621
430,10,30,-2.8486746811000345,-16.368778864820044,505.596
431,10,31,6.171991160455303,-16.368778864820044,504.62
432,10,32,15.195268695594523,-16.368778864820044,504.705
433,10,33,24.220438193133838,-16.36878057236734,505.774
434,10,34,33.2467346718862,-16.36878057236734,507.668
435,10,35,42.27347511293462,-16.36878057236734,510.163
436,10,36,51.29993210113248,-16.36878227991463,512.996
437,10,37,60.32546701379239,-16.368783987461924,515.884
438,10,38,69.34949245464573,-16.368785695009215,518.562
439,10,39,78.37152348026142,-16.368790817651092,520.799
440,11,0,88.1000761038124,172.6312964040231,522.984
441,11,1,79.08468402206996,172.6312281021314,523.556
442,11,2,70.07241333677821,172.6312281021314,523.447
443,11,3,61.06342114228808,172.6312281021314,522.769
444,11,4,52.057837212193775,172.63121444175306,521.698
445,11,5,43.05572984838701,172.63121444175306,520.452
446,11,6,34.057129786719045,172.63121444175306,519.272
447,11,7,25.062050687568224,172.63121444175306,518.388
448,11,8,16.07043620187389,172.63121444175306,517.999
449,11,9,7.082186865006256,172.63121444175306,518.25
450,11,10,-1.9028358478087808,172.63121444175306,519.215
451,11,11,-10.884863522672767,172.63121444175306,520.887
452,11,12,-19.864177691445555,172.63121444175306,523.181
453,11,13,-28.841163619485013,172.63121444175306,525.934
454,11,14,-37.81629173607023,172.63121444175306,528.923
455,11,15,-46.79010504124022,172.63121444175306,531.887
456,11,16,-55.763231912398616,172.63121444175306,534.548
457,11,17,-64.73634853827326,172.63121444175306,536.638
458,11,18,-73.7102199000512,172.63121444175306,537.928
459,11,19,-82.68558024306819,172.63120078137473,538.248
460,11,20,-88.33683778120172,-7.368695798328543,537.506
461,11,21,-79.35630015479386,-7.36876922286212,535.699
462,11,22,-70.37220399982841,-7.368775199277644,532.916
463,11,23,-61.38400973136096,-7.368777760598583,529.327
464,11,24,-52.391351934270915,-7.368778614372229,525.178
465,11,25,-43.39393349532936,-7.368779468145875,520.759
466,11,26,-34.39174075415797,-7.368780321919521,516.387
467,11,27,-25.38478907868237,-7.368781175693168,512.373
468,11,28,-16.37335167646937,-7.368781175693168,508.998
469,11,29,-7.357818722075297,-7.368782029466814,506.482
470,11,30,1.66128898257563,-7.368782029466814,504.974
471,11,31,10.683347328948003,-7.36878288324046,504.533
472,11,32,19.707662199067418,-7.36878288324046,505.125
473,11,33,28.733502762692687,-7.368783737014106,506.63
474,11,34,37.76009635467395,-7.368783737014106,508.856
475,11,35,46.78678215420901,-7.368784590787753,511.555
476,11,36,55.81285323671876,-7.368785444561399,514.45
477,11,37,64.83770171536709,-7.368787152108691,517.265
478,11,38,73.86078459011496,-7.368790567203276,519.748
479,11,39,82.88165448357175,-7.368802520034324,521.698
480,12,0,87.39112978872176,1.6311664609536987,522.429
481,12,1,83.59200781763141,-178.3687509294822,523.359
482,12,2,74.57814569826306,-178.36876458986052,523.581
483,12,3,65.56750059799377,-178.36877825023888,523.17
484,12,4,56.560198875323216,-178.36877825023888,522.27
485,12,5,47.556342983088925,-178.36877825023888,521.082
486,12,6,38.55599097789885,-178.36877825023888,519.839
487,12,7,29.55915652013134,-178.36877825023888,518.779
488,12,8,20.565812289029697,-178.36877825023888,518.121
489,12,9,11.575898520438699,-178.36877825023888,518.038
490,12,10,2.5892815987826983,-178.36877825023888,518.641
491,12,11,-6.394208376893905,-178.36877825023888,519.966
492,12,12,-15.374841199063328,-178.36877825023888,521.965
493,12,13,-24.352945570579376,-178.36877825023888,524.513
494,12,14,-33.32892916835814,-178.36877825023888,527.415
495,12,15,-42.30332645470216,-178.36877825023888,530.426
496,12,16,-51.27671287304902,-178.36877825023888,533.273
497,12,17,-60.24974070646446,-178.36877825023888,535.68
498,12,18,-69.22314078518966,-178.3687919106172,537.395
499,12,19,-78.19766784512791,-178.3687919106172,538.217
500,12,20,-87.1740527165204,-178.36883289175222,538.012
501,12,21,-83.84697877934799,1.6312446879640365,536.733
502,12,22,-74.86473360564761,1.6312307074205792,534.421
503,12,23,-65.87864303544454,1.6312270788825827,531.208
504,12,24,-56.888252861158925,1.63122537133529,527.305
505,12,25,-47.89324889408898,1.6312243041182324,522.982
506,12,26,-38.893422813464994,1.6312235570662919,518.547
507,12,27,-29.888846336273268,1.6312229167360572,514.317
508,12,28,-20.879609962520302,1.631222489849234,510.59
509,12,29,-11.866067154495642,1.6312220629624108,507.621
510,12,30,-2.8486746811000345,1.6312216360755878,505.596
511,12,31,6.171991160455303,1.6312212091887646,504.62
512,12,32,15.195268695594523,1.6312207823019416,504.705
513,12,33,24.220438193133838,1.6312203554151183,505.774
514,12,34,33.2467346718862,1.6312198218065894,507.668
515,12,35,42.27347511293462,1.6312191814763548,510.163
516,12,36,51.29993210113248,1.6312183277027086,512.996
517,12,37,60.32546701379239,1.6312170470422391,515.884
518,12,38,69.34949245464573,1.6312148058864178,518.562
519,12,39,78.37152348026142,1.6312093630794229,520.799
520,13,0,88.1000761038124,-169.36869262242644,522.984
521,13,1,79.08468402206996,-169.36876092431814,523.556
522,13,2,70.07241333677821,-169.36877458469647,523.447
523,13,3,61.06342114228808,-169.36877458469647,522.769
524,13,4,52.057837212193775,-169.36877458469647,521.698
525,13,5,43.05572984838701,-169.36877458469647,520.452
526,13,6,34.057129786719045,-169.36877458469647,519.272
527,13,7,25.062050687568224,-169.36877458469647,518.388
528,13,8,16.07043620187389,-169.36877458469647,517.999
529,13,9,7.082186865006256,-169.36877458469647,518.25
530,13,10,-1.9028358478087808,-169.36877458469647,519.215
531,13,11,-10.884863522672767,-169.36877458469647,520.887
532,13,12,-19.864177691445555,-169.36877458469647,523.181
533,13,13,-28.841163619485013,-169.36877458469647,525.934
534,13,14,-37.81629173607023,-169.36877458469647,528.923
535,13,15,-46.79010504124022,-169.36877458469647,531.887
536,13,16,-55.763231912398616,-169.36877458469647,534.548
537,13,17,-64.73634853827326,-169.36877458469647,536.638
538,13,18,-73.7102199000512,-169.3687882450748,537.928
539,13,19,-82.68558024306819,-169.3687882450748,538.248
540,13,20,-88.33683778120172,10.63131153275626,537.506
541,13,21,-79.35630015479386,10.631238108222684,535.699
542,13,22,-70.37220399982841,10.63123213180716,532.916
543,13,23,-61.38400973136096,10.631229570486221,529.327
544,13,24,-52.391351934270915,10.631228716712574,525.178
545,13,25,-43.39393349532936,10.631227862938928,520.759
546,13,26,-34.39174075415797,10.631227009165283,516.387
547,13,27,-25.38478907868237,10.631226155391635,512.373
548,13,28,-16.37335167646937,10.631226155391635,508.998
549,13,29,-7.357818722075297,10.63122530161799,506.482
550,13,30,1.66128898257563,10.63122530161799,504.974
551,13,31,10.683347328948003,10.631224447844343,504.533
552,13,32,19.707662199067418,10.631224447844343,505.125
553,13,33,28.733502762692687,10.631223594070697,506.63
554,13,34,37.76009635467395,10.631223594070697,508.856
555,13,35,46.78678215420901,10.631222740297051,511.555
556,13,36,55.81285323671876,10.631221886523404,514.45
557,13,37,64.83770171536709,10.631220178976111,517.265
558,13,38,73.86078459011496,10.631216763881527,519.748
559,13,39,82.88165448357175,10.631204811050479,521.698
560,14,0,87.39112978872176,19.63116066526869,522.429
561,14,1,83.59200781763141,-160.36875725877573,523.359
562,14,2,74.57814569826306,-160.36877091915406,523.581
563,14,3,65.56750059799377,-160.36878457953242,523.17
564,14,4,56.560198875323216,-160.36878457953242,522.27
565,14,5,47.556342983088925,-160.36878457953242,521.082
566,14,6,38.55599097789885,-160.36878457953242,519.839
567,14,7,29.55915652013134,-160.36878457953242,518.779
568,14,8,20.565812289029697,-160.36878457953242,518.121
569,14,9,11.575898520438699,-160.36878457953242,518.038
570,14,10,2.5892815987826983,-160.36878457953242,518.641
571,14,11,-6.394208376893905,-160.36878457953242,519.966
572,14,12,-15.374841199063328,-160.36878457953242,521.965
573,14,13,-24.352945570579376,-160.36878457953242,524.513
574,14,14,-33.32892916835814,-160.36878457953242,527.415
575,14,15,-42.30332645470216,-160.36878457953242,530.426
576,14,16,-51.27671287304902,-160.36878457953242,533.273
577,14,17,-60.24974070646446,-160.36878457953242,535.68
578,14,18,-69.22314078518966,-160.36879823991075,537.395
579,14,19,-78.19766784512791,-160.36879823991075,538.217
580,14,20,-87.1740527165204,-160.36883922104576,538.012
581,14,21,-83.84697877934799,19.631239212444147,536.733
582,14,22,-74.86473360564761,19.631223844518512,534.421
583,14,23,-65.87864303544454,19.63122042942393,531.208
584,14,24,-56.888252861158925,19.631218721876635,527.305
585,14,25,-47.89324889408898,19.631218721876635,522.982
586,14,26,-38.893422813464994,19.631217014329344,518.547
587,14,27,-29.888846336273268,19.631217014329344,514.317
588,14,28,-20.879609962520302,19.63121530678205,510.59
589,14,29,-11.866067154495642,19.63121530678205,507.621
590,14,30,-2.8486746811000345,19.63121530678205,505.596
591,14,31,6.171991160455303,19.63121530678205,504.62
592,14,32,15.195268695594523,19.63121530678205,504.705
593,14,33,24.220438193133838,19.63121359923476,505.774
594,14,34,33.2467346718862,19.63121359923476,507.668
595,14,35,42.27347511293462,19.63121359923476,510.163
596,14,36,51.29993210113248,19.631211891687467,512.996
597,14,37,60.32546701379239,19.631210184140173,515.884
598,14,38,69.34949245464573,19.63120847659288,518.562
599,14,39,78.37152348026142,19.631203353951005,520.799
600,15,0,88.1000761038124,-151.36869895171995,522.984
601,15,1,79.08468402206996,-151.36876725361165,523.556
602,15,2,70.07241333677821,-151.36878091399,523.447
603,15,3,61.06342114228808,-151.36878091399,522.769
604,15,4,52.057837212193775,-151.36878091399,521.698
605,15,5,43.05572984838701,-151.36878091399,520.452
606,15,6,34.057129786719045,-151.36878091399,519.272
607,15,7,25.062050687568224,-151.36878091399,518.388
608,15,8,16.07043620187389,-151.36878091399,517.999
609,15,9,7.082186865006256,-151.36878091399,518.25
610,15,10,-1.9028358478087808,-151.36878091399,519.215
611,15,11,-10.884863522672767,-151.36878091399,520.887
612,15,12,-19.864177691445555,-151.36878091399,523.181
613,15,13,-28.841163619485013,-151.36878091399,525.934
614,15,14,-37.81629173607023,-151.36878091399,528.923
615,15,15,-46.79010504124022,-151.36878091399,531.887
616,15,16,-55.763231912398616,-151.36878091399,534.548
617,15,17,-64.73634853827326,-151.36878091399,536.638
618,15,18,-73.7102199000512,-151.36879457436834,537.928
619,15,19,-82.68558024306819,-151.36879457436834,538.248
620,15,20,-88.33683778120172,28.631304349689078,537.506
621,15,21,-79.35630015479386,28.631232632702794,535.699
622,15,22,-70.37220399982841,28.631225802513622,532.916
623,15,23,-61.38400973136096,28.63122409496633,529.327
624,15,24,-52.391351934270915,28.631222387419037,525.178
625,15,25,-43.39393349532936,28.631220679871745,520.759
626,15,26,-34.39174075415797,28.631220679871745,516.387
627,15,27,-25.38478907868237,28.631220679871745,512.373
628,15,28,-16.37335167646937,28.631218972324454,508.998
629,15,29,-7.357818722075297,28.631218972324454,506.482
630,15,30,1.66128898257563,28.631218972324454,504.974
631,15,31,10.683347328948003,28.631218972324454,504.533
632,15,32,19.707662199067418,28.63121726477716,505.125
633,15,33,28.733502762692687,28.63121726477716,506.63
634,15,34,37.76009635467395,28.63121726477716,508.856
635,15,35,46.78678215420901,28.63121555722987,511.555
636,15,36,55.81285323671876,28.63121555722987,514.45
637,15,37,64.83770171536709,28.631213849682574,517.265
638,15,38,73.86078459011496,28.63121043458799,519.748
639,15,39,82.88165448357175,28.631198481756943,521.698
640,16,0,87.39112978872176,37.6311662888062,522.429
641,16,1,83.59200781763141,-142.3687499276909,523.359
642,16,2,74.57814569826306,-142.36876358806927,523.581
643,16,3,65.56750059799377,-142.3687772484476,523.17
644,16,4,56.560198875323216,-142.3687772484476,522.27
645,16,5,47.556342983088925,-142.3687772484476,521.082
646,16,6,38.55599097789885,-142.3687772484476,519.839
647,16,7,29.55915652013134,-142.3687772484476,518.779
648,16,8,20.565812289029697,-142.3687772484476,518.121
649,16,9,11.575898520438699,-142.3687772484476,518.038
650,16,10,2.5892815987826983,-142.3687772484476,518.641
651,16,11,-6.394208376893905,-142.3687772484476,519.966
652,16,12,-15.374841199063328,-142.3687772484476,521.965
653,16,13,-24.352945570579376,-142.3687772484476,524.513
654,16,14,-33.32892916835814,-142.3687772484476,527.415
655,16,15,-42.30332645470216,-142.3687772484476,530.426
656,16,16,-51.27671287304902,-142.3687772484476,533.273
657,16,17,-60.24974070646446,-142.3687772484476,535.68
658,16,18,-69.22314078518966,-142.36879090882593,537.395
659,16,19,-78.19766784512791,-142.36879090882593,538.217
660,16,20,-87.1740527165204,-142.36883188996097,538.012
661,16,21,-83.84697877934799,37.631244835981654,536.733
662,16,22,-74.86473360564761,37.63123117560332,534.421
663,16,23,-65.87864303544454,37.63122776050873,531.208
664,16,24,-56.888252861158925,37.63122776050873,527.305
665,16,25,-47.89324889408898,37.63122434541415,522.982
666,16,26,-38.893422813464994,37.63122434541415,518.547
667,16,27,-29.888846336273268,37.63122434541415,514.317
668,16,28,-20.879609962520302,37.63122434541415,510.59
669,16,29,-11.866067154495642,37.63122434541415,507.621
670,16,30,-2.8486746811000345,37.631220930319564,505.596
671,16,31,6.171991160455303,37.631220930319564,504.62
672,16,32,15.195268695594523,37.631220930319564,504.705
673,16,33,24.220438193133838,37.631220930319564,505.774
674,16,34,33.2467346718862,37.631220930319564,507.668
675,16,35,42.27347511293462,37.631220930319564,510.163
676,16,36,51.29993210113248,37.631220930319564,512.996
677,16,37,60.32546701379239,37.631217515224975,515.884
678,16,38,69.34949245464573,37.631217515224975,518.562
679,16,39,78.37152348026142,37.6312106850358,520.799
680,17,0,88.1000761038124,-133.3687052810135,522.984
681,17,1,79.08468402206996,-133.3687735829052,523.556
682,17,2,70.07241333677821,-133.36878724328355,523.447
683,17,3,61.06342114228808,-133.36878724328355,522.769
684,17,4,52.057837212193775,-133.36878724328355,521.698
685,17,5,43.05572984838701,-133.36878724328355,520.452
686,17,6,34.057129786719045,-133.36878724328355,519.272
687,17,7,25.062050687568224,-133.36878724328355,518.388
688,17,8,16.07043620187389,-133.36878724328355,517.999
689,17,9,7.082186865006256,-133.36878724328355,518.25
690,17,10,-1.9028358478087808,-133.36878724328355,519.215
691,17,11,-10.884863522672767,-133.36878724328355,520.887
692,17,12,-19.864177691445555,-133.36878724328355,523.181
693,17,13,-28.841163619485013,-133.36878724328355,525.934
694,17,14,-37.81629173607023,-133.36878724328355,528.923
695,17,15,-46.79010504124022,-133.36878724328355,531.887
696,17,16,-55.763231912398616,-133.36878724328355,534.548
697,17,17,-64.73634853827326,-133.36878724328355,536.638
698,17,18,-73.7102199000512,-133.36880090366188,537.928
699,17,19,-82.68558024306819,-133.36880090366188,538.248
700,17,20,-88.33683778120172,46.63129972794283,537.506
701,17,21,-79.35630015479386,46.631224595861966,535.699
702,17,22,-70.37220399982841,46.631221180767376,532.916
703,17,23,-61.38400973136096,46.631217765672794,529.327
704,17,24,-52.391351934270915,46.63121435057821,525.178
705,17,25,-43.39393349532936,46.63121435057821,520.759
706,17,26,-34.39174075415797,46.63121435057821,516.387
707,17,27,-25.38478907868237,46.63121435057821,512.373
708,17,28,-16.37335167646937,46.63121435057821,508.998
709,17,29,-7.357818722075297,46.63121435057821,506.482
710,17,30,1.66128898257563,46.63121093548362,504.974
711,17,31,10.683347328948003,46.63121093548362,504.533
712,17,32,19.707662199067418,46.63121093548362,505.125
713,17,33,28.733502762692687,46.63121093548362,506.63
714,17,34,37.76009635467395,46.63121093548362,508.856
715,17,35,46.78678215420901,46.63121093548362,511.555
716,17,36,55.81285323671876,46.63120752038904,514.45
717,17,37,64.83770171536709,46.63120752038904,517.265
718,17,38,73.86078459011496,46.63120410529445,519.748
719,17,39,82.88165448357175,46.6311938600107,521.698
720,18,0,87.39112978872176,55.631159959512665,522.429
721,18,1,83.59200781763141,-124.36875625698445,523.359
722,18,2,74.57814569826306,-124.3687699173628,523.581
723,18,3,65.56750059799377,-124.36878357774114,523.17
724,18,4,56.560198875323216,-124.36878357774114,522.27
725,18,5,47.556342983088925,-124.36878357774114,521.082
726,18,6,38.55599097789885,-124.36878357774114,519.839
727,18,7,29.55915652013134,-124.36878357774114,518.779
728,18,8,20.565812289029697,-124.36878357774114,518.121
729,18,9,11.575898520438699,-124.36878357774114,518.038
730,18,10,2.5892815987826983,-124.36878357774114,518.641
731,18,11,-6.394208376893905,-124.36878357774114,519.966
732,18,12,-15.374841199063328,-124.36878357774114,521.965
733,18,13,-24.352945570579376,-124.36878357774114,524.513
734,18,14,-33.32892916835814,-124.36878357774114,527.415
735,18,15,-42.30332645470216,-124.36878357774114,530.426
736,18,16,-51.27671287304902,-124.36878357774114,533.273
737,18,17,-60.24974070646446,-124.36878357774114,535.68
738,18,18,-69.22314078518966,-124.36879723811948,537.395
739,18,19,-78.19766784512791,-124.36879723811948,538.217
740,18,20,-87.1740527165204,-124.3688382192545,538.012
741,18,21,-83.84697877934799,55.63123850668812,536.733
742,18,22,-74.86473360564761,55.63122484630978,534.421
743,18,23,-65.87864303544454,55.631221431215195,531.208
744,18,24,-56.888252861158925,55.631221431215195,527.305
745,18,25,-47.89324889408898,55.63121801612061,522.982
746,18,26,-38.893422813464994,55.63121801612061,518.547
747,18,27,-29.888846336273268,55.63121801612061,514.317
748,18,28,-20.879609962520302,55.63121801612061,510.59
749,18,29,-11.866067154495642,55.63121801612061,507.621
750,18,30,-2.8486746811000345,55.631214601026024,505.596
751,18,31,6.171991160455303,55.631214601026024,504.62
752,18,32,15.195268695594523,55.631214601026024,504.705
753,18,33,24.220438193133838,55.631214601026024,505.774
754,18,34,33.2467346718862,55.631214601026024,507.668
755,18,35,42.27347511293462,55.631214601026024,510.163
756,18,36,51.29993210113248,55.631214601026024,512.996
757,18,37,60.32546701379239,55.63121118593144,515.884
758,18,38,69.34949245464573,55.63121118593144,518.562
759,18,39,78.37152348026142,55.63120435574227,520.799
760,19,0,88.1000761038124,-115.3686979499287,522.984
761,19,1,79.08468402206996,-115.3687662518204,523.556
762,19,2,70.07241333677821,-115.36877991219873,523.447
763,19,3,61.06342114228808,-115.36877991219873,522.769
764,19,4,52.057837212193775,-115.36877991219873,521.698
765,19,5,43.05572984838701,-115.36877991219873,520.452
766,19,6,34.057129786719045,-115.36877991219873,519.272
767,19,7,25.062050687568224,-115.36877991219873,518.388
768,19,8,16.07043620187389,-115.36877991219873,517.999
769,19,9,7.082186865006256,-115.36877991219873,518.25
770,19,10,-1.9028358478087808,-115.36877991219873,519.215
771,19,11,-10.884863522672767,-115.36877991219873,520.887
772,19,12,-19.864177691445555,-115.36877991219873,523.181
773,19,13,-28.841163619485013,-115.36877991219873,525.934
774,19,14,-37.81629173607023,-115.36877991219873,528.923
775,19,15,-46.79010504124022,-115.36877991219873,531.887
776,19,16,-55.763231912398616,-115.36877991219873,534.548
777,19,17,-64.73634853827326,-115.36877991219873,536.638
778,19,18,-73.7102199000512,-115.36879357257708,537.928
779,19,19,-82.68558024306819,-115.36879357257708,538.248
780,19,20,-88.33683778120172,64.63130705902763,537.506
781,19,21,-79.35630015479386,64.63123192694677,535.699
782,19,22,-70.37220399982841,64.6312250967576,532.916
783,19,23,-61.38400973136096,64.6312250967576,529.327
784,19,24,-52.391351934270915,64.6312250967576,525.178
785,19,25,-43.39393349532936,64.6312250967576,520.759
786,19,26,-34.39174075415797,64.63121826656842,516.387
787,19,27,-25.38478907868237,64.63121826656842,512.373
788,19,28,-16.37335167646937,64.63121826656842,508.998
789,19,29,-7.357818722075297,64.63121826656842,506.482
790,19,30,1.66128898257563,64.63121826656842,504.974
791,19,31,10.683347328948003,64.63121826656842,504.533
792,19,32,19.707662199067418,64.63121826656842,505.125
793,19,33,28.733502762692687,64.63121826656842,506.63
794,19,34,37.76009635467395,64.63121826656842,508.856
795,19,35,46.78678215420901,64.63121826656842,511.555
796,19,36,55.81285323671876,64.63121826656842,514.45
797,19,37,64.83770171536709,64.63121143637926,517.265
798,19,38,73.86078459011496,64.63121143637926,519.748
799,19,39,82.88165448357175,64.63119777600092,521.698
800,20,0,87.39112978872176,73.63116729059747,522.429
801,20,1,83.59200781763141,-106.36875575608883,523.359
802,20,2,74.57814569826306,-106.36876941646716,523.581
803,20,3,65.56750059799377,-106.36876941646716,523.17
804,20,4,56.560198875323216,-106.36876941646716,522.27
805,20,5,47.556342983088925,-106.36877624665634,521.082
806,20,6,38.55599097789885,-106.36877624665634,519.839
807,20,7,29.55915652013134,-106.36877624665634,518.779
808,20,8,20.565812289029697,-106.36877624665634,518.121
809,20,9,11.575898520438699,-106.36877624665634,518.038
810,20,10,2.5892815987826983,-106.36877624665634,518.641
811,20,11,-6.394208376893905,-106.36877624665634,519.966
812,20,12,-15.374841199063328,-106.36877624665634,521.965
813,20,13,-24.352945570579376,-106.36877624665634,524.513
814,20,14,-33.32892916835814,-106.36877624665634,527.415
815,20,15,-42.30332645470216,-106.36877624665634,530.426
816,20,16,-51.27671287304902,-106.36877624665634,533.273
817,20,17,-60.24974070646446,-106.3687830768455,535.68
818,20,18,-69.22314078518966,-106.3687830768455,537.395
819,20,19,-78.19766784512791,-106.36878990703468,538.217
820,20,20,-87.1740527165204,-106.36882405798052,538.012
821,20,21,-83.84697877934799,73.6312492528675,536.733
822,20,22,-74.86473360564761,73.63123559248916,534.421
823,20,23,-65.87864303544454,73.6312287623,531.208
824,20,24,-56.888252861158925,73.6312287623,527.305
825,20,25,-47.89324889408898,73.6312287623,522.982
826,20,26,-38.893422813464994,73.6312287623,518.547
827,20,27,-29.888846336273268,73.63122193211083,514.317
828,20,28,-20.879609962520302,73.63122193211083,510.59
829,20,29,-11.866067154495642,73.63122193211083,507.621
830,20,30,-2.8486746811000345,73.63122193211083,505.596
831,20,31,6.171991160455303,73.63122193211083,504.62
832,20,32,15.195268695594523,73.63122193211083,504.705
833,20,33,24.220438193133838,73.63122193211083,505.774
834,20,34,33.2467346718862,73.63122193211083,507.668
835,20,35,42.27347511293462,73.63122193211083,510.163
836,20,36,51.29993210113248,73.63122193211083,512.996
837,20,37,60.32546701379239,73.63122193211083,515.884
838,20,38,69.34949245464573,73.63121510192165,518.562
839,20,39,78.37152348026142,73.63120827173249,520.799
840,21,0,88.1000761038124,-97.36871110941141,522.984
841,21,1,79.08468402206996,-97.36877258111393,523.556
842,21,2,70.07241333677821,-97.36877941130311,523.447
843,21,3,61.06342114228808,-97.36877941130311,522.769
844,21,4,52.057837212193775,-97.36878624149227,521.698
845,21,5,43.05572984838701,-97.36878624149227,520.452
846,21,6,34.057129786719045,-97.36878624149227,519.272
847,21,7,25.062050687568224,-97.36878624149227,518.388
848,21,8,16.07043620187389,-97.36878624149227,517.999
849,21,9,7.082186865006256,-97.36878624149227,518.25
850,21,10,-1.9028358478087808,-97.36878624149227,519.215
851,21,11,-10.884863522672767,-97.36878624149227,520.887
852,21,12,-19.864177691445555,-97.36878624149227,523.181
853,21,13,-28.841163619485013,-97.36878624149227,525.934
854,21,14,-37.81629173607023,-97.36878624149227,528.923
855,21,15,-46.79010504124022,-97.36878624149227,531.887
856,21,16,-55.763231912398616,-97.36879307168144,534.548
857,21,17,-64.73634853827326,-97.36879307168144,536.638
858,21,18,-73.7102199000512,-97.36879307168144,537.928
859,21,19,-82.68558024306819,-97.36880673205978,538.248
860,21,20,-88.33683778120172,82.63130072973411,537.506
861,21,21,-79.35630015479386,82.63122559765323,535.699
862,21,22,-70.37220399982841,82.63121876746406,532.916
863,21,23,-61.38400973136096,82.63121876746406,529.327
864,21,24,-52.391351934270915,82.63121876746406,525.178
865,21,25,-43.39393349532936,82.63121876746406,520.759
866,21,26,-34.39174075415797,82.63121193727488,516.387
867,21,27,-25.38478907868237,82.63121193727488,512.373
868,21,28,-16.37335167646937,82.63121193727488,508.998
869,21,29,-7.357818722075297,82.63121193727488,506.482
870,21,30,1.66128898257563,82.63121193727488,504.974
871,21,31,10.683347328948003,82.63121193727488,504.533
872,21,32,19.707662199067418,82.63121193727488,505.125
873,21,33,28.733502762692687,82.63121193727488,506.63
874,21,34,37.76009635467395,82.63121193727488,508.856
875,21,35,46.78678215420901,82.63121193727488,511.555
876,21,36,55.81285323671876,82.63121193727488,514.45
877,21,37,64.83770171536709,82.63120510708572,517.265
878,21,38,73.86078459011496,82.63120510708572,519.748
879,21,39,82.88165448357175,82.63119144670738,521.698
880,22,0,87.39112978872176,91.63116096130393,522.429
881,22,1,83.59200781763141,-88.36876208538236,523.359
882,22,2,74.57814569826306,-88.3687757457607,523.581
883,22,3,65.56750059799377,-88.3687757457607,523.17
884,22,4,56.560198875323216,-88.3687757457607,522.27
885,22,5,47.556342983088925,-88.36878257594987,521.082
886,22,6,38.55599097789885,-88.36878257594987,519.839
887,22,7,29.55915652013134,-88.36878257594987,518.779
888,22,8,20.565812289029697,-88.36878257594987,518.121
889,22,9,11.575898520438699,-88.36878257594987,518.038
890,22,10,2.5892815987826983,-88.36878257594987,518.641
891,22,11,-6.394208376893905,-88.36878257594987,519.966
892,22,12,-15.374841199063328,-88.36878257594987,521.965
893,22,13,-24.352945570579376,-88.36878257594987,524.513
894,22,14,-33.32892916835814,-88.36878257594987,527.415
895,22,15,-42.30332645470216,-88.36878257594987,530.426
896,22,16,-51.27671287304902,-88.36878257594987,533.273
897,22,17,-60.24974070646446,-88.36878940613904,535.68
898,22,18,-69.22314078518966,-88.36878940613904,537.395
899,22,19,-78.19766784512791,-88.36879623632821,538.217
900,22,20,-87.1740527165204,-88.36883038727406,538.012
901,22,21,-83.84697877934799,91.63124292357398,536.733
902,22,22,-74.86473360564761,91.63122926319564,534.421
903,22,23,-65.87864303544454,91.63122243300646,531.208
904,22,24,-56.888252861158925,91.63122243300646,527.305
905,22,25,-47.89324889408898,91.63122243300646,522.982
906,22,26,-38.893422813464994,91.63122243300646,518.547
907,22,27,-29.888846336273268,91.63121560281729,514.317
908,22,28,-20.879609962520302,91.63121560281729,510.59
909,22,29,-11.866067154495642,91.63121560281729,507.621
910,22,30,-2.8486746811000345,91.63121560281729,505.596
911,22,31,6.171991160455303,91.63121560281729,504.62
912,22,32,15.195268695594523,91.63121560281729,504.705
913,22,33,24.220438193133838,91.63121560281729,505.774
914,22,34,33.2467346718862,91.63121560281729,507.668
915,22,35,42.27347511293462,91.63121560281729,510.163
916,22,36,51.29993210113248,91.63121560281729,512.996
917,22,37,60.32546701379239,91.63121560281729,515.884
918,22,38,69.34949245464573,91.63120877262813,518.562
919,22,39,78.37152348026142,91.63120194243895,520.799
920,23,0,88.1000761038124,-79.3687037783266,522.984
921,23,1,79.08468402206996,-79.36876525002913,523.556
922,23,2,70.07241333677821,-79.3687720802183,523.447
923,23,3,61.06342114228808,-79.3687720802183,522.769
924,23,4,52.057837212193775,-79.36877891040747,521.698
925,23,5,43.05572984838701,-79.36877891040747,520.452
926,23,6,34.057129786719045,-79.36877891040747,519.272
927,23,7,25.062050687568224,-79.36877891040747,518.388
928,23,8,16.07043620187389,-79.36877891040747,517.999
929,23,9,7.082186865006256,-79.36877891040747,518.25
930,23,10,-1.9028358478087808,-79.36877891040747,519.215
931,23,11,-10.884863522672767,-79.36877891040747,520.887
932,23,12,-19.864177691445555,-79.36877891040747,523.181
933,23,13,-28.841163619485013,-79.36877891040747,525.934
934,23,14,-37.81629173607023,-79.36877891040747,528.923
935,23,15,-46.79010504124022,-79.36877891040747,531.887
936,23,16,-55.763231912398616,-79.36878574059664,534.548
937,23,17,-64.73634853827326,-79.36878574059664,536.638
938,23,18,-73.7102199000512,-79.36878574059664,537.928
939,23,19,-82.68558024306819,-79.36879940097498,538.248
940,23,20,-88.33683778120172,100.63130806081891,537.506
941,23,21,-79.35630015479386,100.63123292873803,535.699
942,23,22,-70.37220399982841,100.63122609854886,532.916
943,23,23,-61.38400973136096,100.63122609854886,529.327
944,23,24,-52.391351934270915,100.63122609854886,525.178
945,23,25,-43.39393349532936,100.63122609854886,520.759
946,23,26,-34.39174075415797,100.6312192683597,516.387
947,23,27,-25.38478907868237,100.6312192683597,512.373
948,23,28,-16.37335167646937,100.6312192683597,508.998
949,23,29,-7.357818722075297,100.6312192683597,506.482
950,23,30,1.66128898257563,100.6312192683597,504.974
951,23,31,10.683347328948003,100.6312192683597,504.533
952,23,32,19.707662199067418,100.6312192683597,505.125
953,23,33,28.733502762692687,100.6312192683597,506.63
954,23,34,37.76009635467395,100.6312192683597,508.856
955,23,35,46.78678215420901,100.6312192683597,511.555
956,23,36,55.81285323671876,100.6312192683597,514.45
957,23,37,64.83770171536709,100.63121243817052,517.265
958,23,38,73.86078459011496,100.63121243817052,519.748
959,23,39,82.88165448357175,100.63119877779218,521.698
960,24,0,87.39112978872176,109.63116829238874,522.429
961,24,1,83.59200781763141,-70.36875475429756,523.359
962,24,2,74.57814569826306,-70.3687684146759,523.581
963,24,3,65.56750059799377,-70.3687684146759,523.17
964,24,4,56.560198875323216,-70.3687684146759,522.27
965,24,5,47.556342983088925,-70.36877524486506,521.082
966,24,6,38.55599097789885,-70.36877524486506,519.839
967,24,7,29.55915652013134,-70.36877524486506,518.779
968,24,8,20.565812289029697,-70.36877524486506,518.121
969,24,9,11.575898520438699,-70.36877524486506,518.038
970,24,10,2.5892815987826983,-70.36877524486506,518.641
971,24,11,-6.394208376893905,-70.36877524486506,519.966
972,24,12,-15.374841199063328,-70.36877524486506,521.965
973,24,13,-24.352945570579376,-70.36877524486506,524.513
974,24,14,-33.32892916835814,-70.36877524486506,527.415
975,24,15,-42.30332645470216,-70.36877524486506,530.426
976,24,16,-51.27671287304902,-70.36877524486506,533.273
977,24,17,-60.24974070646446,-70.36878207505424,535.68
978,24,18,-69.22314078518966,-70.36878207505424,537.395
979,24,19,-78.19766784512791,-70.3687889052434,538.217
980,24,20,-87.1740527165204,-70.36882305618926,538.012
981,24,21,-83.84697877934799,109.63125025465878,536.733
982,24,22,-74.86473360564761,109.63123659428044,534.421
983,24,23,-65.87864303544454,109.63122976409126,531.208
984,24,24,-56.888252861158925,109.63122976409126,527.305
985,24,25,-47.89324889408898,109.63122976409126,522.982
986,24,26,-38.893422813464994,109.63122976409126,518.547
987,24,27,-29.888846336273268,109.6312229339021,514.317
988,24,28,-20.879609962520302,109.6312229339021,510.59
989,24,29,-11.866067154495642,109.6312229339021,507.621
990,24,30,-2.8486746811000345,109.6312229339021,505.596
991,24,31,6.171991160455303,109.6312229339021,504.62
992,24,32,15.195268695594523,109.6312229339021,504.705
993,24,33,24.220438193133838,109.6312229339021,505.774
994,24,34,33.2467346718862,109.6312229339021,507.668
995,24,35,42.27347511293462,109.6312229339021,510.163
996,24,36,51.29993210113248,109.6312229339021,512.996
997,24,37,60.32546701379239,109.6312229339021,515.884
998,24,38,69.34949245464573,109.63121610371293,518.562
999,24,39,78.37152348026142,109.63120927352375,520.799
1000,25,0,88.1000761038124,-61.36871010762014,522.984
1001,25,1,79.08468402206996,-61.36877157932267,523.556
1002,25,2,70.07241333677821,-61.36877840951183,523.447
1003,25,3,61.06342114228808,-61.36877840951183,522.769
1004,25,4,52.057837212193775,-61.368785239701005,521.698
1005,25,5,43.05572984838701,-61.368785239701005,520.452
1006,25,6,34.057129786719045,-61.368785239701005,519.272
1007,25,7,25.062050687568224,-61.368785239701005,518.388
1008,25,8,16.07043620187389,-61.368785239701005,517.999
1009,25,9,7.082186865006256,-61.368785239701005,518.25
1010,25,10,-1.9028358478087808,-61.368785239701005,519.215
1011,25,11,-10.884863522672767,-61.368785239701005,520.887
1012,25,12,-19.864177691445555,-61.368785239701005,523.181
1013,25,13,-28.841163619485013,-61.368785239701005,525.934
1014,25,14,-37.81629173607023,-61.368785239701005,528.923
1015,25,15,-46.79010504124022,-61.368785239701005,531.887
1016,25,16,-55.763231912398616,-61.368792069890176,534.548
1017,25,17,-64.73634853827326,-61.368792069890176,536.638
1018,25,18,-73.7102199000512,-61.368792069890176,537.928
1019,25,19,-82.68558024306819,-61.36880573026852,538.248
1020,25,20,-88.33683778120172,118.63130173152537,537.506
1021,25,21,-79.35630015479386,118.63123342963367,535.699
1022,25,22,-70.37220399982841,118.63121976925532,532.916
1023,25,23,-61.38400973136096,118.63121976925532,529.327
1024,25,24,-52.391351934270915,118.63121976925532,525.178
1025,25,25,-43.39393349532936,118.63121976925532,520.759
1026,25,26,-34.39174075415797,118.63121976925532,516.387
1027,25,27,-25.38478907868237,118.63121976925532,512.373
1028,25,28,-16.37335167646937,118.63121976925532,508.998
1029,25,29,-7.357818722075297,118.63121976925532,506.482
1030,25,30,1.66128898257563,118.63121976925532,504.974
1031,25,31,10.683347328948003,118.63121976925532,504.533
1032,25,32,19.707662199067418,118.63121976925532,505.125
1033,25,33,28.733502762692687,118.63121976925532,506.63
1034,25,34,37.76009635467395,118.63120610887698,508.856
1035,25,35,46.78678215420901,118.63120610887698,511.555
1036,25,36,55.81285323671876,118.63120610887698,514.45
1037,25,37,64.83770171536709,118.63120610887698,517.265
1038,25,38,73.86078459011496,118.63120610887698,519.748
1039,25,39,82.88165448357175,118.63119244849865,521.698
1040,26,0,87.39112978872176,127.6311824536627,522.429
1041,26,1,83.59200781763141,-52.36874742321275,523.359
1042,26,2,74.57814569826306,-52.36875766849651,523.581
1043,26,3,65.56750059799377,-52.368761083591096,523.17
1044,26,4,56.560198875323216,-52.36876449868568,522.27
1045,26,5,47.556342983088925,-52.36876449868568,521.082
1046,26,6,38.55599097789885,-52.36876449868568,519.839
1047,26,7,29.55915652013134,-52.36876791378027,518.779
1048,26,8,20.565812289029697,-52.36876791378027,518.121
1049,26,9,11.575898520438699,-52.36876791378027,518.038
1050,26,10,2.5892815987826983,-52.36876791378027,518.641
1051,26,11,-6.394208376893905,-52.36876791378027,519.966
1052,26,12,-15.374841199063328,-52.36876791378027,521.965
1053,26,13,-24.352945570579376,-52.36876791378027,524.513
1054,26,14,-33.32892916835814,-52.36877132887485,527.415
1055,26,15,-42.30332645470216,-52.36877132887485,530.426
1056,26,16,-51.27671287304902,-52.36877132887485,533.273
1057,26,17,-60.24974070646446,-52.36877132887485,535.68
1058,26,18,-69.22314078518966,-52.36877474396943,537.395
1059,26,19,-78.19766784512791,-52.368781574158604,538.217
1060,26,20,-87.1740527165204,-52.36881914019904,538.012
1061,26,21,-83.84697877934799,127.6312507555544,536.733
1062,26,22,-74.86473360564761,127.63123709517608,534.421
1063,26,23,-65.87864303544454,127.63123709517608,531.208
1064,26,24,-56.888252861158925,127.63123709517608,527.305
1065,26,25,-47.89324889408898,127.63123709517608,522.982
1066,26,26,-38.893422813464994,127.63123709517608,518.547
1067,26,27,-29.888846336273268,127.63123709517608,514.317
1068,26,28,-20.879609962520302,127.63123709517608,510.59
1069,26,29,-11.866067154495642,127.63123709517608,507.621
1070,26,30,-2.8486746811000345,127.63123709517608,505.596
1071,26,31,6.171991160455303,127.63123709517608,504.62
1072,26,32,15.195268695594523,127.63123709517608,504.705
1073,26,33,24.220438193133838,127.63123709517608,505.774
1074,26,34,33.2467346718862,127.63122343479773,507.668
1075,26,35,42.27347511293462,127.63122343479773,510.163
1076,26,36,51.29993210113248,127.63122343479773,512.996
1077,26,37,60.32546701379239,127.63122343479773,515.884
1078,26,38,69.34949245464573,127.63122343479773,518.562
1079,26,39,78.37152348026142,127.63122343479773,520.799
1080,27,0,88.1000761038124,-43.36871643691367,522.984
1081,27,1,79.08468402206996,-43.3687779086162,523.556
1082,27,2,70.07241333677821,-43.368784738805374,523.447
1083,27,3,61.06342114228808,-43.368788153899956,522.769
1084,27,4,52.057837212193775,-43.368788153899956,521.698
1085,27,5,43.05572984838701,-43.368788153899956,520.452
1086,27,6,34.057129786719045,-43.368791568994546,519.272
1087,27,7,25.062050687568224,-43.368791568994546,518.388
1088,27,8,16.07043620187389,-43.368791568994546,517.999
1089,27,9,7.082186865006256,-43.368791568994546,518.25
1090,27,10,-1.9028358478087808,-43.368791568994546,519.215
1091,27,11,-10.884863522672767,-43.368791568994546,520.887
1092,27,12,-19.864177691445555,-43.368791568994546,523.181
1093,27,13,-28.841163619485013,-43.368791568994546,525.934
1094,27,14,-37.81629173607023,-43.36879498408913,528.923
1095,27,15,-46.79010504124022,-43.36879498408913,531.887
1096,27,16,-55.763231912398616,-43.36879498408913,534.548
1097,27,17,-64.73634853827326,-43.36879839918371,536.638
1098,27,18,-73.7102199000512,-43.3688018142783,537.928
1099,27,19,-82.68558024306819,-43.36881205956205,538.248
1100,27,20,-88.33683778120172,136.63129540223184,537.506
1101,27,21,-79.35630015479386,136.63122710034014,535.699
1102,27,22,-70.37220399982841,136.63121343996178,532.916
1103,27,23,-61.38400973136096,136.63121343996178,529.327
1104,27,24,-52.391351934270915,136.63121343996178,525.178
1105,27,25,-43.39393349532936,136.63121343996178,520.759
1106,27,26,-34.39174075415797,136.63121343996178,516.387
1107,27,27,-25.38478907868237,136.63121343996178,512.373
1108,27,28,-16.37335167646937,136.63121343996178,508.998
1109,27,29,-7.357818722075297,136.63121343996178,506.482
1110,27,30,1.66128898257563,136.63121343996178,504.974
1111,27,31,10.683347328948003,136.63121343996178,504.533
1112,27,32,19.707662199067418,136.63121343996178,505.125
1113,27,33,28.733502762692687,136.63121343996178,506.63
1114,27,34,37.76009635467395,136.63119977958345,508.856
1115,27,35,46.78678215420901,136.63119977958345,511.555
1116,27,36,55.81285323671876,136.63119977958345,514.45
1117,27,37,64.83770171536709,136.63119977958345,517.265
1118,27,38,73.86078459011496,136.63119977958345,519.748
1119,27,39,82.88165448357175,136.6311861192051,521.698
1120,28,0,87.39112978872176,145.63116246399082,522.429
1121,28,1,83.59200781763141,-34.36876741288463,523.359
1122,28,2,74.57814569826306,-34.36877765816838,523.581
1123,28,3,65.56750059799377,-34.36878107326297,523.17
1124,28,4,56.560198875323216,-34.368784488357555,522.27
1125,28,5,47.556342983088925,-34.368784488357555,521.082
1126,28,6,38.55599097789885,-34.368784488357555,519.839
1127,28,7,29.55915652013134,-34.368787903452144,518.779
1128,28,8,20.565812289029697,-34.368787903452144,518.121
1129,28,9,11.575898520438699,-34.368787903452144,518.038
1130,28,10,2.5892815987826983,-34.368787903452144,518.641
1131,28,11,-6.394208376893905,-34.368787903452144,519.966
1132,28,12,-15.374841199063328,-34.368787903452144,521.965
1133,28,13,-24.352945570579376,-34.368787903452144,524.513
1134,28,14,-33.32892916835814,-34.36879131854673,527.415
1135,28,15,-42.30332645470216,-34.36879131854673,530.426
1136,28,16,-51.27671287304902,-34.36879131854673,533.273
1137,28,17,-60.24974070646446,-34.36879131854673,535.68
1138,28,18,-69.22314078518966,-34.36879473364131,537.395
1139,28,19,-78.19766784512791,-34.36880156383048,538.217
1140,28,20,-87.1740527165204,-34.36883912987091,538.012
1141,28,21,-83.84697877934799,145.63123076588252,536.733
1142,28,22,-74.86473360564761,145.6312171055042,534.421
1143,28,23,-65.87864303544454,145.6312171055042,531.208
1144,28,24,-56.888252861158925,145.6312171055042,527.305
1145,28,25,-47.89324889408898,145.6312171055042,522.982
1146,28,26,-38.893422813464994,145.6312171055042,518.547
1147,28,27,-29.888846336273268,145.6312171055042,514.317
1148,28,28,-20.879609962520302,145.6312171055042,510.59
1149,28,29,-11.866067154495642,145.6312171055042,507.621
1150,28,30,-2.8486746811000345,145.6312171055042,505.596
1151,28,31,6.171991160455303,145.6312171055042,504.62
1152,28,32,15.195268695594523,145.6312171055042,504.705
1153,28,33,24.220438193133838,145.6312171055042,505.774
1154,28,34,33.2467346718862,145.63120344512586,507.668
1155,28,35,42.27347511293462,145.63120344512586,510.163
1156,28,36,51.29993210113248,145.63120344512586,512.996
1157,28,37,60.32546701379239,145.63120344512586,515.884
1158,28,38,69.34949245464573,145.63120344512586,518.562
1159,28,39,78.37152348026142,145.63120344512586,520.799
1160,29,0,88.1000761038124,-25.36870910582887,522.984
1161,29,1,79.08468402206996,-25.36877228507869,523.556
1162,29,2,70.07241333677821,-25.368777407720568,523.447
1163,29,3,61.06342114228808,-25.368779115267863,522.769
1164,29,4,52.057837212193775,-25.368780822815154,521.698
1165,29,5,43.05572984838701,-25.36878253036245,520.452
1166,29,6,34.057129786719045,-25.36878253036245,519.272
1167,29,7,25.062050687568224,-25.36878253036245,518.388
1168,29,8,16.07043620187389,-25.36878423790974,517.999
1169,29,9,7.082186865006256,-25.36878423790974,518.25
1170,29,10,-1.9028358478087808,-25.36878423790974,519.215
1171,29,11,-10.884863522672767,-25.36878423790974,520.887
1172,29,12,-19.864177691445555,-25.36878594545703,523.181
1173,29,13,-28.841163619485013,-25.36878594545703,525.934
1174,29,14,-37.81629173607023,-25.36878594545703,528.923
1175,29,15,-46.79010504124022,-25.368787653004325,531.887
1176,29,16,-55.763231912398616,-25.368787653004325,534.548
1177,29,17,-64.73634853827326,-25.368789360551617,536.638
1178,29,18,-73.7102199000512,-25.368792775646202,537.928
1179,29,19,-82.68558024306819,-25.36880472847725,538.248
1180,29,20,-88.33683778120172,154.63130273331663,537.506
1181,29,21,-79.35630015479386,154.63123443142493,535.699
1182,29,22,-70.37220399982841,154.6312207710466,532.916
1183,29,23,-61.38400973136096,154.6312207710466,529.327
1184,29,24,-52.391351934270915,154.6312207710466,525.178
1185,29,25,-43.39393349532936,154.6312207710466,520.759
1186,29,26,-34.39174075415797,154.6312207710466,516.387
1187,29,27,-25.38478907868237,154.6312207710466,512.373
1188,29,28,-16.37335167646937,154.6312207710466,508.998
1189,29,29,-7.357818722075297,154.6312207710466,506.482
1190,29,30,1.66128898257563,154.6312207710466,504.974
1191,29,31,10.683347328948003,154.6312207710466,504.533
1192,29,32,19.707662199067418,154.6312207710466,505.125
1193,29,33,28.733502762692687,154.6312207710466,506.63
1194,29,34,37.76009635467395,154.63120711066824,508.856
1195,29,35,46.78678215420901,154.63120711066824,511.555
1196,29,36,55.81285323671876,154.63120711066824,514.45
1197,29,37,64.83770171536709,154.63120711066824,517.265
1198,29,38,73.86078459011496,154.63120711066824,519.748
1199,29,39,82.88165448357175,154.6311934502899,521.698
1200,30,0,87.39112978872176,163.63116979507564,522.429
1201,30,1,83.59200781763141,-16.368758374252536,523.359
1202,30,2,74.57814569826306,-16.368772034630876,523.581
1203,30,3,65.56750059799377,-16.36877544972546,523.17
1204,30,4,56.560198875323216,-16.368777157272753,522.27
1205,30,5,47.556342983088925,-16.368778864820044,521.082
1206,30,6,38.55599097789885,-16.368778864820044,519.839
1207,30,7,29.55915652013134,-16.368778864820044,518.779
1208,30,8,20.565812289029697,-16.36878057236734,518.121
1209,30,9,11.575898520438699,-16.36878057236734,518.038
1210,30,10,2.5892815987826983,-16.36878057236734,518.641
1211,30,11,-6.394208376893905,-16.36878057236734,519.966
1212,30,12,-15.374841199063328,-16.36878227991463,521.965
1213,30,13,-24.352945570579376,-16.36878227991463,524.513
1214,30,14,-33.32892916835814,-16.36878227991463,527.415
1215,30,15,-42.30332645470216,-16.36878227991463,530.426
1216,30,16,-51.27671287304902,-16.368783987461924,533.273
1217,30,17,-60.24974070646446,-16.368785695009215,535.68
1218,30,18,-69.22314078518966,-16.368787402556507,537.395
1219,30,19,-78.19766784512791,-16.368792525198387,538.217
1220,30,20,-87.1740527165204,-16.368831798786115,538.012
1221,30,21,-83.84697877934799,163.63123809696734,536.733
1222,30,22,-74.86473360564761,163.631224436589,534.421
1223,30,23,-65.87864303544454,163.631224436589,531.208
1224,30,24,-56.888252861158925,163.631224436589,527.305
1225,30,25,-47.89324889408898,163.631224436589,522.982
1226,30,26,-38.893422813464994,163.631224436589,518.547
1227,30,27,-29.888846336273268,163.631224436589,514.317
1228,30,28,-20.879609962520302,163.631224436589,510.59
1229,30,29,-11.866067154495642,163.631224436589,507.621
1230,30,30,-2.8486746811000345,163.631224436589,505.596
1231,30,31,6.171991160455303,163.631224436589,504.62
1232,30,32,15.195268695594523,163.631224436589,504.705
1233,30,33,24.220438193133838,163.631224436589,505.774
1234,30,34,33.2467346718862,163.63121077621065,507.668
1235,30,35,42.27347511293462,163.63121077621065,510.163
1236,30,36,51.29993210113248,163.63121077621065,512.996
1237,30,37,60.32546701379239,163.63121077621065,515.884
1238,30,38,69.34949245464573,163.63121077621065,518.562
1239,30,39,78.37152348026142,163.63121077621065,520.799
1240,31,0,88.1000761038124,-7.368701774744066,522.984
1241,31,1,79.08468402206996,-7.368764100220242,523.556
1242,31,2,70.07241333677821,-7.368770076635767,523.447
1243,31,3,61.06342114228808,-7.368772637956705,522.769
1244,31,4,52.057837212193775,-7.368774345503998,521.698
1245,31,5,43.05572984838701,-7.368775199277644,520.452
1246,31,6,34.057129786719045,-7.368775199277644,519.272
1247,31,7,25.062050687568224,-7.36877605305129,518.388
1248,31,8,16.07043620187389,-7.36877605305129,517.999
1249,31,9,7.082186865006256,-7.3687769068249365,518.25
1250,31,10,-1.9028358478087808,-7.3687769068249365,519.215
1251,31,11,-10.884863522672767,-7.368777760598583,520.887
1252,31,12,-19.864177691445555,-7.368777760598583,523.181
1253,31,13,-28.841163619485013,-7.368778614372229,525.934
1254,31,14,-37.81629173607023,-7.368779468145875,528.923
1255,31,15,-46.79010504124022,-7.368779468145875,531.887
1256,31,16,-55.763231912398616,-7.368781175693168,534.548
1257,31,17,-64.73634853827326,-7.36878288324046,536.638
1258,31,18,-73.7102199000512,-7.368785444561399,537.928
1259,31,19,-82.68558024306819,-7.3687965436188,538.248
1260,31,20,-88.33683778120172,172.63131006440145,537.506
1261,31,21,-79.35630015479386,172.63124176250975,535.699
1262,31,22,-70.37220399982841,172.6312281021314,532.916
1263,31,23,-61.38400973136096,172.6312281021314,529.327
1264,31,24,-52.391351934270915,172.6312281021314,525.178
1265,31,25,-43.39393349532936,172.6312281021314,520.759
1266,31,26,-34.39174075415797,172.6312281021314,516.387
1267,31,27,-25.38478907868237,172.6312281021314,512.373
1268,31,28,-16.37335167646937,172.6312281021314,508.998
1269,31,29,-7.357818722075297,172.6312281021314,506.482
1270,31,30,1.66128898257563,172.6312281021314,504.974
1271,31,31,10.683347328948003,172.6312281021314,504.533
1272,31,32,19.707662199067418,172.6312281021314,505.125
1273,31,33,28.733502762692687,172.6312281021314,506.63
1274,31,34,37.76009635467395,172.63121444175306,508.856
1275,31,35,46.78678215420901,172.63121444175306,511.555
1276,31,36,55.81285323671876,172.63121444175306,514.45
1277,31,37,64.83770171536709,172.63121444175306,517.265
1278,31,38,73.86078459011496,172.63121444175306,519.748
1279,31,39,82.88165448357175,172.63120078137473,521.698
1280,32,0,87.39112978872176,-178.36883289175222,522.429
1281,32,1,83.59200781763141,1.631248850110562,523.359
1282,32,2,74.57814569826306,1.6312356166190451,523.581
1283,32,3,65.56750059799377,1.6312319880810486,523.17
1284,32,4,56.560198875323216,1.631230280533756,522.27
1285,32,5,47.556342983088925,1.6312292133166983,521.082
1286,32,6,38.55599097789885,1.6312284662647578,519.839
1287,32,7,29.55915652013134,1.631227932656229,518.779
1288,32,8,20.565812289029697,1.6312273990477,518.121
1289,32,9,11.575898520438699,1.6312269721608768,518.038
1290,32,10,2.5892815987826983,1.6312266519957594,518.641
1291,32,11,-6.394208376893905,1.6312262251089364,519.966
1292,32,12,-15.374841199063328,1.6312257982221132,521.965
1293,32,13,-24.352945570579376,1.63122537133529,524.513
1294,32,14,-33.32892916835814,1.6312248377267613,527.415
1295,32,15,-42.30332645470216,1.6312241973965265,530.426
1296,32,16,-51.27671287304902,1.6312233436228802,533.273
1297,32,17,-60.24974070646446,1.6312220629624108,535.68
1298,32,18,-69.22314078518966,1.6312199285282953,537.395
1299,32,19,-78.19766784512791,1.6312144857213005,538.217
1300,32,20,-87.1740527165204,1.6311757457421017,538.012
1301,32,21,-83.84697877934799,-178.3687509294822,536.733
1302,32,22,-74.86473360564761,-178.36876458986052,534.421
1303,32,23,-65.87864303544454,-178.36876458986052,531.208
1304,32,24,-56.888252861158925,-178.36876458986052,527.305
1305,32,25,-47.89324889408898,-178.36876458986052,522.982
1306,32,26,-38.893422813464994,-178.36877825023888,518.547
1307,32,27,-29.888846336273268,-178.36877825023888,514.317
1308,32,28,-20.879609962520302,-178.36877825023888,510.59
1309,32,29,-11.866067154495642,-178.36877825023888,507.621
1310,32,30,-2.8486746811000345,-178.36877825023888,505.596
1311,32,31,6.171991160455303,-178.36877825023888,504.62
1312,32,32,15.195268695594523,-178.36877825023888,504.705
1313,32,33,24.220438193133838,-178.36877825023888,505.774
1314,32,34,33.2467346718862,-178.36877825023888,507.668
1315,32,35,42.27347511293462,-178.36877825023888,510.163
1316,32,36,51.29993210113248,-178.36877825023888,512.996
1317,32,37,60.32546701379239,-178.36877825023888,515.884
1318,32,38,69.34949245464573,-178.36877825023888,518.562
1319,32,39,78.37152348026142,-178.3687919106172,520.799
1320,33,0,88.1000761038124,10.631305556340736,522.984
1321,33,1,79.08468402206996,10.63124323086456,523.556
1322,33,2,70.07241333677821,10.631237254449037,523.447
1323,33,3,61.06342114228808,10.631234693128098,522.769
1324,33,4,52.057837212193775,10.631232985580805,521.698
1325,33,5,43.05572984838701,10.63123213180716,520.452
1326,33,6,34.057129786719045,10.63123213180716,519.272
1327,33,7,25.062050687568224,10.631231278033514,518.388
1328,33,8,16.07043620187389,10.631231278033514,517.999
1329,33,9,7.082186865006256,10.631230424259867,518.25
1330,33,10,-1.9028358478087808,10.631230424259867,519.215
1331,33,11,-10.884863522672767,10.631229570486221,520.887
1332,33,12,-19.864177691445555,10.631229570486221,523.181
1333,33,13,-28.841163619485013,10.631228716712574,525.934
1334,33,14,-37.81629173607023,10.631227862938928,528.923
1335,33,15,-46.79010504124022,10.631227862938928,531.887
1336,33,16,-55.763231912398616,10.631226155391635,534.548
1337,33,17,-64.73634853827326,10.631224447844343,536.638
1338,33,18,-73.7102199000512,10.631221886523404,537.928
1339,33,19,-82.68558024306819,10.631210787466003,538.248
1340,33,20,-88.33683778120172,-169.36867896204808,537.506
1341,33,21,-79.35630015479386,-169.36876092431814,535.699
1342,33,22,-70.37220399982841,-169.36876092431814,532.916
1343,33,23,-61.38400973136096,-169.36876092431814,529.327
1344,33,24,-52.391351934270915,-169.36876092431814,525.178
1345,33,25,-43.39393349532936,-169.36876092431814,520.759
1346,33,26,-34.39174075415797,-169.36877458469647,516.387
1347,33,27,-25.38478907868237,-169.36877458469647,512.373
1348,33,28,-16.37335167646937,-169.36877458469647,508.998
1349,33,29,-7.357818722075297,-169.36877458469647,506.482
1350,33,30,1.66128898257563,-169.36877458469647,504.974
1351,33,31,10.683347328948003,-169.36877458469647,504.533
1352,33,32,19.707662199067418,-169.36877458469647,505.125
1353,33,33,28.733502762692687,-169.36877458469647,506.63
1354,33,34,37.76009635467395,-169.36877458469647,508.856
1355,33,35,46.78678215420901,-169.36877458469647,511.555
1356,33,36,55.81285323671876,-169.36877458469647,514.45
1357,33,37,64.83770171536709,-169.36877458469647,517.265
1358,33,38,73.86078459011496,-169.36877458469647,519.748
1359,33,39,82.88165448357175,-169.3687882450748,521.698
1360,34,0,87.39112978872176,-160.36885288142412,522.429
1361,34,1,83.59200781763141,19.631228967160393,523.359
1362,34,2,74.57814569826306,19.63121530678205,523.581
1363,34,3,65.56750059799377,19.631211891687467,523.17
1364,34,4,56.560198875323216,19.631210184140173,522.27
1365,34,5,47.556342983088925,19.63120847659288,521.082
1366,34,6,38.55599097789885,19.63120847659288,519.839
1367,34,7,29.55915652013134,19.63120847659288,518.779
1368,34,8,20.565812289029697,19.631206769045587,518.121
1369,34,9,11.575898520438699,19.631206769045587,518.038
1370,34,10,2.5892815987826983,19.631206769045587,518.641
1371,34,11,-6.394208376893905,19.631206769045587,519.966
1372,34,12,-15.374841199063328,19.631205061498296,521.965
1373,34,13,-24.352945570579376,19.631205061498296,524.513
1374,34,14,-33.32892916835814,19.631205061498296,527.415
1375,34,15,-42.30332645470216,19.631205061498296,530.426
1376,34,16,-51.27671287304902,19.631203353951005,533.273
1377,34,17,-60.24974070646446,19.63120164640371,535.68
1378,34,18,-69.22314078518966,19.63119993885642,537.395
1379,34,19,-78.19766784512791,19.631194816214542,538.217
1380,34,20,-87.1740527165204,19.631155542626814,538.012
1381,34,21,-83.84697877934799,-160.36877091915406,536.733
1382,34,22,-74.86473360564761,-160.36878457953242,534.421
1383,34,23,-65.87864303544454,-160.36878457953242,531.208
1384,34,24,-56.888252861158925,-160.36878457953242,527.305
1385,34,25,-47.89324889408898,-160.36878457953242,522.982
1386,34,26,-38.893422813464994,-160.36879823991075,518.547
1387,34,27,-29.888846336273268,-160.36879823991075,514.317
1388,34,28,-20.879609962520302,-160.36879823991075,510.59
1389,34,29,-11.866067154495642,-160.36879823991075,507.621
1390,34,30,-2.8486746811000345,-160.36879823991075,505.596
1391,34,31,6.171991160455303,-160.36879823991075,504.62
1392,34,32,15.195268695594523,-160.36879823991075,504.705
1393,34,33,24.220438193133838,-160.36879823991075,505.774
1394,34,34,33.2467346718862,-160.36879823991075,507.668
1395,34,35,42.27347511293462,-160.36879823991075,510.163
1396,34,36,51.29993210113248,-160.36879823991075,512.996
1397,34,37,60.32546701379239,-160.36879823991075,515.884
1398,34,38,69.34949245464573,-160.36879823991075,518.562
1399,34,39,78.37152348026142,-160.36881190028907,520.799
1400,35,0,88.1000761038124,28.63128556666886,522.984
1401,35,1,79.08468402206996,28.631222387419037,523.556
1402,35,2,70.07241333677821,28.63121726477716,523.447
1403,35,3,61.06342114228808,28.63121555722987,522.769
1404,35,4,52.057837212193775,28.631213849682574,521.698
1405,35,5,43.05572984838701,28.631212142135283,520.452
1406,35,6,34.057129786719045,28.631212142135283,519.272
1407,35,7,25.062050687568224,28.631212142135283,518.388
1408,35,8,16.07043620187389,28.63121043458799,517.999
1409,35,9,7.082186865006256,28.63121043458799,518.25
1410,35,10,-1.9028358478087808,28.63121043458799,519.215
1411,35,11,-10.884863522672767,28.63121043458799,520.887
1412,35,12,-19.864177691445555,28.631208727040697,523.181
1413,35,13,-28.841163619485013,28.631208727040697,525.934
1414,35,14,-37.81629173607023,28.631208727040697,528.923
1415,35,15,-46.79010504124022,28.631207019493406,531.887
1416,35,16,-55.763231912398616,28.631207019493406,534.548
1417,35,17,-64.73634853827326,28.63120531194611,536.638
1418,35,18,-73.7102199000512,28.63120189685153,537.928
1419,35,19,-82.68558024306819,28.63118994402048,538.248
1420,35,20,-88.33683778120172,-151.36869895171995,537.506
1421,35,21,-79.35630015479386,-151.36878091399,535.699
1422,35,22,-70.37220399982841,-151.36878091399,532.916
1423,35,23,-61.38400973136096,-151.36878091399,529.327
1424,35,24,-52.391351934270915,-151.36878091399,525.178
1425,35,25,-43.39393349532936,-151.36878091399,520.759
1426,35,26,-34.39174075415797,-151.36879457436834,516.387
1427,35,27,-25.38478907868237,-151.36879457436834,512.373
1428,35,28,-16.37335167646937,-151.36879457436834,508.998
1429,35,29,-7.357818722075297,-151.36879457436834,506.482
1430,35,30,1.66128898257563,-151.36879457436834,504.974
1431,35,31,10.683347328948003,-151.36879457436834,504.533
1432,35,32,19.707662199067418,-151.36879457436834,505.125
1433,35,33,28.733502762692687,-151.36879457436834,506.63
1434,35,34,37.76009635467395,-151.36879457436834,508.856
1435,35,35,46.78678215420901,-151.36879457436834,511.555
1436,35,36,55.81285323671876,-151.36879457436834,514.45
1437,35,37,64.83770171536709,-151.36879457436834,517.265
1438,35,38,73.86078459011496,-151.36879457436834,519.748
1439,35,39,82.88165448357175,-151.3688082347467,521.698
1440,36,0,87.39112978872176,-142.3688455503393,522.429
1441,36,1,83.59200781763141,37.6312345906979,523.359
1442,36,2,74.57814569826306,37.63122434541415,523.581
1443,36,3,65.56750059799377,37.631220930319564,523.17
1444,36,4,56.560198875323216,37.631217515224975,522.27
1445,36,5,47.556342983088925,37.631217515224975,521.082
1446,36,6,38.55599097789885,37.631217515224975,519.839
1447,36,7,29.55915652013134,37.63121410013039,518.779
1448,36,8,20.565812289029697,37.63121410013039,518.121
1449,36,9,11.575898520438699,37.63121410013039,518.038
1450,36,10,2.5892815987826983,37.63121410013039,518.641
1451,36,11,-6.394208376893905,37.63121410013039,519.966
1452,36,12,-15.374841199063328,37.63121410013039,521.965
1453,36,13,-24.352945570579376,37.63121410013039,524.513
1454,36,14,-33.32892916835814,37.6312106850358,527.415
1455,36,15,-42.30332645470216,37.6312106850358,530.426
1456,36,16,-51.27671287304902,37.6312106850358,533.273
1457,36,17,-60.24974070646446,37.6312106850358,535.68
1458,36,18,-69.22314078518966,37.63120726994122,537.395
1459,36,19,-78.19766784512791,37.63120043975205,538.217
1460,36,20,-87.1740527165204,37.63116287371162,538.012
1461,36,21,-83.84697877934799,-142.36876358806927,536.733
1462,36,22,-74.86473360564761,-142.3687772484476,534.421
1463,36,23,-65.87864303544454,-142.3687772484476,531.208
1464,36,24,-56.888252861158925,-142.3687772484476,527.305
1465,36,25,-47.89324889408898,-142.3687772484476,522.982
1466,36,26,-38.893422813464994,-142.36879090882593,518.547
1467,36,27,-29.888846336273268,-142.36879090882593,514.317
1468,36,28,-20.879609962520302,-142.36879090882593,510.59
1469,36,29,-11.866067154495642,-142.36879090882593,507.621
1470,36,30,-2.8486746811000345,-142.36879090882593,505.596
1471,36,31,6.171991160455303,-142.36879090882593,504.62
1472,36,32,15.195268695594523,-142.36879090882593,504.705
1473,36,33,24.220438193133838,-142.36879090882593,505.774
1474,36,34,33.2467346718862,-142.36879090882593,507.668
1475,36,35,42.27347511293462,-142.36879090882593,510.163
1476,36,36,51.29993210113248,-142.36879090882593,512.996
1477,36,37,60.32546701379239,-142.36879090882593,515.884
1478,36,38,69.34949245464573,-142.36879090882593,518.562
1479,36,39,78.37152348026142,-142.3688045692043,520.799
1480,37,0,88.1000761038124,46.63129289775367,522.984
1481,37,1,79.08468402206996,46.63123142605114,523.556
1482,37,2,70.07241333677821,46.631224595861966,523.447
1483,37,3,61.06342114228808,46.631221180767376,522.769
1484,37,4,52.057837212193775,46.631221180767376,521.698
1485,37,5,43.05572984838701,46.631221180767376,520.452
1486,37,6,34.057129786719045,46.631217765672794,519.272
1487,37,7,25.062050687568224,46.631217765672794,518.388
1488,37,8,16.07043620187389,46.631217765672794,517.999
1489,37,9,7.082186865006256,46.631217765672794,518.25
1490,37,10,-1.9028358478087808,46.631217765672794,519.215
1491,37,11,-10.884863522672767,46.631217765672794,520.887
1492,37,12,-19.864177691445555,46.631217765672794,523.181
1493,37,13,-28.841163619485013,46.631217765672794,525.934
1494,37,14,-37.81629173607023,46.63121435057821,528.923
1495,37,15,-46.79010504124022,46.63121435057821,531.887
1496,37,16,-55.763231912398616,46.63121435057821,534.548
1497,37,17,-64.73634853827326,46.63121093548362,536.638
1498,37,18,-73.7102199000512,46.63120752038904,537.928
1499,37,19,-82.68558024306819,46.631197275105286,538.248
1500,37,20,-88.33683778120172,-133.36869162063516,537.506
1501,37,21,-79.35630015479386,-133.3687735829052,535.699
1502,37,22,-70.37220399982841,-133.3687735829052,532.916
1503,37,23,-61.38400973136096,-133.3687735829052,529.327
1504,37,24,-52.391351934270915,-133.3687735829052,525.178
1505,37,25,-43.39393349532936,-133.3687735829052,520.759
1506,37,26,-34.39174075415797,-133.36878724328355,516.387
1507,37,27,-25.38478907868237,-133.36878724328355,512.373
1508,37,28,-16.37335167646937,-133.36878724328355,508.998
1509,37,29,-7.357818722075297,-133.36878724328355,506.482
1510,37,30,1.66128898257563,-133.36878724328355,504.974
1511,37,31,10.683347328948003,-133.36878724328355,504.533
1512,37,32,19.707662199067418,-133.36878724328355,505.125
1513,37,33,28.733502762692687,-133.36878724328355,506.63
1514,37,34,37.76009635467395,-133.36878724328355,508.856
1515,37,35,46.78678215420901,-133.36878724328355,511.555
1516,37,36,55.81285323671876,-133.36878724328355,514.45
1517,37,37,64.83770171536709,-133.36878724328355,517.265
1518,37,38,73.86078459011496,-133.36878724328355,519.748
1519,37,39,82.88165448357175,-133.36880090366188,521.698
1520,38,0,87.39112978872176,-124.3688382192545,522.429
1521,38,1,83.59200781763141,55.6312419217827,523.359
1522,38,2,74.57814569826306,55.63123167649895,523.581
1523,38,3,65.56750059799377,55.63122826140437,523.17
1524,38,4,56.560198875323216,55.63122484630978,522.27
1525,38,5,47.556342983088925,55.63122484630978,521.082
1526,38,6,38.55599097789885,55.63122484630978,519.839
1527,38,7,29.55915652013134,55.631221431215195,518.779
1528,38,8,20.565812289029697,55.631221431215195,518.121
1529,38,9,11.575898520438699,55.631221431215195,518.038
1530,38,10,2.5892815987826983,55.631221431215195,518.641
1531,38,11,-6.394208376893905,55.631221431215195,519.966
1532,38,12,-15.374841199063328,55.631221431215195,521.965
1533,38,13,-24.352945570579376,55.631221431215195,524.513
1534,38,14,-33.32892916835814,55.63121801612061,527.415
1535,38,15,-42.30332645470216,55.63121801612061,530.426
1536,38,16,-51.27671287304902,55.63121801612061,533.273
1537,38,17,-60.24974070646446,55.63121801612061,535.68
1538,38,18,-69.22314078518966,55.631214601026024,537.395
1539,38,19,-78.19766784512791,55.63120777083685,538.217
1540,38,20,-87.1740527165204,55.63117020479642,538.012
1541,38,21,-83.84697877934799,-124.36875625698445,536.733
1542,38,22,-74.86473360564761,-124.3687699173628,534.421
1543,38,23,-65.87864303544454,-124.3687699173628,531.208
1544,38,24,-56.888252861158925,-124.3687699173628,527.305
1545,38,25,-47.89324889408898,-124.3687699173628,522.982
1546,38,26,-38.893422813464994,-124.36878357774114,518.547
1547,38,27,-29.888846336273268,-124.36878357774114,514.317
1548,38,28,-20.879609962520302,-124.36878357774114,510.59
1549,38,29,-11.866067154495642,-124.36878357774114,507.621
1550,38,30,-2.8486746811000345,-124.36878357774114,505.596
1551,38,31,6.171991160455303,-124.36878357774114,504.62
1552,38,32,15.195268695594523,-124.36878357774114,504.705
1553,38,33,24.220438193133838,-124.36878357774114,505.774
1554,38,34,33.2467346718862,-124.36878357774114,507.668
1555,38,35,42.27347511293462,-124.36878357774114,510.163
1556,38,36,51.29993210113248,-124.36878357774114,512.996
1557,38,37,60.32546701379239,-124.36878357774114,515.884
1558,38,38,69.34949245464573,-124.36878357774114,518.562
1559,38,39,78.37152348026142,-124.36879723811948,520.799
1560,39,0,88.1000761038124,64.63130022883847,522.984
1561,39,1,79.08468402206996,64.63123875713593,523.556
1562,39,2,70.07241333677821,64.63123192694677,523.447
1563,39,3,61.06342114228808,64.63123192694677,522.769
1564,39,4,52.057837212193775,64.6312250967576,521.698
1565,39,5,43.05572984838701,64.6312250967576,520.452
1566,39,6,34.057129786719045,64.6312250967576,519.272
1567,39,7,25.062050687568224,64.6312250967576,518.388
1568,39,8,16.07043620187389,64.6312250967576,517.999
1569,39,9,7.082186865006256,64.6312250967576,518.25
1570,39,10,-1.9028358478087808,64.6312250967576,519.215
1571,39,11,-10.884863522672767,64.6312250967576,520.887
1572,39,12,-19.864177691445555,64.6312250967576,523.181
1573,39,13,-28.841163619485013,64.6312250967576,525.934
1574,39,14,-37.81629173607023,64.6312250967576,528.923
1575,39,15,-46.79010504124022,64.6312250967576,531.887
1576,39,16,-55.763231912398616,64.63121826656842,534.548
1577,39,17,-64.73634853827326,64.63121826656842,536.638
1578,39,18,-73.7102199000512,64.63121826656842,537.928
1579,39,19,-82.68558024306819,64.63120460619008,538.248
1580,39,20,-88.33683778120172,-115.36868428955036,537.506
1581,39,21,-79.35630015479386,-115.3687662518204,535.699
1582,39,22,-70.37220399982841,-115.3687662518204,532.916
1583,39,23,-61.38400973136096,-115.3687662518204,529.327
1584,39,24,-52.391351934270915,-115.3687662518204,525.178
1585,39,25,-43.39393349532936,-115.3687662518204,520.759
1586,39,26,-34.39174075415797,-115.36877991219873,516.387
1587,39,27,-25.38478907868237,-115.36877991219873,512.373
1588,39,28,-16.37335167646937,-115.36877991219873,508.998
1589,39,29,-7.357818722075297,-115.36877991219873,506.482
1590,39,30,1.66128898257563,-115.36877991219873,504.974
1591,39,31,10.683347328948003,-115.36877991219873,504.533
1592,39,32,19.707662199067418,-115.36877991219873,505.125
1593,39,33,28.733502762692687,-115.36877991219873,506.63
1594,39,34,37.76009635467395,-115.36877991219873,508.856
1595,39,35,46.78678215420901,-115.36877991219873,511.555
1596,39,36,55.81285323671876,-115.36877991219873,514.45
1597,39,37,64.83770171536709,-115.36877991219873,517.265
1598,39,38,73.86078459011496,-115.36877991219873,519.748
1599,39,39,82.88165448357175,-115.36879357257708,521.698
