0,0,0,22.70344293319025,-102.10714801591858,505.529
1,0,1,31.72962671382131,-102.10714801591858,507.298
2,0,2,40.756353494491385,-102.10714801591858,509.709
3,0,3,49.782912935526795,-102.10714801591858,512.504
4,0,4,58.80865275386181,-102.10714801591858,515.402
5,0,5,67.83297872303862,-102.10715484610775,518.132
6,0,6,76.85538540905867,-102.10715484610775,520.457
7,0,7,85.87543567981506,-102.10718216686443,522.197
8,0,8,85.10719649253953,77.89288431379444,523.248
9,0,9,76.09280844860508,77.89286382322692,523.586
10,0,10,67.08158961244553,77.89286382322692,523.273
11,0,11,58.0737107387901,77.89285699303775,522.442
12,0,12,49.06925720500343,77.89285699303775,521.288
13,0,13,40.06829731297723,77.89285699303775,520.038
14,0,14,31.07087545894109,77.89285699303775,518.932
15,0,15,22.076938708928953,77.89285699303775,518.193
16,0,16,13.086445228032147,77.89285699303775,518.005
17,0,17,4.099295978507709,77.89285699303775,518.489
18,0,18,-4.88470967645123,77.89285699303775,519.694
19,0,19,-13.86579969440822,77.89285699303775,521.588
20,0,20,-22.844296801801544,77.89285016284859,524.056
21,0,21,-31.820594588282123,77.89285016284859,526.915
22,0,22,-40.79521385577417,77.89285016284859,529.927
23,0,23,-49.76871638733692,77.89285016284859,532.822
24,0,24,-58.74175105094153,77.89285016284859,535.322
25,0,25,-67.7150213560725,77.89285016284859,537.17
26,0,26,-76.68930252920063,77.89284333265941,538.153
27,0,27,-85.6652844194321,77.8928228420919,538.127
28,0,28,-85.35623201986736,-102.10711386497273,537.028
29,0,29,-76.37459473300314,-102.10713435554024,534.882
30,0,30,-67.38920084209539,-102.1071411857294,531.808
31,0,31,-58.399572233902234,-102.1071411857294,528.003
32,0,32,-49.405360568776004,-102.1071411857294,523.73
33,0,33,-40.40636777123076,-102.1071411857294,519.29
34,0,34,-31.402597256361098,-102.1071411857294,515.003
35,0,35,-22.394127571342466,-102.1071411857294,511.172
36,0,36,-13.381284003934088,-102.10714801591858,508.06
37,0,37,-4.3645032593560185,-102.10714801591858,505.866
38,0,38,4.655656721313914,-102.10714801591858,504.709
39,0,39,13.67854578944409,-102.10714801591858,504.617
40,1,0,27.216422125384476,-93.10714435037617,506.318
41,1,1,36.24296790604154,-93.10714435037617,508.438
42,1,2,45.269694686711624,-93.10714435037617,511.076
43,1,3,54.295919448477704,-93.10715118056535,513.958
44,1,4,63.3210240592199,-93.10715118056535,516.804
45,1,5,72.34444844342627,-93.10715118056535,519.358
46,1,6,81.36572814823327,-93.10716484094368,521.409
47,1,7,89.61552432590898,86.89322948879534,522.812
48,1,8,80.59961997997878,86.89286748876933,523.504
49,1,9,71.5867892191751,86.89286065858016,523.504
50,1,10,62.577230118983856,86.89286065858016,522.911
51,1,11,53.57104854733718,86.89286065858016,521.892
52,1,12,44.56834354197803,86.89286065858016,520.66
53,1,13,35.56915266894686,86.89285382839098,519.452
54,1,14,26.573470805601787,86.89285382839098,518.504
55,1,15,17.58126721609154,86.89285382839098,518.021
56,1,16,8.592456523051496,86.89285382839098,518.158
57,1,17,-0.39308816562651777,86.89285382839098,519.002
58,1,18,-9.37560089064328,86.89285382839098,520.56
59,1,19,-18.35534963020201,86.89285382839098,522.76
60,1,20,-27.33268389788914,86.89285382839098,525.45
61,1,21,-36.30808009939928,86.89285382839098,528.418
62,1,22,-45.282064159298514,86.89285382839098,531.407
63,1,23,-54.25524908706486,86.89285382839098,534.138
64,1,24,-63.22830424123698,86.89284699820182,536.342
65,1,25,-72.20199801809649,86.89284699820182,537.78
66,1,26,-81.17701685165498,86.89284016801264,538.272
67,1,27,-89.84583147453264,-93.10621544464905,537.712
68,1,28,-80.86584709344754,-93.10713068999783,536.08
69,1,29,-71.88239980645325,-93.10713752018701,533.451
70,1,30,-62.894943198416165,-93.10713752018701,529.982
71,1,31,-53.90305379760774,-93.10714435037617,525.907
72,1,32,-44.90646522665035,-93.10714435037617,521.511
73,1,33,-35.905064787422674,-93.10714435037617,517.108
74,1,34,-26.898931027100186,-93.10714435037617,513.013
75,1,35,-17.88822787022296,-93.10714435037617,509.512
76,1,36,-8.873353175310148,-93.10714435037617,506.838
77,1,37,0.1451934132922072,-93.10714435037617,505.154
78,1,38,9.166803715263283,-93.10714435037617,504.532
79,1,39,18.190793297623475,-93.10714435037617,504.955
80,2,0,22.70344293319025,-84.10714751502294,505.529
81,2,1,31.72962671382131,-84.10714751502294,507.298
82,2,2,40.756353494491385,-84.10714751502294,509.709
83,2,3,49.782912935526795,-84.10714751502294,512.504
84,2,4,58.80865275386181,-84.10714751502294,515.402
85,2,5,67.83297872303862,-84.10715434521211,518.132
86,2,6,76.85538540905867,-84.10715434521211,520.457
87,2,7,85.87543567981506,-84.1071816659688,522.197
88,2,8,85.10719649253953,95.89288481469006,523.248
89,2,9,76.09280844860508,95.89286432412256,523.586
90,2,10,67.08158961244553,95.89286432412256,523.273
91,2,11,58.0737107387901,95.89285749393339,522.442
92,2,12,49.06925720500343,95.89285749393339,521.288
93,2,13,40.06829731297723,95.89285749393339,520.038
94,2,14,31.07087545894109,95.89285749393339,518.932
95,2,15,22.076938708928953,95.89285749393339,518.193
96,2,16,13.086445228032147,95.89285749393339,518.005
97,2,17,4.099295978507709,95.89285749393339,518.489
98,2,18,-4.88470967645123,95.89285749393339,519.694
99,2,19,-13.86579969440822,95.89285749393339,521.588
100,2,20,-22.844296801801544,95.89285066374421,524.056
101,2,21,-31.820594588282123,95.89285066374421,526.915
102,2,22,-40.79521385577417,95.89285066374421,529.927
103,2,23,-49.76871638733692,95.89285066374421,532.822
104,2,24,-58.74175105094153,95.89285066374421,535.322
105,2,25,-67.7150213560725,95.89285066374421,537.17
106,2,26,-76.68930252920063,95.89284383355505,538.153
107,2,27,-85.6652844194321,95.89282334298754,538.127
108,2,28,-85.35623201986736,-84.1071133640771,537.028
109,2,29,-76.37459473300314,-84.1071338546446,534.882
110,2,30,-67.38920084209539,-84.10714068483378,531.808
111,2,31,-58.399572233902234,-84.10714068483378,528.003
112,2,32,-49.405360568776004,-84.10714068483378,523.73
113,2,33,-40.40636777123076,-84.10714068483378,519.29
114,2,34,-31.402597256361098,-84.10714068483378,515.003
115,2,35,-22.394127571342466,-84.10714068483378,511.172
116,2,36,-13.381284003934088,-84.10714751502294,508.06
117,2,37,-4.3645032593560185,-84.10714751502294,505.866
118,2,38,4.655656721313914,-84.10714751502294,504.709
119,2,39,13.67854578944409,-84.10714751502294,504.617
120,3,0,27.216422125384476,-75.10714384948055,506.318
121,3,1,36.24296790604154,-75.10714384948055,508.438
122,3,2,45.269694686711624,-75.10714384948055,511.076
123,3,3,54.295919448477704,-75.10715067966972,513.958
124,3,4,63.3210240592199,-75.10715067966972,516.804
125,3,5,72.34444844342627,-75.10715067966972,519.358
126,3,6,81.36572814823327,-75.10716434004806,521.409
127,3,7,89.61552432590898,104.89322998969097,522.812
128,3,8,80.59961997997878,104.89286798966496,523.504
129,3,9,71.5867892191751,104.89286115947579,523.504
130,3,10,62.577230118983856,104.89286115947579,522.911
131,3,11,53.57104854733718,104.89286115947579,521.892
132,3,12,44.56834354197803,104.89286115947579,520.66
133,3,13,35.56915266894686,104.89285432928662,519.452
134,3,14,26.573470805601787,104.89285432928662,518.504
135,3,15,17.58126721609154,104.89285432928662,518.021
136,3,16,8.592456523051496,104.89285432928662,518.158
137,3,17,-0.39308816562651777,104.89285432928662,519.002
138,3,18,-9.37560089064328,104.89285432928662,520.56
139,3,19,-18.35534963020201,104.89285432928662,522.76
140,3,20,-27.33268389788914,104.89285432928662,525.45
141,3,21,-36.30808009939928,104.89285432928662,528.418
142,3,22,-45.282064159298514,104.89285432928662,531.407
143,3,23,-54.25524908706486,104.89285432928662,534.138
144,3,24,-63.22830424123698,104.89284749909746,536.342
145,3,25,-72.20199801809649,104.89284749909746,537.78
146,3,26,-81.17701685165498,104.89284066890828,538.272
147,3,27,-89.84583147453264,-75.10621494375343,537.712
148,3,28,-80.86584709344754,-75.10713018910221,536.08
149,3,29,-71.88239980645325,-75.10713701929137,533.451
150,3,30,-62.894943198416165,-75.10713701929137,529.982
151,3,31,-53.90305379760774,-75.10714384948055,525.907
152,3,32,-44.90646522665035,-75.10714384948055,521.511
153,3,33,-35.905064787422674,-75.10714384948055,517.108
154,3,34,-26.898931027100186,-75.10714384948055,513.013
155,3,35,-17.88822787022296,-75.10714384948055,509.512
156,3,36,-8.873353175310148,-75.10714384948055,506.838
157,3,37,0.1451934132922072,-75.10714384948055,505.154
158,3,38,9.166803715263283,-75.10714384948055,504.532
159,3,39,18.190793297623475,-75.10714384948055,504.955
160,4,0,22.70344293319025,-66.1071470141273,505.529
161,4,1,31.72962671382131,-66.1071470141273,507.298
162,4,2,40.756353494491385,-66.1071470141273,509.709
163,4,3,49.782912935526795,-66.1071470141273,512.504
164,4,4,58.80865275386181,-66.1071470141273,515.402
165,4,5,67.83297872303862,-66.10715384431649,518.132
166,4,6,76.85538540905867,-66.10715384431649,520.457
167,4,7,85.87543567981506,-66.10718116507316,522.197
168,4,8,85.10719649253953,113.8928853155857,523.248
169,4,9,76.09280844860508,113.8928648250182,523.586
170,4,10,67.08158961244553,113.8928648250182,523.273
171,4,11,58.0737107387901,113.89285799482901,522.442
172,4,12,49.06925720500343,113.89285799482901,521.288
173,4,13,40.06829731297723,113.89285799482901,520.038
174,4,14,31.07087545894109,113.89285799482901,518.932
175,4,15,22.076938708928953,113.89285799482901,518.193
176,4,16,13.086445228032147,113.89285799482901,518.005
177,4,17,4.099295978507709,113.89285799482901,518.489
178,4,18,-4.88470967645123,113.89285799482901,519.694
179,4,19,-13.86579969440822,113.89285799482901,521.588
180,4,20,-22.844296801801544,113.89285116463985,524.056
181,4,21,-31.820594588282123,113.89285116463985,526.915
182,4,22,-40.79521385577417,113.89285116463985,529.927
183,4,23,-49.76871638733692,113.89285116463985,532.822
184,4,24,-58.74175105094153,113.89285116463985,535.322
185,4,25,-67.7150213560725,113.89285116463985,537.17
186,4,26,-76.68930252920063,113.89284433445069,538.153
187,4,27,-85.6652844194321,113.89282384388318,538.127
188,4,28,-85.35623201986736,-66.10711286318146,537.028
189,4,29,-76.37459473300314,-66.10713335374898,534.882
190,4,30,-67.38920084209539,-66.10714018393814,531.808
191,4,31,-58.399572233902234,-66.10714018393814,528.003
192,4,32,-49.405360568776004,-66.10714018393814,523.73
193,4,33,-40.40636777123076,-66.10714018393814,519.29
194,4,34,-31.402597256361098,-66.10714018393814,515.003
195,4,35,-22.394127571342466,-66.10714018393814,511.172
196,4,36,-13.381284003934088,-66.1071470141273,508.06
197,4,37,-4.3645032593560185,-66.1071470141273,505.866
198,4,38,4.655656721313914,-66.1071470141273,504.709
199,4,39,13.67854578944409,-66.1071470141273,504.617
200,5,0,27.216422125384476,-57.107146763679495,506.318
201,5,1,36.24296790604154,-57.107146763679495,508.438
202,5,2,45.269694686711624,-57.107146763679495,511.076
203,5,3,54.295919448477704,-57.107146763679495,513.958
204,5,4,63.3210240592199,-57.10715017877408,516.804
205,5,5,72.34444844342627,-57.10715359386867,519.358
206,5,6,81.36572814823327,-57.10716042405784,521.409
207,5,7,89.61552432590898,122.8932304905866,522.812
208,5,8,80.59961997997878,122.89287532074977,523.504
209,5,9,71.5867892191751,122.89286166037142,523.504
210,5,10,62.577230118983856,122.89286166037142,522.911
211,5,11,53.57104854733718,122.89286166037142,521.892
212,5,12,44.56834354197803,122.89286166037142,520.66
213,5,13,35.56915266894686,122.89286166037142,519.452
214,5,14,26.573470805601787,122.89286166037142,518.504
215,5,15,17.58126721609154,122.89286166037142,518.021
216,5,16,8.592456523051496,122.89286166037142,518.158
217,5,17,-0.39308816562651777,122.89286166037142,519.002
218,5,18,-9.37560089064328,122.89286166037142,520.56
219,5,19,-18.35534963020201,122.89286166037142,522.76
220,5,20,-27.33268389788914,122.89284799999308,525.45
221,5,21,-36.30808009939928,122.89284799999308,528.418
222,5,22,-45.282064159298514,122.89284799999308,531.407
223,5,23,-54.25524908706486,122.89284799999308,534.138
224,5,24,-63.22830424123698,122.89284799999308,536.342
225,5,25,-72.20199801809649,122.89284799999308,537.78
226,5,26,-81.17701685165498,122.89283433961474,538.272
227,5,27,-89.84583147453264,-57.10621444285779,537.712
228,5,28,-80.86584709344754,-57.10712968820657,536.08
229,5,29,-71.88239980645325,-57.10713651839574,533.451
230,5,30,-62.894943198416165,-57.10713993349032,529.982
231,5,31,-53.90305379760774,-57.10713993349032,525.907
232,5,32,-44.90646522665035,-57.10714334858491,521.511
233,5,33,-35.905064787422674,-57.10714334858491,517.108
234,5,34,-26.898931027100186,-57.10714334858491,513.013
235,5,35,-17.88822787022296,-57.10714334858491,509.512
236,5,36,-8.873353175310148,-57.10714334858491,506.838
237,5,37,0.1451934132922072,-57.10714334858491,505.154
238,5,38,9.166803715263283,-57.10714334858491,504.532
239,5,39,18.190793297623475,-57.10714334858491,504.955
240,6,0,22.70344293319025,-48.107146513231676,505.529
241,6,1,31.72962671382131,-48.107146513231676,507.298
242,6,2,40.756353494491385,-48.107146513231676,509.709
243,6,3,49.782912935526795,-48.107146513231676,512.504
244,6,4,58.80865275386181,-48.107146513231676,515.402
245,6,5,67.83297872303862,-48.107149928326265,518.132
246,6,6,76.85538540905867,-48.10715334342085,520.457
247,6,7,85.87543567981506,-48.107177249082945,522.197
248,6,8,85.10719649253953,131.89287898629217,523.248
249,6,9,76.09280844860508,131.89286532591382,523.586
250,6,10,67.08158961244553,131.89286532591382,523.273
251,6,11,58.0737107387901,131.89286532591382,522.442
252,6,12,49.06925720500343,131.89286532591382,521.288
253,6,13,40.06829731297723,131.8928516655355,520.038
254,6,14,31.07087545894109,131.8928516655355,518.932
255,6,15,22.076938708928953,131.8928516655355,518.193
256,6,16,13.086445228032147,131.8928516655355,518.005
257,6,17,4.099295978507709,131.8928516655355,518.489
258,6,18,-4.88470967645123,131.8928516655355,519.694
259,6,19,-13.86579969440822,131.8928516655355,521.588
260,6,20,-22.844296801801544,131.8928516655355,524.056
261,6,21,-31.820594588282123,131.8928516655355,526.915
262,6,22,-40.79521385577417,131.8928516655355,529.927
263,6,23,-49.76871638733692,131.8928516655355,532.822
264,6,24,-58.74175105094153,131.8928516655355,535.322
265,6,25,-67.7150213560725,131.8928516655355,537.17
266,6,26,-76.68930252920063,131.8928516655355,538.153
267,6,27,-85.6652844194321,131.8928243447788,538.127
268,6,28,-85.35623201986736,-48.10711236228583,537.028
269,6,29,-76.37459473300314,-48.10713285285334,534.882
270,6,30,-67.38920084209539,-48.10713626794792,531.808
271,6,31,-58.399572233902234,-48.10713968304251,528.003
272,6,32,-49.405360568776004,-48.10713968304251,523.73
273,6,33,-40.40636777123076,-48.107143098137094,519.29
274,6,34,-31.402597256361098,-48.107143098137094,515.003
275,6,35,-22.394127571342466,-48.107143098137094,511.172
276,6,36,-13.381284003934088,-48.107143098137094,508.06
277,6,37,-4.3645032593560185,-48.107143098137094,505.866
278,6,38,4.655656721313914,-48.107143098137094,504.709
279,6,39,13.67854578944409,-48.107143098137094,504.617
280,7,0,27.216422125384476,-39.107149677878446,506.318
281,7,1,36.24296790604154,-39.107149677878446,508.438
282,7,2,45.269694686711624,-39.107149677878446,511.076
283,7,3,54.295919448477704,-39.107149677878446,513.958
284,7,4,63.3210240592199,-39.107153092973036,516.804
285,7,5,72.34444844342627,-39.10715650806762,519.358
286,7,6,81.36572814823327,-39.10716333825679,521.409
287,7,7,89.61552432590898,140.89322416129306,522.812
288,7,8,80.59961997997878,140.89286899145623,523.504
289,7,9,71.5867892191751,140.8928553310779,523.504
290,7,10,62.577230118983856,140.8928553310779,522.911
291,7,11,53.57104854733718,140.8928553310779,521.892
292,7,12,44.56834354197803,140.8928553310779,520.66
293,7,13,35.56915266894686,140.8928553310779,519.452
294,7,14,26.573470805601787,140.8928553310779,518.504
295,7,15,17.58126721609154,140.8928553310779,518.021
296,7,16,8.592456523051496,140.8928553310779,518.158
297,7,17,-0.39308816562651777,140.8928553310779,519.002
298,7,18,-9.37560089064328,140.8928553310779,520.56
299,7,19,-18.35534963020201,140.8928553310779,522.76
300,7,20,-27.33268389788914,140.8928553310779,525.45
301,7,21,-36.30808009939928,140.8928553310779,528.418
302,7,22,-45.282064159298514,140.8928553310779,531.407
303,7,23,-54.25524908706486,140.8928553310779,534.138
304,7,24,-63.22830424123698,140.89284167069954,536.342
305,7,25,-72.20199801809649,140.89284167069954,537.78
306,7,26,-81.17701685165498,140.89284167069954,538.272
307,7,27,-89.84583147453264,-39.10621735705674,537.712
308,7,28,-80.86584709344754,-39.10713260240552,536.08
309,7,29,-71.88239980645325,-39.10713943259469,533.451
310,7,30,-62.894943198416165,-39.107142847689275,529.982
311,7,31,-53.90305379760774,-39.107142847689275,525.907
312,7,32,-44.90646522665035,-39.107146262783864,521.511
313,7,33,-35.905064787422674,-39.107146262783864,517.108
314,7,34,-26.898931027100186,-39.107146262783864,513.013
315,7,35,-17.88822787022296,-39.107146262783864,509.512
316,7,36,-8.873353175310148,-39.107146262783864,506.838
317,7,37,0.1451934132922072,-39.107146262783864,505.154
318,7,38,9.166803715263283,-39.107146262783864,504.532
319,7,39,18.190793297623475,-39.107146262783864,504.955
320,8,0,22.70344293319025,-30.107146012336045,505.529
321,8,1,31.72962671382131,-30.107146012336045,507.298
322,8,2,40.756353494491385,-30.107146012336045,509.709
323,8,3,49.782912935526795,-30.107146012336045,512.504
324,8,4,58.80865275386181,-30.107146012336045,515.402
325,8,5,67.83297872303862,-30.10714942743063,518.132
326,8,6,76.85538540905867,-30.107152842525217,520.457
327,8,7,85.87543567981506,-30.10717674818731,522.197
328,8,8,85.10719649253953,149.89288631737696,523.248
329,8,9,76.09280844860508,149.89287265699863,523.586
330,8,10,67.08158961244553,149.89285899662028,523.273
331,8,11,58.0737107387901,149.89285899662028,522.442
332,8,12,49.06925720500343,149.89285899662028,521.288
333,8,13,40.06829731297723,149.89285899662028,520.038
334,8,14,31.07087545894109,149.89285899662028,518.932
335,8,15,22.076938708928953,149.89285899662028,518.193
336,8,16,13.086445228032147,149.89285899662028,518.005
337,8,17,4.099295978507709,149.89285899662028,518.489
338,8,18,-4.88470967645123,149.89285899662028,519.694
339,8,19,-13.86579969440822,149.89285899662028,521.588
340,8,20,-22.844296801801544,149.89285899662028,524.056
341,8,21,-31.820594588282123,149.89285899662028,526.915
342,8,22,-40.79521385577417,149.89285899662028,529.927
343,8,23,-49.76871638733692,149.89285899662028,532.822
344,8,24,-58.74175105094153,149.89285899662028,535.322
345,8,25,-67.7150213560725,149.89284533624195,537.17
346,8,26,-76.68930252920063,149.89284533624195,538.153
347,8,27,-85.6652844194321,149.89281801548526,538.127
348,8,28,-85.35623201986736,-30.107111861390194,537.028
349,8,29,-76.37459473300314,-30.107132351957706,534.882
350,8,30,-67.38920084209539,-30.10713576705229,531.808
351,8,31,-58.399572233902234,-30.107139182146877,528.003
352,8,32,-49.405360568776004,-30.107139182146877,523.73
353,8,33,-40.40636777123076,-30.10714259724146,519.29
354,8,34,-31.402597256361098,-30.10714259724146,515.003
355,8,35,-22.394127571342466,-30.10714259724146,511.172
356,8,36,-13.381284003934088,-30.10714259724146,508.06
357,8,37,-4.3645032593560185,-30.10714259724146,505.866
358,8,38,4.655656721313914,-30.10714259724146,504.709
359,8,39,13.67854578944409,-30.10714259724146,504.617
360,9,0,27.216422125384476,-21.10714746943552,506.318
361,9,1,36.24296790604154,-21.107149176982816,508.438
362,9,2,45.269694686711624,-21.107149176982816,511.076
363,9,3,54.295919448477704,-21.107150884530107,513.958
364,9,4,63.3210240592199,-21.107150884530107,516.804
365,9,5,72.34444844342627,-21.107154299624693,519.358
366,9,6,81.36572814823327,-21.107162837361155,521.409
367,9,7,89.61552432590898,158.89323149237788,522.812
368,9,8,80.59961997997878,158.89286266216268,523.504
369,9,9,71.5867892191751,158.89286266216268,523.504
370,9,10,62.577230118983856,158.89286266216268,522.911
371,9,11,53.57104854733718,158.89286266216268,521.892
372,9,12,44.56834354197803,158.89286266216268,520.66
373,9,13,35.56915266894686,158.89284900178436,519.452
374,9,14,26.573470805601787,158.89284900178436,518.504
375,9,15,17.58126721609154,158.89284900178436,518.021
376,9,16,8.592456523051496,158.89284900178436,518.158
377,9,17,-0.39308816562651777,158.89284900178436,519.002
378,9,18,-9.37560089064328,158.89284900178436,520.56
379,9,19,-18.35534963020201,158.89284900178436,522.76
380,9,20,-27.33268389788914,158.89284900178436,525.45
381,9,21,-36.30808009939928,158.89284900178436,528.418
382,9,22,-45.282064159298514,158.89284900178436,531.407
383,9,23,-54.25524908706486,158.89284900178436,534.138
384,9,24,-63.22830424123698,158.89284900178436,536.342
385,9,25,-72.20199801809649,158.89284900178436,537.78
386,9,26,-81.17701685165498,158.892835341406,538.272
387,9,27,-89.84583147453264,-21.106215148613813,537.712
388,9,28,-80.86584709344754,-21.107130393962596,536.08
389,9,29,-71.88239980645325,-21.10713893169906,533.451
390,9,30,-62.894943198416165,-21.107142346793644,529.982
391,9,31,-53.90305379760774,-21.107142346793644,525.907
392,9,32,-44.90646522665035,-21.107144054340935,521.511
393,9,33,-35.905064787422674,-21.107144054340935,517.108
394,9,34,-26.898931027100186,-21.10714576188823,513.013
395,9,35,-17.88822787022296,-21.10714576188823,509.512
396,9,36,-8.873353175310148,-21.10714576188823,506.838
397,9,37,0.1451934132922072,-21.10714576188823,505.154
398,9,38,9.166803715263283,-21.10714746943552,504.532
399,9,39,18.190793297623475,-21.10714746943552,504.955
400,10,0,22.70344293319025,-12.10714380389312,505.529
401,10,1,31.72962671382131,-12.107144657666765,507.298
402,10,2,40.756353494491385,-12.107144657666765,509.709
403,10,3,49.782912935526795,-12.107145511440413,512.504
404,10,4,58.80865275386181,-12.107147218987706,515.402
405,10,5,67.83297872303862,-12.107148926534997,518.132
406,10,6,76.85538540905867,-12.107154049176875,520.457
407,10,7,85.87543567981506,-12.10717795483897,522.197
408,10,8,85.10719649253953,167.89287998808342,523.248
409,10,9,76.09280844860508,167.8928663277051,523.586
410,10,10,67.08158961244553,167.8928663277051,523.273
411,10,11,58.0737107387901,167.8928663277051,522.442
412,10,12,49.06925720500343,167.8928663277051,521.288
413,10,13,40.06829731297723,167.89285266732676,520.038
414,10,14,31.07087545894109,167.89285266732676,518.932
415,10,15,22.076938708928953,167.89285266732676,518.193
416,10,16,13.086445228032147,167.89285266732676,518.005
417,10,17,4.099295978507709,167.89285266732676,518.489
418,10,18,-4.88470967645123,167.89285266732676,519.694
419,10,19,-13.86579969440822,167.89285266732676,521.588
420,10,20,-22.844296801801544,167.89285266732676,524.056
421,10,21,-31.820594588282123,167.89285266732676,526.915
422,10,22,-40.79521385577417,167.89285266732676,529.927
423,10,23,-49.76871638733692,167.89285266732676,532.822
424,10,24,-58.74175105094153,167.89285266732676,535.322
425,10,25,-67.7150213560725,167.89285266732676,537.17
426,10,26,-76.68930252920063,167.89285266732676,538.153
427,10,27,-85.6652844194321,167.89282534657008,538.127
428,10,28,-85.35623201986736,-12.10711221426821,537.028
429,10,29,-76.37459473300314,-12.107132704835719,534.882
430,10,30,-67.38920084209539,-12.10713697370395,531.808
431,10,31,-58.399572233902234,-12.107138681251243,528.003
432,10,32,-49.405360568776004,-12.107140388798534,523.73
433,10,33,-40.40636777123076,-12.107140388798534,519.29
434,10,34,-31.402597256361098,-12.107141242572181,515.003
435,10,35,-22.394127571342466,-12.107142096345827,511.172
436,10,36,-13.381284003934088,-12.107142096345827,508.06
437,10,37,-4.3645032593560185,-12.107142950119474,505.866
438,10,38,4.655656721313914,-12.107142950119474,504.709
439,10,39,13.67854578944409,-12.10714380389312,504.617
440,11,0,27.216422125384476,-3.1071473954267113,506.318
441,11,1,36.24296790604154,-3.1071478223135345,508.438
442,11,2,45.269694686711624,-3.1071486760871805,511.076
443,11,3,54.295919448477704,-3.107149529860827,513.958
444,11,4,63.3210240592199,-3.107151023964708,516.804
445,11,5,72.34444844342627,-3.1071540121724697,519.358
446,11,6,81.36572814823327,-3.1071625499089324,521.409
447,11,7,89.61552432590898,176.89322516308434,522.812
448,11,8,80.59961997997878,176.8928699932475,523.504
449,11,9,71.5867892191751,176.89285633286914,523.504
450,11,10,62.577230118983856,176.89285633286914,522.911
451,11,11,53.57104854733718,176.89285633286914,521.892
452,11,12,44.56834354197803,176.89285633286914,520.66
453,11,13,35.56915266894686,176.89285633286914,519.452
454,11,14,26.573470805601787,176.89285633286914,518.504
455,11,15,17.58126721609154,176.89285633286914,518.021
456,11,16,8.592456523051496,176.89285633286914,518.158
457,11,17,-0.39308816562651777,176.89285633286914,519.002
458,11,18,-9.37560089064328,176.89285633286914,520.56
459,11,19,-18.35534963020201,176.89285633286914,522.76
460,11,20,-27.33268389788914,176.89285633286914,525.45
461,11,21,-36.30808009939928,176.89285633286914,528.418
462,11,22,-45.282064159298514,176.89285633286914,531.407
463,11,23,-54.25524908706486,176.89285633286914,534.138
464,11,24,-63.22830424123698,176.89284267249081,536.342
465,11,25,-72.20199801809649,176.89284267249081,537.78
466,11,26,-81.17701685165498,176.89284267249081,538.272
467,11,27,-89.84583147453264,-3.1062146477181813,537.712
468,11,28,-80.86584709344754,-3.1071305333971977,536.08
469,11,29,-71.88239980645325,-3.1071384308034258,533.451
470,11,30,-62.894943198416165,-3.107141205567776,529.982
471,11,31,-53.90305379760774,-3.1071426996716567,525.907
472,11,32,-44.90646522665035,-3.107143553445303,521.511
473,11,33,-35.905064787422674,-3.1071441937755377,517.108
474,11,34,-26.898931027100186,-3.1071448341057724,513.013
475,11,35,-17.88822787022296,-3.1071452609925956,509.512
476,11,36,-8.873353175310148,-3.107145687879419,506.838
477,11,37,0.1451934132922072,-3.107146114766242,505.154
478,11,38,9.166803715263283,-3.107146541653065,504.532
479,11,39,18.190793297623475,-3.107146968539888,504.955
480,12,0,22.70344293319025,5.892856697002514,505.529
481,12,1,31.72962671382131,5.892855843228867,507.298
482,12,2,40.756353494491385,5.892855416342044,509.709
483,12,3,49.782912935526795,5.892854562568398,512.504
484,12,4,58.80865275386181,5.892853281907929,515.402
485,12,5,67.83297872303862,5.892851574360636,518.132
486,12,6,76.85538540905867,5.892846878605582,520.457
487,12,7,85.87543567981506,5.8928229729434864,522.197
488,12,8,85.10719649253953,-174.1071090383661,523.248
489,12,9,76.09280844860508,-174.10713635912276,523.586
490,12,10,67.08158961244553,-174.10713635912276,523.273
491,12,11,58.0737107387901,-174.10713635912276,522.442
492,12,12,49.06925720500343,-174.10713635912276,521.288
493,12,13,40.06829731297723,-174.10713635912276,520.038
494,12,14,31.07087545894109,-174.10713635912276,518.932
495,12,15,22.076938708928953,-174.10713635912276,518.193
496,12,16,13.086445228032147,-174.10713635912276,518.005
497,12,17,4.099295978507709,-174.10713635912276,518.489
498,12,18,-4.88470967645123,-174.10713635912276,519.694
499,12,19,-13.86579969440822,-174.10713635912276,521.588
500,12,20,-22.844296801801544,-174.10715001950112,524.056
501,12,21,-31.820594588282123,-174.10715001950112,526.915
502,12,22,-40.79521385577417,-174.10715001950112,529.927
503,12,23,-49.76871638733692,-174.10715001950112,532.822
504,12,24,-58.74175105094153,-174.10715001950112,535.322
505,12,25,-67.7150213560725,-174.10715001950112,537.17
506,12,26,-76.68930252920063,-174.10715001950112,538.153
507,12,27,-85.6652844194321,-174.1071773402578,538.127
508,12,28,-85.35623201986736,5.892888286627425,537.028
509,12,29,-76.37459473300314,5.892867796059915,534.882
510,12,30,-67.38920084209539,5.892863527191683,531.808
511,12,31,-58.399572233902234,5.892861819644391,528.003
512,12,32,-49.405360568776004,5.892860538983922,523.73
513,12,33,-40.40636777123076,5.892859685210276,519.29
514,12,34,-31.402597256361098,5.892859258323452,515.003
515,12,35,-22.394127571342466,5.892858831436629,511.172
516,12,36,-13.381284003934088,5.8928584045498065,508.06
517,12,37,-4.3645032593560185,5.892857977662983,505.866
518,12,38,4.655656721313914,5.89285755077616,504.709
519,12,39,13.67854578944409,5.892857123889336,504.617
520,13,0,27.216422125384476,14.892860362544916,506.318
521,13,1,36.24296790604154,14.892858654997623,508.438
522,13,2,45.269694686711624,14.892858654997623,511.076
523,13,3,54.295919448477704,14.89285694745033,513.958
524,13,4,63.3210240592199,14.89285694745033,516.804
525,13,5,72.34444844342627,14.892853532355746,519.358
526,13,6,81.36572814823327,14.892844994619283,521.409
527,13,7,89.61552432590898,-165.1067638633652,522.812
528,13,8,80.59961997997878,-165.10711903320203,523.504
529,13,9,71.5867892191751,-165.10713269358038,523.504
530,13,10,62.577230118983856,-165.10713269358038,522.911
531,13,11,53.57104854733718,-165.10713269358038,521.892
532,13,12,44.56834354197803,-165.10713269358038,520.66
533,13,13,35.56915266894686,-165.10713269358038,519.452
534,13,14,26.573470805601787,-165.10713269358038,518.504
535,13,15,17.58126721609154,-165.10713269358038,518.021
536,13,16,8.592456523051496,-165.10713269358038,518.158
537,13,17,-0.39308816562651777,-165.10713269358038,519.002
538,13,18,-9.37560089064328,-165.10713269358038,520.56
539,13,19,-18.35534963020201,-165.1071463539587,522.76
540,13,20,-27.33268389788914,-165.1071463539587,525.45
541,13,21,-36.30808009939928,-165.1071463539587,528.418
542,13,22,-45.282064159298514,-165.1071463539587,531.407
543,13,23,-54.25524908706486,-165.1071463539587,534.138
544,13,24,-63.22830424123698,-165.1071463539587,536.342
545,13,25,-72.20199801809649,-165.1071463539587,537.78
546,13,26,-81.17701685165498,-165.10716001433704,538.272
547,13,27,-89.84583147453264,14.893792683366621,537.712
548,13,28,-80.86584709344754,14.892877438017841,536.08
549,13,29,-71.88239980645325,14.892868900281378,533.451
550,13,30,-62.894943198416165,14.892865485186793,529.982
551,13,31,-53.90305379760774,14.892865485186793,525.907
552,13,32,-44.90646522665035,14.8928637776395,521.511
553,13,33,-35.905064787422674,14.8928637776395,517.108
554,13,34,-26.898931027100186,14.892862070092209,513.013
555,13,35,-17.88822787022296,14.892862070092209,509.512
556,13,36,-8.873353175310148,14.892862070092209,506.838
557,13,37,0.1451934132922072,14.892862070092209,505.154
558,13,38,9.166803715263283,14.892860362544916,504.532
559,13,39,18.190793297623475,14.892860362544916,504.955
560,14,0,22.70344293319025,23.892850367708977,505.529
561,14,1,31.72962671382131,23.892850367708977,507.298
562,14,2,40.756353494491385,23.892848660161686,509.709
563,14,3,49.782912935526795,23.892848660161686,512.504
564,14,4,58.80865275386181,23.89284695261439,515.402
565,14,5,67.83297872303862,23.8928452450671,518.132
566,14,6,76.85538540905867,23.892840122425223,520.457
567,14,7,85.87543567981506,23.892816216763126,522.197
568,14,8,85.10719649253953,-156.10711536765962,523.248
569,14,9,76.09280844860508,-156.1071426884163,523.586
570,14,10,67.08158961244553,-156.1071426884163,523.273
571,14,11,58.0737107387901,-156.1071426884163,522.442
572,14,12,49.06925720500343,-156.1071426884163,521.288
573,14,13,40.06829731297723,-156.1071426884163,520.038
574,14,14,31.07087545894109,-156.1071426884163,518.932
575,14,15,22.076938708928953,-156.1071426884163,518.193
576,14,16,13.086445228032147,-156.1071426884163,518.005
577,14,17,4.099295978507709,-156.1071426884163,518.489
578,14,18,-4.88470967645123,-156.1071426884163,519.694
579,14,19,-13.86579969440822,-156.1071426884163,521.588
580,14,20,-22.844296801801544,-156.10715634879466,524.056
581,14,21,-31.820594588282123,-156.10715634879466,526.915
582,14,22,-40.79521385577417,-156.10715634879466,529.927
583,14,23,-49.76871638733692,-156.10715634879466,532.822
584,14,24,-58.74175105094153,-156.10715634879466,535.322
585,14,25,-67.7150213560725,-156.10715634879466,537.17
586,14,26,-76.68930252920063,-156.10715634879466,538.153
587,14,27,-85.6652844194321,-156.10718366955132,538.127
588,14,28,-85.35623201986736,23.892882811107533,537.028
589,14,29,-76.37459473300314,23.892862320540026,534.882
590,14,30,-67.38920084209539,23.892857197898145,531.808
591,14,31,-58.399572233902234,23.892855490350854,528.003
592,14,32,-49.405360568776004,23.892853782803563,523.73
593,14,33,-40.40636777123076,23.892853782803563,519.29
594,14,34,-31.402597256361098,23.89285207525627,515.003
595,14,35,-22.394127571342466,23.89285207525627,511.172
596,14,36,-13.381284003934088,23.89285207525627,508.06
597,14,37,-4.3645032593560185,23.89285207525627,505.866
598,14,38,4.655656721313914,23.892850367708977,504.709
599,14,39,13.67854578944409,23.892850367708977,504.617
600,15,0,27.216422125384476,32.892852325704084,506.318
601,15,1,36.24296790604154,32.892852325704084,508.438
602,15,2,45.269694686711624,32.892852325704084,511.076
603,15,3,54.295919448477704,32.892852325704084,513.958
604,15,4,63.3210240592199,32.8928489106095,516.804
605,15,5,72.34444844342627,32.89284549551492,519.358
606,15,6,81.36572814823327,32.89283866532575,521.409
607,15,7,89.61552432590898,-147.10677019265873,522.812
608,15,8,80.59961997997878,-147.10712536249557,523.504
609,15,9,71.5867892191751,-147.1071390228739,523.504
610,15,10,62.577230118983856,-147.1071390228739,522.911
611,15,11,53.57104854733718,-147.1071390228739,521.892
612,15,12,44.56834354197803,-147.1071390228739,520.66
613,15,13,35.56915266894686,-147.1071390228739,519.452
614,15,14,26.573470805601787,-147.1071390228739,518.504
615,15,15,17.58126721609154,-147.1071390228739,518.021
616,15,16,8.592456523051496,-147.1071390228739,518.158
617,15,17,-0.39308816562651777,-147.1071390228739,519.002
618,15,18,-9.37560089064328,-147.1071390228739,520.56
619,15,19,-18.35534963020201,-147.10715268325225,522.76
620,15,20,-27.33268389788914,-147.10715268325225,525.45
621,15,21,-36.30808009939928,-147.10715268325225,528.418
622,15,22,-45.282064159298514,-147.10715268325225,531.407
623,15,23,-54.25524908706486,-147.10715268325225,534.138
624,15,24,-63.22830424123698,-147.10715268325225,536.342
625,15,25,-72.20199801809649,-147.10715268325225,537.78
626,15,26,-81.17701685165498,-147.10716634363058,538.272
627,15,27,-89.84583147453264,32.893784646525795,537.712
628,15,28,-80.86584709344754,32.89286940117701,536.08
629,15,29,-71.88239980645325,32.892862570987845,533.451
630,15,30,-62.894943198416165,32.892859155893255,529.982
631,15,31,-53.90305379760774,32.892859155893255,525.907
632,15,32,-44.90646522665035,32.89285574079867,521.511
633,15,33,-35.905064787422674,32.89285574079867,517.108
634,15,34,-26.898931027100186,32.89285574079867,513.013
635,15,35,-17.88822787022296,32.89285574079867,509.512
636,15,36,-8.873353175310148,32.89285574079867,506.838
637,15,37,0.1451934132922072,32.89285574079867,505.154
638,15,38,9.166803715263283,32.89285574079867,504.532
639,15,39,18.190793297623475,32.89285574079867,504.955
640,16,0,22.70344293319025,41.892855991246485,505.529
641,16,1,31.72962671382131,41.892855991246485,507.298
642,16,2,40.756353494491385,41.892855991246485,509.709
643,16,3,49.782912935526795,41.892855991246485,512.504
644,16,4,58.80865275386181,41.892855991246485,515.402
645,16,5,67.83297872303862,41.8928525761519,518.132
646,16,6,76.85538540905867,41.89284916105732,520.457
647,16,7,85.87543567981506,41.89282525539522,522.197
648,16,8,85.10719649253953,-138.10710803657483,523.248
649,16,9,76.09280844860508,-138.10713535733152,523.586
650,16,10,67.08158961244553,-138.10713535733152,523.273
651,16,11,58.0737107387901,-138.10713535733152,522.442
652,16,12,49.06925720500343,-138.10713535733152,521.288
653,16,13,40.06829731297723,-138.10713535733152,520.038
654,16,14,31.07087545894109,-138.10713535733152,518.932
655,16,15,22.076938708928953,-138.10713535733152,518.193
656,16,16,13.086445228032147,-138.10713535733152,518.005
657,16,17,4.099295978507709,-138.10713535733152,518.489
658,16,18,-4.88470967645123,-138.10713535733152,519.694
659,16,19,-13.86579969440822,-138.10713535733152,521.588
660,16,20,-22.844296801801544,-138.10714901770984,524.056
661,16,21,-31.820594588282123,-138.10714901770984,526.915
662,16,22,-40.79521385577417,-138.10714901770984,529.927
663,16,23,-49.76871638733692,-138.10714901770984,532.822
664,16,24,-58.74175105094153,-138.10714901770984,535.322
665,16,25,-67.7150213560725,-138.10714901770984,537.17
666,16,26,-76.68930252920063,-138.10714901770984,538.153
667,16,27,-85.6652844194321,-138.10717633846653,538.127
668,16,28,-85.35623201986736,41.892890142192336,537.028
669,16,29,-76.37459473300314,41.89286965162483,534.882
670,16,30,-67.38920084209539,41.892866236530246,531.808
671,16,31,-58.399572233902234,41.892862821435656,528.003
672,16,32,-49.405360568776004,41.892862821435656,523.73
673,16,33,-40.40636777123076,41.892859406341074,519.29
674,16,34,-31.402597256361098,41.892859406341074,515.003
675,16,35,-22.394127571342466,41.892859406341074,511.172
676,16,36,-13.381284003934088,41.892859406341074,508.06
677,16,37,-4.3645032593560185,41.892859406341074,505.866
678,16,38,4.655656721313914,41.892859406341074,504.709
679,16,39,13.67854578944409,41.892859406341074,504.617
680,17,0,27.216422125384476,50.89284599641055,506.318
681,17,1,36.24296790604154,50.89284599641055,508.438
682,17,2,45.269694686711624,50.89284599641055,511.076
683,17,3,54.295919448477704,50.89284599641055,513.958
684,17,4,63.3210240592199,50.89284258131597,516.804
685,17,5,72.34444844342627,50.89283916622138,519.358
686,17,6,81.36572814823327,50.89283233603221,521.409
687,17,7,89.61552432590898,-129.10677652195227,522.812
688,17,8,80.59961997997878,-129.1071316917891,523.504
689,17,9,71.5867892191751,-129.10714535216744,523.504
690,17,10,62.577230118983856,-129.10714535216744,522.911
691,17,11,53.57104854733718,-129.10714535216744,521.892
692,17,12,44.56834354197803,-129.10714535216744,520.66
693,17,13,35.56915266894686,-129.10714535216744,519.452
694,17,14,26.573470805601787,-129.10714535216744,518.504
695,17,15,17.58126721609154,-129.10714535216744,518.021
696,17,16,8.592456523051496,-129.10714535216744,518.158
697,17,17,-0.39308816562651777,-129.10714535216744,519.002
698,17,18,-9.37560089064328,-129.10714535216744,520.56
699,17,19,-18.35534963020201,-129.1071590125458,522.76
700,17,20,-27.33268389788914,-129.1071590125458,525.45
701,17,21,-36.30808009939928,-129.1071590125458,528.418
702,17,22,-45.282064159298514,-129.1071590125458,531.407
703,17,23,-54.25524908706486,-129.1071590125458,534.138
704,17,24,-63.22830424123698,-129.1071590125458,536.342
705,17,25,-72.20199801809649,-129.1071590125458,537.78
706,17,26,-81.17701685165498,-129.10717267292412,538.272
707,17,27,-89.84583147453264,50.893778317232254,537.712
708,17,28,-80.86584709344754,50.892863071883475,536.08
709,17,29,-71.88239980645325,50.892856241694304,533.451
710,17,30,-62.894943198416165,50.89285282659972,529.982
711,17,31,-53.90305379760774,50.89285282659972,525.907
712,17,32,-44.90646522665035,50.89284941150513,521.511
713,17,33,-35.905064787422674,50.89284941150513,517.108
714,17,34,-26.898931027100186,50.89284941150513,513.013
715,17,35,-17.88822787022296,50.89284941150513,509.512
716,17,36,-8.873353175310148,50.89284941150513,506.838
717,17,37,0.1451934132922072,50.89284941150513,505.154
718,17,38,9.166803715263283,50.89284941150513,504.532
719,17,39,18.190793297623475,50.89284941150513,504.955
720,18,0,22.70344293319025,59.89284966195295,505.529
721,18,1,31.72962671382131,59.89284966195295,507.298
722,18,2,40.756353494491385,59.89284966195295,509.709
723,18,3,49.782912935526795,59.89284966195295,512.504
724,18,4,58.80865275386181,59.89284966195295,515.402
725,18,5,67.83297872303862,59.89284283176378,518.132
726,18,6,76.85538540905867,59.89284283176378,520.457
727,18,7,85.87543567981506,59.8928155110071,522.197
728,18,8,85.10719649253953,-120.10711436586837,523.248
729,18,9,76.09280844860508,-120.10714168662504,523.586
730,18,10,67.08158961244553,-120.10714168662504,523.273
731,18,11,58.0737107387901,-120.10714168662504,522.442
732,18,12,49.06925720500343,-120.10714168662504,521.288
733,18,13,40.06829731297723,-120.10714168662504,520.038
734,18,14,31.07087545894109,-120.10714168662504,518.932
735,18,15,22.076938708928953,-120.10714168662504,518.193
736,18,16,13.086445228032147,-120.10714168662504,518.005
737,18,17,4.099295978507709,-120.10714168662504,518.489
738,18,18,-4.88470967645123,-120.10714168662504,519.694
739,18,19,-13.86579969440822,-120.10714168662504,521.588
740,18,20,-22.844296801801544,-120.10715534700338,524.056
741,18,21,-31.820594588282123,-120.10715534700338,526.915
742,18,22,-40.79521385577417,-120.10715534700338,529.927
743,18,23,-49.76871638733692,-120.10715534700338,532.822
744,18,24,-58.74175105094153,-120.10715534700338,535.322
745,18,25,-67.7150213560725,-120.10715534700338,537.17
746,18,26,-76.68930252920063,-120.10715534700338,538.153
747,18,27,-85.6652844194321,-120.10718266776006,538.127
748,18,28,-85.35623201986736,59.8928838128988,537.028
749,18,29,-76.37459473300314,59.892863322331294,534.882
750,18,30,-67.38920084209539,59.89285649214212,531.808
751,18,31,-58.399572233902234,59.89285649214212,528.003
752,18,32,-49.405360568776004,59.89285649214212,523.73
753,18,33,-40.40636777123076,59.89285649214212,519.29
754,18,34,-31.402597256361098,59.89285649214212,515.003
755,18,35,-22.394127571342466,59.89285649214212,511.172
756,18,36,-13.381284003934088,59.89284966195295,508.06
757,18,37,-4.3645032593560185,59.89284966195295,505.866
758,18,38,4.655656721313914,59.89284966195295,504.709
759,18,39,13.67854578944409,59.89284966195295,504.617
760,19,0,27.216422125384476,68.89285332749536,506.318
761,19,1,36.24296790604154,68.89285332749536,508.438
762,19,2,45.269694686711624,68.89285332749536,511.076
763,19,3,54.295919448477704,68.89285332749536,513.958
764,19,4,63.3210240592199,68.89285332749536,516.804
765,19,5,72.34444844342627,68.89284649730618,519.358
766,19,6,81.36572814823327,68.89283966711702,521.409
767,19,7,89.61552432590898,-111.10676919086745,522.812
768,19,8,80.59961997997878,-111.10713119089347,523.504
769,19,9,71.5867892191751,-111.10713802108265,523.504
770,19,10,62.577230118983856,-111.10713802108265,522.911
771,19,11,53.57104854733718,-111.10713802108265,521.892
772,19,12,44.56834354197803,-111.10714485127181,520.66
773,19,13,35.56915266894686,-111.10714485127181,519.452
774,19,14,26.573470805601787,-111.10714485127181,518.504
775,19,15,17.58126721609154,-111.10714485127181,518.021
776,19,16,8.592456523051496,-111.10714485127181,518.158
777,19,17,-0.39308816562651777,-111.10714485127181,519.002
778,19,18,-9.37560089064328,-111.10714485127181,520.56
779,19,19,-18.35534963020201,-111.10714485127181,522.76
780,19,20,-27.33268389788914,-111.10714485127181,525.45
781,19,21,-36.30808009939928,-111.10714485127181,528.418
782,19,22,-45.282064159298514,-111.10714485127181,531.407
783,19,23,-54.25524908706486,-111.10714485127181,534.138
784,19,24,-63.22830424123698,-111.10715168146098,536.342
785,19,25,-72.20199801809649,-111.10715168146098,537.78
786,19,26,-81.17701685165498,-111.10715851165016,538.272
787,19,27,-89.84583147453264,68.89378906341165,537.712
788,19,28,-80.86584709344754,68.89287381806287,536.08
789,19,29,-71.88239980645325,68.89286698787369,533.451
790,19,30,-62.894943198416165,68.89286015768452,529.982
791,19,31,-53.90305379760774,68.89286015768452,525.907
792,19,32,-44.90646522665035,68.89286015768452,521.511
793,19,33,-35.905064787422674,68.89286015768452,517.108
794,19,34,-26.898931027100186,68.89286015768452,513.013
795,19,35,-17.88822787022296,68.89286015768452,509.512
796,19,36,-8.873353175310148,68.89285332749536,506.838
797,19,37,0.1451934132922072,68.89285332749536,505.154
798,19,38,9.166803715263283,68.89285332749536,504.532
799,19,39,18.190793297623475,68.89285332749536,504.955
800,20,0,22.70344293319025,77.89285699303775,505.529
801,20,1,31.72962671382131,77.89285699303775,507.298
802,20,2,40.756353494491385,77.89285699303775,509.709
803,20,3,49.782912935526795,77.89285699303775,512.504
804,20,4,58.80865275386181,77.89285699303775,515.402
805,20,5,67.83297872303862,77.89285016284859,518.132
806,20,6,76.85538540905867,77.89285016284859,520.457
807,20,7,85.87543567981506,77.8928228420919,522.197
808,20,8,85.10719649253953,-102.10711386497273,523.248
809,20,9,76.09280844860508,-102.10712752535107,523.586
810,20,10,67.08158961244553,-102.10713435554024,523.273
811,20,11,58.0737107387901,-102.10713435554024,522.442
812,20,12,49.06925720500343,-102.10713435554024,521.288
813,20,13,40.06829731297723,-102.1071411857294,520.038
814,20,14,31.07087545894109,-102.1071411857294,518.932
815,20,15,22.076938708928953,-102.1071411857294,518.193
816,20,16,13.086445228032147,-102.1071411857294,518.005
817,20,17,4.099295978507709,-102.1071411857294,518.489
818,20,18,-4.88470967645123,-102.1071411857294,519.694
819,20,19,-13.86579969440822,-102.1071411857294,521.588
820,20,20,-22.844296801801544,-102.1071411857294,524.056
821,20,21,-31.820594588282123,-102.1071411857294,526.915
822,20,22,-40.79521385577417,-102.1071411857294,529.927
823,20,23,-49.76871638733692,-102.1071411857294,532.822
824,20,24,-58.74175105094153,-102.1071411857294,535.322
825,20,25,-67.7150213560725,-102.10714801591858,537.17
826,20,26,-76.68930252920063,-102.10714801591858,538.153
827,20,27,-85.6652844194321,-102.10717533667525,538.127
828,20,28,-85.35623201986736,77.8928911439836,537.028
829,20,29,-76.37459473300314,77.8928706534161,534.882
830,20,30,-67.38920084209539,77.89286382322692,531.808
831,20,31,-58.399572233902234,77.89286382322692,528.003
832,20,32,-49.405360568776004,77.89286382322692,523.73
833,20,33,-40.40636777123076,77.89286382322692,519.29
834,20,34,-31.402597256361098,77.89286382322692,515.003
835,20,35,-22.394127571342466,77.89286382322692,511.172
836,20,36,-13.381284003934088,77.89285699303775,508.06
837,20,37,-4.3645032593560185,77.89285699303775,505.866
838,20,38,4.655656721313914,77.89285699303775,504.709
839,20,39,13.67854578944409,77.89285699303775,504.617
840,21,0,27.216422125384476,86.89284699820182,506.318
841,21,1,36.24296790604154,86.89284699820182,508.438
842,21,2,45.269694686711624,86.89284699820182,511.076
843,21,3,54.295919448477704,86.89284699820182,513.958
844,21,4,63.3210240592199,86.89284699820182,516.804
845,21,5,72.34444844342627,86.89284016801264,519.358
846,21,6,81.36572814823327,86.89283333782348,521.409
847,21,7,89.61552432590898,-93.106775520161,522.812
848,21,8,80.59961997997878,-93.10713752018701,523.504
849,21,9,71.5867892191751,-93.10714435037617,523.504
850,21,10,62.577230118983856,-93.10714435037617,522.911
851,21,11,53.57104854733718,-93.10714435037617,521.892
852,21,12,44.56834354197803,-93.10715118056535,520.66
853,21,13,35.56915266894686,-93.10715118056535,519.452
854,21,14,26.573470805601787,-93.10715118056535,518.504
855,21,15,17.58126721609154,-93.10715118056535,518.021
856,21,16,8.592456523051496,-93.10715118056535,518.158
857,21,17,-0.39308816562651777,-93.10715118056535,519.002
858,21,18,-9.37560089064328,-93.10715118056535,520.56
859,21,19,-18.35534963020201,-93.10715118056535,522.76
860,21,20,-27.33268389788914,-93.10715118056535,525.45
861,21,21,-36.30808009939928,-93.10715118056535,528.418
862,21,22,-45.282064159298514,-93.10715118056535,531.407
863,21,23,-54.25524908706486,-93.10715118056535,534.138
864,21,24,-63.22830424123698,-93.10715801075452,536.342
865,21,25,-72.20199801809649,-93.10715801075452,537.78
866,21,26,-81.17701685165498,-93.10716484094368,538.272
867,21,27,-89.84583147453264,86.8937827341181,537.712
868,21,28,-80.86584709344754,86.89286748876933,536.08
869,21,29,-71.88239980645325,86.89286065858016,533.451
870,21,30,-62.894943198416165,86.89285382839098,529.982
871,21,31,-53.90305379760774,86.89285382839098,525.907
872,21,32,-44.90646522665035,86.89285382839098,521.511
873,21,33,-35.905064787422674,86.89285382839098,517.108
874,21,34,-26.898931027100186,86.89285382839098,513.013
875,21,35,-17.88822787022296,86.89285382839098,509.512
876,21,36,-8.873353175310148,86.89284699820182,506.838
877,21,37,0.1451934132922072,86.89284699820182,505.154
878,21,38,9.166803715263283,86.89284699820182,504.532
879,21,39,18.190793297623475,86.89284699820182,504.955
880,22,0,22.70344293319025,95.89285066374421,505.529
881,22,1,31.72962671382131,95.89285066374421,507.298
882,22,2,40.756353494491385,95.89285066374421,509.709
883,22,3,49.782912935526795,95.89285066374421,512.504
884,22,4,58.80865275386181,95.89285066374421,515.402
885,22,5,67.83297872303862,95.89284383355505,518.132
886,22,6,76.85538540905867,95.89284383355505,520.457
887,22,7,85.87543567981506,95.89281651279836,522.197
888,22,8,85.10719649253953,-84.10712019426627,523.248
889,22,9,76.09280844860508,-84.1071338546446,523.586
890,22,10,67.08158961244553,-84.10714068483378,523.273
891,22,11,58.0737107387901,-84.10714068483378,522.442
892,22,12,49.06925720500343,-84.10714068483378,521.288
893,22,13,40.06829731297723,-84.10714751502294,520.038
894,22,14,31.07087545894109,-84.10714751502294,518.932
895,22,15,22.076938708928953,-84.10714751502294,518.193
896,22,16,13.086445228032147,-84.10714751502294,518.005
897,22,17,4.099295978507709,-84.10714751502294,518.489
898,22,18,-4.88470967645123,-84.10714751502294,519.694
899,22,19,-13.86579969440822,-84.10714751502294,521.588
900,22,20,-22.844296801801544,-84.10714751502294,524.056
901,22,21,-31.820594588282123,-84.10714751502294,526.915
902,22,22,-40.79521385577417,-84.10714751502294,529.927
903,22,23,-49.76871638733692,-84.10714751502294,532.822
904,22,24,-58.74175105094153,-84.10714751502294,535.322
905,22,25,-67.7150213560725,-84.10715434521211,537.17
906,22,26,-76.68930252920063,-84.10715434521211,538.153
907,22,27,-85.6652844194321,-84.1071816659688,538.127
908,22,28,-85.35623201986736,95.89288481469006,537.028
909,22,29,-76.37459473300314,95.89286432412256,534.882
910,22,30,-67.38920084209539,95.89285749393339,531.808
911,22,31,-58.399572233902234,95.89285749393339,528.003
912,22,32,-49.405360568776004,95.89285749393339,523.73
913,22,33,-40.40636777123076,95.89285749393339,519.29
914,22,34,-31.402597256361098,95.89285749393339,515.003
915,22,35,-22.394127571342466,95.89285749393339,511.172
916,22,36,-13.381284003934088,95.89285066374421,508.06
917,22,37,-4.3645032593560185,95.89285066374421,505.866
918,22,38,4.655656721313914,95.89285066374421,504.709
919,22,39,13.67854578944409,95.89285066374421,504.617
920,23,0,27.216422125384476,104.89285432928662,506.318
921,23,1,36.24296790604154,104.89285432928662,508.438
922,23,2,45.269694686711624,104.89285432928662,511.076
923,23,3,54.295919448477704,104.89285432928662,513.958
924,23,4,63.3210240592199,104.89285432928662,516.804
925,23,5,72.34444844342627,104.89284749909746,519.358
926,23,6,81.36572814823327,104.89284066890828,521.409
927,23,7,89.61552432590898,-75.10676818907619,522.812
928,23,8,80.59961997997878,-75.10713018910221,523.504
929,23,9,71.5867892191751,-75.10713701929137,523.504
930,23,10,62.577230118983856,-75.10713701929137,522.911
931,23,11,53.57104854733718,-75.10713701929137,521.892
932,23,12,44.56834354197803,-75.10714384948055,520.66
933,23,13,35.56915266894686,-75.10714384948055,519.452
934,23,14,26.573470805601787,-75.10714384948055,518.504
935,23,15,17.58126721609154,-75.10714384948055,518.021
936,23,16,8.592456523051496,-75.10714384948055,518.158
937,23,17,-0.39308816562651777,-75.10714384948055,519.002
938,23,18,-9.37560089064328,-75.10714384948055,520.56
939,23,19,-18.35534963020201,-75.10714384948055,522.76
940,23,20,-27.33268389788914,-75.10714384948055,525.45
941,23,21,-36.30808009939928,-75.10714384948055,528.418
942,23,22,-45.282064159298514,-75.10714384948055,531.407
943,23,23,-54.25524908706486,-75.10714384948055,534.138
944,23,24,-63.22830424123698,-75.10715067966972,536.342
945,23,25,-72.20199801809649,-75.10715067966972,537.78
946,23,26,-81.17701685165498,-75.10715750985888,538.272
947,23,27,-89.84583147453264,104.89379006520291,537.712
948,23,28,-80.86584709344754,104.89287481985413,536.08
949,23,29,-71.88239980645325,104.89286798966496,533.451
950,23,30,-62.894943198416165,104.89286115947579,529.982
951,23,31,-53.90305379760774,104.89286115947579,525.907
952,23,32,-44.90646522665035,104.89286115947579,521.511
953,23,33,-35.905064787422674,104.89286115947579,517.108
954,23,34,-26.898931027100186,104.89286115947579,513.013
955,23,35,-17.88822787022296,104.89286115947579,509.512
956,23,36,-8.873353175310148,104.89285432928662,506.838
957,23,37,0.1451934132922072,104.89285432928662,505.154
958,23,38,9.166803715263283,104.89285432928662,504.532
959,23,39,18.190793297623475,104.89285432928662,504.955
960,24,0,22.70344293319025,113.89285799482901,505.529
961,24,1,31.72962671382131,113.89285799482901,507.298
962,24,2,40.756353494491385,113.89285799482901,509.709
963,24,3,49.782912935526795,113.89285799482901,512.504
964,24,4,58.80865275386181,113.89285799482901,515.402
965,24,5,67.83297872303862,113.89285116463985,518.132
966,24,6,76.85538540905867,113.89285116463985,520.457
967,24,7,85.87543567981506,113.89282384388318,522.197
968,24,8,85.10719649253953,-66.10711286318146,523.248
969,24,9,76.09280844860508,-66.1071265235598,523.586
970,24,10,67.08158961244553,-66.10713335374898,523.273
971,24,11,58.0737107387901,-66.10713335374898,522.442
972,24,12,49.06925720500343,-66.10713335374898,521.288
973,24,13,40.06829731297723,-66.10714018393814,520.038
974,24,14,31.07087545894109,-66.10714018393814,518.932
975,24,15,22.076938708928953,-66.10714018393814,518.193
976,24,16,13.086445228032147,-66.10714018393814,518.005
977,24,17,4.099295978507709,-66.10714018393814,518.489
978,24,18,-4.88470967645123,-66.10714018393814,519.694
979,24,19,-13.86579969440822,-66.10714018393814,521.588
980,24,20,-22.844296801801544,-66.10714018393814,524.056
981,24,21,-31.820594588282123,-66.10714018393814,526.915
982,24,22,-40.79521385577417,-66.10714018393814,529.927
983,24,23,-49.76871638733692,-66.10714018393814,532.822
984,24,24,-58.74175105094153,-66.10714018393814,535.322
985,24,25,-67.7150213560725,-66.1071470141273,537.17
986,24,26,-76.68930252920063,-66.1071470141273,538.153
987,24,27,-85.6652844194321,-66.107174334884,538.127
988,24,28,-85.35623201986736,113.89289214577487,537.028
989,24,29,-76.37459473300314,113.89287165520736,534.882
990,24,30,-67.38920084209539,113.8928648250182,531.808
991,24,31,-58.399572233902234,113.8928648250182,528.003
992,24,32,-49.405360568776004,113.8928648250182,523.73
993,24,33,-40.40636777123076,113.8928648250182,519.29
994,24,34,-31.402597256361098,113.8928648250182,515.003
995,24,35,-22.394127571342466,113.8928648250182,511.172
996,24,36,-13.381284003934088,113.89285799482901,508.06
997,24,37,-4.3645032593560185,113.89285799482901,505.866
998,24,38,4.655656721313914,113.89285799482901,504.709
999,24,39,13.67854578944409,113.89285799482901,504.617
1000,25,0,27.216422125384476,122.89284799999308,506.318
1001,25,1,36.24296790604154,122.89284799999308,508.438
1002,25,2,45.269694686711624,122.89284799999308,511.076
1003,25,3,54.295919448477704,122.89284799999308,513.958
1004,25,4,63.3210240592199,122.89284799999308,516.804
1005,25,5,72.34444844342627,122.89284799999308,519.358
1006,25,6,81.36572814823327,122.89283433961474,521.409
1007,25,7,89.61552432590898,-57.10677451836973,522.812
1008,25,8,80.59961997997878,-57.10713310330116,523.504
1009,25,9,71.5867892191751,-57.10714334858491,523.504
1010,25,10,62.577230118983856,-57.10714334858491,522.911
1011,25,11,53.57104854733718,-57.107146763679495,521.892
1012,25,12,44.56834354197803,-57.107146763679495,520.66
1013,25,13,35.56915266894686,-57.107146763679495,519.452
1014,25,14,26.573470805601787,-57.107146763679495,518.504
1015,25,15,17.58126721609154,-57.10715017877408,518.021
1016,25,16,8.592456523051496,-57.10715017877408,518.158
1017,25,17,-0.39308816562651777,-57.10715017877408,519.002
1018,25,18,-9.37560089064328,-57.10715017877408,520.56
1019,25,19,-18.35534963020201,-57.10715017877408,522.76
1020,25,20,-27.33268389788914,-57.10715017877408,525.45
1021,25,21,-36.30808009939928,-57.10715017877408,528.418
1022,25,22,-45.282064159298514,-57.10715359386867,531.407
1023,25,23,-54.25524908706486,-57.10715359386867,534.138
1024,25,24,-63.22830424123698,-57.10715359386867,536.342
1025,25,25,-72.20199801809649,-57.10715700896325,537.78
1026,25,26,-81.17701685165498,-57.10716383915242,538.272
1027,25,27,-89.84583147453264,122.8937769057202,537.712
1028,25,28,-80.86584709344754,122.89286166037142,536.08
1029,25,29,-71.88239980645325,122.89286166037142,533.451
1030,25,30,-62.894943198416165,122.89286166037142,529.982
1031,25,31,-53.90305379760774,122.89284799999308,525.907
1032,25,32,-44.90646522665035,122.89284799999308,521.511
1033,25,33,-35.905064787422674,122.89284799999308,517.108
1034,25,34,-26.898931027100186,122.89284799999308,513.013
1035,25,35,-17.88822787022296,122.89284799999308,509.512
1036,25,36,-8.873353175310148,122.89284799999308,506.838
1037,25,37,0.1451934132922072,122.89284799999308,505.154
1038,25,38,9.166803715263283,122.89284799999308,504.532
1039,25,39,18.190793297623475,122.89284799999308,504.955
1040,26,0,22.70344293319025,131.89286532591382,505.529
1041,26,1,31.72962671382131,131.89286532591382,507.298
1042,26,2,40.756353494491385,131.89286532591382,509.709
1043,26,3,49.782912935526795,131.89286532591382,512.504
1044,26,4,58.80865275386181,131.89286532591382,515.402
1045,26,5,67.83297872303862,131.89286532591382,518.132
1046,26,6,76.85538540905867,131.8928516655355,520.457
1047,26,7,85.87543567981506,131.89283800515713,522.197
1048,26,8,85.10719649253953,-48.10710211700207,523.248
1049,26,9,76.09280844860508,-48.107122607569586,523.586
1050,26,10,67.08158961244553,-48.10712602266417,523.273
1051,26,11,58.0737107387901,-48.10712943775875,522.442
1052,26,12,49.06925720500343,-48.10712943775875,521.288
1053,26,13,40.06829731297723,-48.10712943775875,520.038
1054,26,14,31.07087545894109,-48.10712943775875,518.932
1055,26,15,22.076938708928953,-48.10712943775875,518.193
1056,26,16,13.086445228032147,-48.10713285285334,518.005
1057,26,17,4.099295978507709,-48.10713285285334,518.489
1058,26,18,-4.88470967645123,-48.10713285285334,519.694
1059,26,19,-13.86579969440822,-48.10713285285334,521.588
1060,26,20,-22.844296801801544,-48.10713285285334,524.056
1061,26,21,-31.820594588282123,-48.10713285285334,526.915
1062,26,22,-40.79521385577417,-48.10713285285334,529.927
1063,26,23,-49.76871638733692,-48.10713626794792,532.822
1064,26,24,-58.74175105094153,-48.10713626794792,535.322
1065,26,25,-67.7150213560725,-48.10713968304251,537.17
1066,26,26,-76.68930252920063,-48.107143098137094,538.153
1067,26,27,-85.6652844194321,-48.1071635887046,538.127
1068,26,28,-85.35623201986736,131.8928926466705,537.028
1069,26,29,-76.37459473300314,131.89287898629217,534.882
1070,26,30,-67.38920084209539,131.89287898629217,531.808
1071,26,31,-58.399572233902234,131.89286532591382,528.003
1072,26,32,-49.405360568776004,131.89286532591382,523.73
1073,26,33,-40.40636777123076,131.89286532591382,519.29
1074,26,34,-31.402597256361098,131.89286532591382,515.003
1075,26,35,-22.394127571342466,131.89286532591382,511.172
1076,26,36,-13.381284003934088,131.89286532591382,508.06
1077,26,37,-4.3645032593560185,131.89286532591382,505.866
1078,26,38,4.655656721313914,131.89286532591382,504.709
1079,26,39,13.67854578944409,131.89286532591382,504.617
1080,27,0,27.216422125384476,140.89284167069954,506.318
1081,27,1,36.24296790604154,140.89284167069954,508.438
1082,27,2,45.269694686711624,140.89284167069954,511.076
1083,27,3,54.295919448477704,140.89284167069954,513.958
1084,27,4,63.3210240592199,140.89284167069954,516.804
1085,27,5,72.34444844342627,140.89284167069954,519.358
1086,27,6,81.36572814823327,140.8928280103212,521.409
1087,27,7,89.61552432590898,-39.106780847663266,522.812
1088,27,8,80.59961997997878,-39.10713943259469,523.504
1089,27,9,71.5867892191751,-39.107149677878446,523.504
1090,27,10,62.577230118983856,-39.107149677878446,522.911
1091,27,11,53.57104854733718,-39.107153092973036,521.892
1092,27,12,44.56834354197803,-39.107153092973036,520.66
1093,27,13,35.56915266894686,-39.107153092973036,519.452
1094,27,14,26.573470805601787,-39.107153092973036,518.504
1095,27,15,17.58126721609154,-39.10715650806762,518.021
1096,27,16,8.592456523051496,-39.10715650806762,518.158
1097,27,17,-0.39308816562651777,-39.10715650806762,519.002
1098,27,18,-9.37560089064328,-39.10715650806762,520.56
1099,27,19,-18.35534963020201,-39.10715650806762,522.76
1100,27,20,-27.33268389788914,-39.10715650806762,525.45
1101,27,21,-36.30808009939928,-39.10715650806762,528.418
1102,27,22,-45.282064159298514,-39.1071599231622,531.407
1103,27,23,-54.25524908706486,-39.1071599231622,534.138
1104,27,24,-63.22830424123698,-39.1071599231622,536.342
1105,27,25,-72.20199801809649,-39.10716333825679,537.78
1106,27,26,-81.17701685165498,-39.107170168445954,538.272
1107,27,27,-89.84583147453264,140.89377057642668,537.712
1108,27,28,-80.86584709344754,140.8928553310779,536.08
1109,27,29,-71.88239980645325,140.8928553310779,533.451
1110,27,30,-62.894943198416165,140.8928553310779,529.982
1111,27,31,-53.90305379760774,140.89284167069954,525.907
1112,27,32,-44.90646522665035,140.89284167069954,521.511
1113,27,33,-35.905064787422674,140.89284167069954,517.108
1114,27,34,-26.898931027100186,140.89284167069954,513.013
1115,27,35,-17.88822787022296,140.89284167069954,509.512
1116,27,36,-8.873353175310148,140.89284167069954,506.838
1117,27,37,0.1451934132922072,140.89284167069954,505.154
1118,27,38,9.166803715263283,140.89284167069954,504.532
1119,27,39,18.190793297623475,140.89284167069954,504.955
1120,28,0,22.70344293319025,149.89284533624195,505.529
1121,28,1,31.72962671382131,149.89284533624195,507.298
1122,28,2,40.756353494491385,149.89284533624195,509.709
1123,28,3,49.782912935526795,149.89284533624195,512.504
1124,28,4,58.80865275386181,149.89284533624195,515.402
1125,28,5,67.83297872303862,149.89284533624195,518.132
1126,28,6,76.85538540905867,149.89283167586362,520.457
1127,28,7,85.87543567981506,149.89281801548526,522.197
1128,28,8,85.10719649253953,-30.107122106673952,523.248
1129,28,9,76.09280844860508,-30.10714259724146,523.586
1130,28,10,67.08158961244553,-30.107146012336045,523.273
1131,28,11,58.0737107387901,-30.10714942743063,522.442
1132,28,12,49.06925720500343,-30.10714942743063,521.288
1133,28,13,40.06829731297723,-30.10714942743063,520.038
1134,28,14,31.07087545894109,-30.10714942743063,518.932
1135,28,15,22.076938708928953,-30.10714942743063,518.193
1136,28,16,13.086445228032147,-30.107152842525217,518.005
1137,28,17,4.099295978507709,-30.107152842525217,518.489
1138,28,18,-4.88470967645123,-30.107152842525217,519.694
1139,28,19,-13.86579969440822,-30.107152842525217,521.588
1140,28,20,-22.844296801801544,-30.107152842525217,524.056
1141,28,21,-31.820594588282123,-30.107152842525217,526.915
1142,28,22,-40.79521385577417,-30.107152842525217,529.927
1143,28,23,-49.76871638733692,-30.1071562576198,532.822
1144,28,24,-58.74175105094153,-30.1071562576198,535.322
1145,28,25,-67.7150213560725,-30.107159672714385,537.17
1146,28,26,-76.68930252920063,-30.10716308780897,538.153
1147,28,27,-85.6652844194321,-30.107183578376482,538.127
1148,28,28,-85.35623201986736,149.89287265699863,537.028
1149,28,29,-76.37459473300314,149.89285899662028,534.882
1150,28,30,-67.38920084209539,149.89285899662028,531.808
1151,28,31,-58.399572233902234,149.89284533624195,528.003
1152,28,32,-49.405360568776004,149.89284533624195,523.73
1153,28,33,-40.40636777123076,149.89284533624195,519.29
1154,28,34,-31.402597256361098,149.89284533624195,515.003
1155,28,35,-22.394127571342466,149.89284533624195,511.172
1156,28,36,-13.381284003934088,149.89284533624195,508.06
1157,28,37,-4.3645032593560185,149.89284533624195,505.866
1158,28,38,4.655656721313914,149.89284533624195,504.709
1159,28,39,13.67854578944409,149.89284533624195,504.617
1160,29,0,27.216422125384476,158.89284900178436,506.318
1161,29,1,36.24296790604154,158.89284900178436,508.438
1162,29,2,45.269694686711624,158.89284900178436,511.076
1163,29,3,54.295919448477704,158.89284900178436,513.958
1164,29,4,63.3210240592199,158.89284900178436,516.804
1165,29,5,72.34444844342627,158.89284900178436,519.358
1166,29,6,81.36572814823327,158.892835341406,521.409
1167,29,7,89.61552432590898,-21.106775224125755,522.812
1168,29,8,80.59961997997878,-21.10713380905718,523.504
1169,29,9,71.5867892191751,-21.107140639246353,523.504
1170,29,10,62.577230118983856,-21.107144054340935,522.911
1171,29,11,53.57104854733718,-21.10714576188823,521.892
1172,29,12,44.56834354197803,-21.10714576188823,520.66
1173,29,13,35.56915266894686,-21.10714576188823,519.452
1174,29,14,26.573470805601787,-21.10714746943552,518.504
1175,29,15,17.58126721609154,-21.10714746943552,518.021
1176,29,16,8.592456523051496,-21.10714746943552,518.158
1177,29,17,-0.39308816562651777,-21.107149176982816,519.002
1178,29,18,-9.37560089064328,-21.107149176982816,520.56
1179,29,19,-18.35534963020201,-21.107149176982816,522.76
1180,29,20,-27.33268389788914,-21.107149176982816,525.45
1181,29,21,-36.30808009939928,-21.107150884530107,528.418
1182,29,22,-45.282064159298514,-21.107150884530107,531.407
1183,29,23,-54.25524908706486,-21.107152592077398,534.138
1184,29,24,-63.22830424123698,-21.107152592077398,536.342
1185,29,25,-72.20199801809649,-21.107156007171984,537.78
1186,29,26,-81.17701685165498,-21.107164544908446,538.272
1187,29,27,-89.84583147453264,158.89377790751146,537.712
1188,29,28,-80.86584709344754,158.89286266216268,536.08
1189,29,29,-71.88239980645325,158.89286266216268,533.451
1190,29,30,-62.894943198416165,158.89286266216268,529.982
1191,29,31,-53.90305379760774,158.89284900178436,525.907
1192,29,32,-44.90646522665035,158.89284900178436,521.511
1193,29,33,-35.905064787422674,158.89284900178436,517.108
1194,29,34,-26.898931027100186,158.89284900178436,513.013
1195,29,35,-17.88822787022296,158.89284900178436,509.512
1196,29,36,-8.873353175310148,158.89284900178436,506.838
1197,29,37,0.1451934132922072,158.89284900178436,505.154
1198,29,38,9.166803715263283,158.89284900178436,504.532
1199,29,39,18.190793297623475,158.89284900178436,504.955
1200,30,0,22.70344293319025,167.89285266732676,505.529
1201,30,1,31.72962671382131,167.89285266732676,507.298
1202,30,2,40.756353494491385,167.89285266732676,509.709
1203,30,3,49.782912935526795,167.89285266732676,512.504
1204,30,4,58.80865275386181,167.89285266732676,515.402
1205,30,5,67.83297872303862,167.89285266732676,518.132
1206,30,6,76.85538540905867,167.8928390069484,520.457
1207,30,7,85.87543567981506,167.89282534657008,522.197
1208,30,8,85.10719649253953,-12.107115629362793,523.248
1209,30,9,76.09280844860508,-12.107134412383012,523.586
1210,30,10,67.08158961244553,-12.107138681251243,523.273
1211,30,11,58.0737107387901,-12.107140388798534,522.442
1212,30,12,49.06925720500343,-12.107142096345827,521.288
1213,30,13,40.06829731297723,-12.107142950119474,520.038
1214,30,14,31.07087545894109,-12.107142950119474,518.932
1215,30,15,22.076938708928953,-12.10714380389312,518.193
1216,30,16,13.086445228032147,-12.10714380389312,518.005
1217,30,17,4.099295978507709,-12.107144657666765,518.489
1218,30,18,-4.88470967645123,-12.107144657666765,519.694
1219,30,19,-13.86579969440822,-12.107145511440413,521.588
1220,30,20,-22.844296801801544,-12.107145511440413,524.056
1221,30,21,-31.820594588282123,-12.107146365214058,526.915
1222,30,22,-40.79521385577417,-12.107147218987706,529.927
1223,30,23,-49.76871638733692,-12.107148072761351,532.822
1224,30,24,-58.74175105094153,-12.107148926534997,535.322
1225,30,25,-67.7150213560725,-12.10715063408229,537.17
1226,30,26,-76.68930252920063,-12.107154902950521,538.153
1227,30,27,-85.6652844194321,-12.10717795483897,538.127
1228,30,28,-85.35623201986736,167.89287998808342,537.028
1229,30,29,-76.37459473300314,167.8928663277051,534.882
1230,30,30,-67.38920084209539,167.8928663277051,531.808
1231,30,31,-58.399572233902234,167.89285266732676,528.003
1232,30,32,-49.405360568776004,167.89285266732676,523.73
1233,30,33,-40.40636777123076,167.89285266732676,519.29
1234,30,34,-31.402597256361098,167.89285266732676,515.003
1235,30,35,-22.394127571342466,167.89285266732676,511.172
1236,30,36,-13.381284003934088,167.89285266732676,508.06
1237,30,37,-4.3645032593560185,167.89285266732676,505.866
1238,30,38,4.655656721313914,167.89285266732676,504.709
1239,30,39,13.67854578944409,167.89285266732676,504.617
1240,31,0,27.216422125384476,176.89285633286914,506.318
1241,31,1,36.24296790604154,176.89285633286914,508.438
1242,31,2,45.269694686711624,176.89285633286914,511.076
1243,31,3,54.295919448477704,176.89285633286914,513.958
1244,31,4,63.3210240592199,176.89285633286914,516.804
1245,31,5,72.34444844342627,176.89285633286914,519.358
1246,31,6,81.36572814823327,176.89284267249081,521.409
1247,31,7,89.61552432590898,-3.106767679597541,522.812
1248,31,8,80.59961997997878,-3.1071258376421436,523.504
1249,31,9,71.5867892191751,-3.10713352160496,523.504
1250,31,10,62.577230118983856,-3.10713629636931,522.911
1251,31,11,53.57104854733718,-3.1071375770297793,521.892
1252,31,12,44.56834354197803,-3.107138644246837,520.66
1253,31,13,35.56915266894686,-3.107139284577072,519.452
1254,31,14,26.573470805601787,-3.107139711463895,518.504
1255,31,15,17.58126721609154,-3.1071403517941296,518.021
1256,31,16,8.592456523051496,-3.107140778680953,518.158
1257,31,17,-0.39308816562651777,-3.1071409921243642,519.002
1258,31,18,-9.37560089064328,-3.1071414190111875,520.56
1259,31,19,-18.35534963020201,-3.1071418458980107,522.76
1260,31,20,-27.33268389788914,-3.107142272784834,525.45
1261,31,21,-36.30808009939928,-3.1071429131150685,528.418
1262,31,22,-45.282064159298514,-3.107143553445303,531.407
1263,31,23,-54.25524908706486,-3.107144620662361,534.138
1264,31,24,-63.22830424123698,-3.107146114766242,536.342
1265,31,25,-72.20199801809649,-3.1071488895305923,537.78
1266,31,26,-81.17701685165498,-3.107157213823643,538.272
1267,31,27,-89.84583147453264,176.89378523859628,537.712
1268,31,28,-80.86584709344754,176.8928699932475,536.08
1269,31,29,-71.88239980645325,176.8928699932475,533.451
1270,31,30,-62.894943198416165,176.8928699932475,529.982
1271,31,31,-53.90305379760774,176.89285633286914,525.907
1272,31,32,-44.90646522665035,176.89285633286914,521.511
1273,31,33,-35.905064787422674,176.89285633286914,517.108
1274,31,34,-26.898931027100186,176.89285633286914,513.013
1275,31,35,-17.88822787022296,176.89285633286914,509.512
1276,31,36,-8.873353175310148,176.89285633286914,506.838
1277,31,37,0.1451934132922072,176.89285633286914,505.154
1278,31,38,9.166803715263283,176.89285633286914,504.532
1279,31,39,18.190793297623475,176.89285633286914,504.955
1280,32,0,22.70344293319025,-174.10713635912276,505.529
1281,32,1,31.72962671382131,-174.10713635912276,507.298
1282,32,2,40.756353494491385,-174.10713635912276,509.709
1283,32,3,49.782912935526795,-174.10713635912276,512.504
1284,32,4,58.80865275386181,-174.10713635912276,515.402
1285,32,5,67.83297872303862,-174.10715001950112,518.132
1286,32,6,76.85538540905867,-174.10715001950112,520.457
1287,32,7,85.87543567981506,-174.1071773402578,522.197
1288,32,8,85.10719649253953,5.89289170172201,523.248
1289,32,9,76.09280844860508,5.8928729187017925,523.586
1290,32,10,67.08158961244553,5.892868649833561,523.273
1291,32,11,58.0737107387901,5.8928665153994455,522.442
1292,32,12,49.06925720500343,5.892865661625799,521.288
1293,32,13,40.06829731297723,5.892864807852153,520.038
1294,32,14,31.07087545894109,5.892863954078507,518.932
1295,32,15,22.076938708928953,5.892863527191683,518.193
1296,32,16,13.086445228032147,5.892863100304861,518.005
1297,32,17,4.099295978507709,5.892862673418037,518.489
1298,32,18,-4.88470967645123,5.892862246531214,519.694
1299,32,19,-13.86579969440822,5.892861819644391,521.588
1300,32,20,-22.844296801801544,5.892861392757568,524.056
1301,32,21,-31.820594588282123,5.892860965870745,526.915
1302,32,22,-40.79521385577417,5.892860538983922,529.927
1303,32,23,-49.76871638733692,5.892859685210276,532.822
1304,32,24,-58.74175105094153,5.8928584045498065,535.322
1305,32,25,-67.7150213560725,5.892856697002514,537.17
1306,32,26,-76.68930252920063,5.8928520012474594,538.153
1307,32,27,-85.6652844194321,5.8928293762458335,538.127
1308,32,28,-85.35623201986736,-174.1071090383661,537.028
1309,32,29,-76.37459473300314,-174.10712269874443,534.882
1310,32,30,-67.38920084209539,-174.10713635912276,531.808
1311,32,31,-58.399572233902234,-174.10713635912276,528.003
1312,32,32,-49.405360568776004,-174.10713635912276,523.73
1313,32,33,-40.40636777123076,-174.10713635912276,519.29
1314,32,34,-31.402597256361098,-174.10713635912276,515.003
1315,32,35,-22.394127571342466,-174.10713635912276,511.172
1316,32,36,-13.381284003934088,-174.10713635912276,508.06
1317,32,37,-4.3645032593560185,-174.10713635912276,505.866
1318,32,38,4.655656721313914,-174.10713635912276,504.709
1319,32,39,13.67854578944409,-174.10713635912276,504.617
1320,33,0,27.216422125384476,-165.10713269358038,506.318
1321,33,1,36.24296790604154,-165.10713269358038,508.438
1322,33,2,45.269694686711624,-165.10713269358038,511.076
1323,33,3,54.295919448477704,-165.10713269358038,513.958
1324,33,4,63.3210240592199,-165.10713269358038,516.804
1325,33,5,72.34444844342627,-165.1071463539587,519.358
1326,33,6,81.36572814823327,-165.1071463539587,521.409
1327,33,7,89.61552432590898,14.893239438043851,522.812
1328,33,8,80.59961997997878,14.892880853112425,523.504
1329,33,9,71.5867892191751,14.892874022923255,523.504
1330,33,10,62.577230118983856,14.89287060782867,522.911
1331,33,11,53.57104854733718,14.892868900281378,521.892
1332,33,12,44.56834354197803,14.892868900281378,520.66
1333,33,13,35.56915266894686,14.892868900281378,519.452
1334,33,14,26.573470805601787,14.892867192734085,518.504
1335,33,15,17.58126721609154,14.892867192734085,518.021
1336,33,16,8.592456523051496,14.892867192734085,518.158
1337,33,17,-0.39308816562651777,14.892865485186793,519.002
1338,33,18,-9.37560089064328,14.892865485186793,520.56
1339,33,19,-18.35534963020201,14.892865485186793,522.76
1340,33,20,-27.33268389788914,14.892865485186793,525.45
1341,33,21,-36.30808009939928,14.8928637776395,528.418
1342,33,22,-45.282064159298514,14.8928637776395,531.407
1343,33,23,-54.25524908706486,14.892862070092209,534.138
1344,33,24,-63.22830424123698,14.892862070092209,536.342
1345,33,25,-72.20199801809649,14.892858654997623,537.78
1346,33,26,-81.17701685165498,14.89285011726116,538.272
1347,33,27,-89.84583147453264,-165.10620378785325,537.712
1348,33,28,-80.86584709344754,-165.10711903320203,536.08
1349,33,29,-71.88239980645325,-165.10713269358038,533.451
1350,33,30,-62.894943198416165,-165.10713269358038,529.982
1351,33,31,-53.90305379760774,-165.10713269358038,525.907
1352,33,32,-44.90646522665035,-165.10713269358038,521.511
1353,33,33,-35.905064787422674,-165.10713269358038,517.108
1354,33,34,-26.898931027100186,-165.10713269358038,513.013
1355,33,35,-17.88822787022296,-165.10713269358038,509.512
1356,33,36,-8.873353175310148,-165.10713269358038,506.838
1357,33,37,0.1451934132922072,-165.10713269358038,505.154
1358,33,38,9.166803715263283,-165.10713269358038,504.532
1359,33,39,18.190793297623475,-165.10713269358038,504.955
1360,34,0,22.70344293319025,-156.10715634879466,505.529
1361,34,1,31.72962671382131,-156.10715634879466,507.298
1362,34,2,40.756353494491385,-156.10715634879466,509.709
1363,34,3,49.782912935526795,-156.10715634879466,512.504
1364,34,4,58.80865275386181,-156.10715634879466,515.402
1365,34,5,67.83297872303862,-156.107170009173,518.132
1366,34,6,76.85538540905867,-156.107170009173,520.457
1367,34,7,85.87543567981506,-156.10719732992968,522.197
1368,34,8,85.10719649253953,23.89287256582378,523.248
1369,34,9,76.09280844860508,23.89285207525627,523.586
1370,34,10,67.08158961244553,23.892848660161686,523.273
1371,34,11,58.0737107387901,23.89284695261439,522.442
1372,34,12,49.06925720500343,23.8928452450671,521.288
1373,34,13,40.06829731297723,23.8928452450671,520.038
1374,34,14,31.07087545894109,23.892843537519806,518.932
1375,34,15,22.076938708928953,23.892843537519806,518.193
1376,34,16,13.086445228032147,23.892843537519806,518.005
1377,34,17,4.099295978507709,23.892843537519806,518.489
1378,34,18,-4.88470967645123,23.892841829972514,519.694
1379,34,19,-13.86579969440822,23.892841829972514,521.588
1380,34,20,-22.844296801801544,23.892841829972514,524.056
1381,34,21,-31.820594588282123,23.892841829972514,526.915
1382,34,22,-40.79521385577417,23.892840122425223,529.927
1383,34,23,-49.76871638733692,23.892840122425223,532.822
1384,34,24,-58.74175105094153,23.89283841487793,535.322
1385,34,25,-67.7150213560725,23.892836707330638,537.17
1386,34,26,-76.68930252920063,23.89283158468876,538.153
1387,34,27,-85.6652844194321,23.89280938657396,538.127
1388,34,28,-85.35623201986736,-156.10712902803797,537.028
1389,34,29,-76.37459473300314,-156.1071426884163,534.882
1390,34,30,-67.38920084209539,-156.10715634879466,531.808
1391,34,31,-58.399572233902234,-156.10715634879466,528.003
1392,34,32,-49.405360568776004,-156.10715634879466,523.73
1393,34,33,-40.40636777123076,-156.10715634879466,519.29
1394,34,34,-31.402597256361098,-156.10715634879466,515.003
1395,34,35,-22.394127571342466,-156.10715634879466,511.172
1396,34,36,-13.381284003934088,-156.10715634879466,508.06
1397,34,37,-4.3645032593560185,-156.10715634879466,505.866
1398,34,38,4.655656721313914,-156.10715634879466,504.709
1399,34,39,13.67854578944409,-156.10715634879466,504.617
1400,35,0,27.216422125384476,-147.10715268325225,506.318
1401,35,1,36.24296790604154,-147.10715268325225,508.438
1402,35,2,45.269694686711624,-147.10715268325225,511.076
1403,35,3,54.295919448477704,-147.10715268325225,513.958
1404,35,4,63.3210240592199,-147.10715268325225,516.804
1405,35,5,72.34444844342627,-147.10716634363058,519.358
1406,35,6,81.36572814823327,-147.10716634363058,521.409
1407,35,7,89.61552432590898,32.893221155919264,522.812
1408,35,8,80.59961997997878,32.892862570987845,523.504
1409,35,9,71.5867892191751,32.892852325704084,523.504
1410,35,10,62.577230118983856,32.892852325704084,522.911
1411,35,11,53.57104854733718,32.8928489106095,521.892
1412,35,12,44.56834354197803,32.8928489106095,520.66
1413,35,13,35.56915266894686,32.8928489106095,519.452
1414,35,14,26.573470805601787,32.8928489106095,518.504
1415,35,15,17.58126721609154,32.89284549551492,518.021
1416,35,16,8.592456523051496,32.89284549551492,518.158
1417,35,17,-0.39308816562651777,32.89284549551492,519.002
1418,35,18,-9.37560089064328,32.89284549551492,520.56
1419,35,19,-18.35534963020201,32.89284549551492,522.76
1420,35,20,-27.33268389788914,32.89284549551492,525.45
1421,35,21,-36.30808009939928,32.89284549551492,528.418
1422,35,22,-45.282064159298514,32.89284208042033,531.407
1423,35,23,-54.25524908706486,32.89284208042033,534.138
1424,35,24,-63.22830424123698,32.89284208042033,536.342
1425,35,25,-72.20199801809649,32.89283866532575,537.78
1426,35,26,-81.17701685165498,32.892831835136576,538.272
1427,35,27,-89.84583147453264,-147.10622377752512,537.712
1428,35,28,-80.86584709344754,-147.1071390228739,536.08
1429,35,29,-71.88239980645325,-147.10715268325225,533.451
1430,35,30,-62.894943198416165,-147.10715268325225,529.982
1431,35,31,-53.90305379760774,-147.10715268325225,525.907
1432,35,32,-44.90646522665035,-147.10715268325225,521.511
1433,35,33,-35.905064787422674,-147.10715268325225,517.108
1434,35,34,-26.898931027100186,-147.10715268325225,513.013
1435,35,35,-17.88822787022296,-147.10715268325225,509.512
1436,35,36,-8.873353175310148,-147.10715268325225,506.838
1437,35,37,0.1451934132922072,-147.10715268325225,505.154
1438,35,38,9.166803715263283,-147.10715268325225,504.532
1439,35,39,18.190793297623475,-147.10715268325225,504.955
1440,36,0,22.70344293319025,-138.10714901770984,505.529
1441,36,1,31.72962671382131,-138.10714901770984,507.298
1442,36,2,40.756353494491385,-138.10714901770984,509.709
1443,36,3,49.782912935526795,-138.10714901770984,512.504
1444,36,4,58.80865275386181,-138.10714901770984,515.402
1445,36,5,67.83297872303862,-138.10716267808817,518.132
1446,36,6,76.85538540905867,-138.10716267808817,520.457
1447,36,7,85.87543567981506,-138.10718999884486,522.197
1448,36,8,85.10719649253953,41.89287989690858,523.248
1449,36,9,76.09280844860508,41.892859406341074,523.586
1450,36,10,67.08158961244553,41.892855991246485,523.273
1451,36,11,58.0737107387901,41.8928525761519,522.442
1452,36,12,49.06925720500343,41.8928525761519,521.288
1453,36,13,40.06829731297723,41.8928525761519,520.038
1454,36,14,31.07087545894109,41.8928525761519,518.932
1455,36,15,22.076938708928953,41.8928525761519,518.193
1456,36,16,13.086445228032147,41.89284916105732,518.005
1457,36,17,4.099295978507709,41.89284916105732,518.489
1458,36,18,-4.88470967645123,41.89284916105732,519.694
1459,36,19,-13.86579969440822,41.89284916105732,521.588
1460,36,20,-22.844296801801544,41.89284916105732,524.056
1461,36,21,-31.820594588282123,41.89284916105732,526.915
1462,36,22,-40.79521385577417,41.89284916105732,529.927
1463,36,23,-49.76871638733692,41.89284574596273,532.822
1464,36,24,-58.74175105094153,41.89284574596273,535.322
1465,36,25,-67.7150213560725,41.89284233086815,537.17
1466,36,26,-76.68930252920063,41.89283891577356,538.153
1467,36,27,-85.6652844194321,41.89281842520605,538.127
1468,36,28,-85.35623201986736,-138.10712169695316,537.028
1469,36,29,-76.37459473300314,-138.10713535733152,534.882
1470,36,30,-67.38920084209539,-138.10714901770984,531.808
1471,36,31,-58.399572233902234,-138.10714901770984,528.003
1472,36,32,-49.405360568776004,-138.10714901770984,523.73
1473,36,33,-40.40636777123076,-138.10714901770984,519.29
1474,36,34,-31.402597256361098,-138.10714901770984,515.003
1475,36,35,-22.394127571342466,-138.10714901770984,511.172
1476,36,36,-13.381284003934088,-138.10714901770984,508.06
1477,36,37,-4.3645032593560185,-138.10714901770984,505.866
1478,36,38,4.655656721313914,-138.10714901770984,504.709
1479,36,39,13.67854578944409,-138.10714901770984,504.617
1480,37,0,27.216422125384476,-129.10714535216744,506.318
1481,37,1,36.24296790604154,-129.10714535216744,508.438
1482,37,2,45.269694686711624,-129.10714535216744,511.076
1483,37,3,54.295919448477704,-129.10714535216744,513.958
1484,37,4,63.3210240592199,-129.10714535216744,516.804
1485,37,5,72.34444844342627,-129.1071590125458,519.358
1486,37,6,81.36572814823327,-129.1071590125458,521.409
1487,37,7,89.61552432590898,50.89322848700407,522.812
1488,37,8,80.59961997997878,50.89286990207265,523.504
1489,37,9,71.5867892191751,50.892859656788886,523.504
1490,37,10,62.577230118983856,50.892859656788886,522.911
1491,37,11,53.57104854733718,50.892856241694304,521.892
1492,37,12,44.56834354197803,50.892856241694304,520.66
1493,37,13,35.56915266894686,50.892856241694304,519.452
1494,37,14,26.573470805601787,50.892856241694304,518.504
1495,37,15,17.58126721609154,50.89285282659972,518.021
1496,37,16,8.592456523051496,50.89285282659972,518.158
1497,37,17,-0.39308816562651777,50.89285282659972,519.002
1498,37,18,-9.37560089064328,50.89285282659972,520.56
1499,37,19,-18.35534963020201,50.89285282659972,522.76
1500,37,20,-27.33268389788914,50.89285282659972,525.45
1501,37,21,-36.30808009939928,50.89285282659972,528.418
1502,37,22,-45.282064159298514,50.89284941150513,531.407
1503,37,23,-54.25524908706486,50.89284941150513,534.138
1504,37,24,-63.22830424123698,50.89284941150513,536.342
1505,37,25,-72.20199801809649,50.89284599641055,537.78
1506,37,26,-81.17701685165498,50.89283916622138,538.272
1507,37,27,-89.84583147453264,-129.10621644644033,537.712
1508,37,28,-80.86584709344754,-129.1071316917891,536.08
1509,37,29,-71.88239980645325,-129.10714535216744,533.451
1510,37,30,-62.894943198416165,-129.10714535216744,529.982
1511,37,31,-53.90305379760774,-129.10714535216744,525.907
1512,37,32,-44.90646522665035,-129.10714535216744,521.511
1513,37,33,-35.905064787422674,-129.10714535216744,517.108
1514,37,34,-26.898931027100186,-129.10714535216744,513.013
1515,37,35,-17.88822787022296,-129.10714535216744,509.512
1516,37,36,-8.873353175310148,-129.10714535216744,506.838
1517,37,37,0.1451934132922072,-129.10714535216744,505.154
1518,37,38,9.166803715263283,-129.10714535216744,504.532
1519,37,39,18.190793297623475,-129.10714535216744,504.955
1520,38,0,22.70344293319025,-120.10714168662504,505.529
1521,38,1,31.72962671382131,-120.10714168662504,507.298
1522,38,2,40.756353494491385,-120.10714168662504,509.709
1523,38,3,49.782912935526795,-120.10714168662504,512.504
1524,38,4,58.80865275386181,-120.10714168662504,515.402
1525,38,5,67.83297872303862,-120.10715534700338,518.132
1526,38,6,76.85538540905867,-120.10715534700338,520.457
1527,38,7,85.87543567981506,-120.10718266776006,522.197
1528,38,8,85.10719649253953,59.8928838128988,523.248
1529,38,9,76.09280844860508,59.89287015252046,523.586
1530,38,10,67.08158961244553,59.892863322331294,523.273
1531,38,11,58.0737107387901,59.892863322331294,522.442
1532,38,12,49.06925720500343,59.892863322331294,521.288
1533,38,13,40.06829731297723,59.89285649214212,520.038
1534,38,14,31.07087545894109,59.89285649214212,518.932
1535,38,15,22.076938708928953,59.89285649214212,518.193
1536,38,16,13.086445228032147,59.89285649214212,518.005
1537,38,17,4.099295978507709,59.89285649214212,518.489
1538,38,18,-4.88470967645123,59.89285649214212,519.694
1539,38,19,-13.86579969440822,59.89285649214212,521.588
1540,38,20,-22.844296801801544,59.89285649214212,524.056
1541,38,21,-31.820594588282123,59.89285649214212,526.915
1542,38,22,-40.79521385577417,59.89285649214212,529.927
1543,38,23,-49.76871638733692,59.89285649214212,532.822
1544,38,24,-58.74175105094153,59.89285649214212,535.322
1545,38,25,-67.7150213560725,59.89284966195295,537.17
1546,38,26,-76.68930252920063,59.89284966195295,538.153
1547,38,27,-85.6652844194321,59.89282234119627,538.127
1548,38,28,-85.35623201986736,-120.10711436586837,537.028
1549,38,29,-76.37459473300314,-120.1071280262467,534.882
1550,38,30,-67.38920084209539,-120.10714168662504,531.808
1551,38,31,-58.399572233902234,-120.10714168662504,528.003
1552,38,32,-49.405360568776004,-120.10714168662504,523.73
1553,38,33,-40.40636777123076,-120.10714168662504,519.29
1554,38,34,-31.402597256361098,-120.10714168662504,515.003
1555,38,35,-22.394127571342466,-120.10714168662504,511.172
1556,38,36,-13.381284003934088,-120.10714168662504,508.06
1557,38,37,-4.3645032593560185,-120.10714168662504,505.866
1558,38,38,4.655656721313914,-120.10714168662504,504.709
1559,38,39,13.67854578944409,-120.10714168662504,504.617
1560,39,0,27.216422125384476,-111.10713802108265,506.318
1561,39,1,36.24296790604154,-111.10713802108265,508.438
1562,39,2,45.269694686711624,-111.10714485127181,511.076
1563,39,3,54.295919448477704,-111.10714485127181,513.958
1564,39,4,63.3210240592199,-111.10714485127181,516.804
1565,39,5,72.34444844342627,-111.10714485127181,519.358
1566,39,6,81.36572814823327,-111.10715851165016,521.409
1567,39,7,89.61552432590898,68.89323581808887,522.812
1568,39,8,80.59961997997878,68.89287381806287,523.504
1569,39,9,71.5867892191751,68.89286698787369,523.504
1570,39,10,62.577230118983856,68.89286698787369,522.911
1571,39,11,53.57104854733718,68.89286698787369,521.892
1572,39,12,44.56834354197803,68.89286015768452,520.66
1573,39,13,35.56915266894686,68.89286015768452,519.452
1574,39,14,26.573470805601787,68.89286015768452,518.504
1575,39,15,17.58126721609154,68.89286015768452,518.021
1576,39,16,8.592456523051496,68.89286015768452,518.158
1577,39,17,-0.39308816562651777,68.89286015768452,519.002
1578,39,18,-9.37560089064328,68.89286015768452,520.56
1579,39,19,-18.35534963020201,68.89286015768452,522.76
1580,39,20,-27.33268389788914,68.89286015768452,525.45
1581,39,21,-36.30808009939928,68.89286015768452,528.418
1582,39,22,-45.282064159298514,68.89286015768452,531.407
1583,39,23,-54.25524908706486,68.89286015768452,534.138
1584,39,24,-63.22830424123698,68.89285332749536,536.342
1585,39,25,-72.20199801809649,68.89285332749536,537.78
1586,39,26,-81.17701685165498,68.89284649730618,538.272
1587,39,27,-89.84583147453264,-111.10620911535553,537.712
1588,39,28,-80.86584709344754,-111.1071243607043,536.08
1589,39,29,-71.88239980645325,-111.10713119089347,533.451
1590,39,30,-62.894943198416165,-111.10713119089347,529.982
1591,39,31,-53.90305379760774,-111.10713802108265,525.907
1592,39,32,-44.90646522665035,-111.10713802108265,521.511
1593,39,33,-35.905064787422674,-111.10713802108265,517.108
1594,39,34,-26.898931027100186,-111.10713802108265,513.013
1595,39,35,-17.88822787022296,-111.10713802108265,509.512
1596,39,36,-8.873353175310148,-111.10713802108265,506.838
1597,39,37,0.1451934132922072,-111.10713802108265,505.154
1598,39,38,9.166803715263283,-111.10713802108265,504.532
1599,39,39,18.190793297623475,-111.10713802108265,504.955
