0,0,0,75.98132610097214,-105.61673826809208,520.259
1,0,1,85.00161542834948,-105.61675875865959,522.062
2,0,2,85.98075719681665,74.38330772199927,523.182
3,0,3,76.96608228493706,74.38328040124259,523.588
4,0,4,67.95456292045402,74.38328040124259,523.332
5,0,5,58.9463630279076,74.38327357105342,522.544
6,0,6,49.94158506013537,74.38327357105342,521.411
7,0,7,40.94030414921817,74.38327357105342,520.16
8,0,8,31.942530540439776,74.38327357105342,519.029
9,0,9,22.948269356442065,74.38327357105342,518.245
10,0,10,13.957451441559682,74.38327357105342,517.996
11,0,11,4.969980319370608,74.38327357105342,518.411
12,0,12,-4.014321168156758,74.38327357105342,519.546
13,0,13,-12.995683113020078,74.38327357105342,521.376
14,0,14,-21.974405616656014,74.38327357105342,523.795
15,0,15,-30.95091343145357,74.38327357105342,526.625
16,0,16,-39.92567954801277,74.38326674086426,529.633
17,0,17,-48.8992572116564,74.38326674086426,532.551
18,0,18,-57.8723157809231,74.38326674086426,535.101
19,0,19,-66.84555193510822,74.38326674086426,537.022
20,0,20,-75.81970333464213,74.38325991067508,538.096
21,0,21,-84.79550763995518,74.38324625029674,538.172
22,0,22,-86.22626834653276,-105.61669045676788,537.176
23,0,23,-77.24495207855952,-105.61671777752457,535.129
24,0,24,-68.25993384805612,-105.61672460771373,532.138
25,0,25,-59.27073554178068,-105.61672460771373,528.393
26,0,26,-50.27695417857216,-105.61672460771373,524.153
27,0,27,-41.27844973955258,-105.61672460771373,519.716
28,0,28,-32.27510611150604,-105.61672460771373,515.401
29,0,29,-23.267073558594287,-105.61672460771373,511.514
30,0,30,-14.254632972346938,-105.61672460771373,508.322
31,0,31,-5.238209105153002,-105.61672460771373,506.034
32,0,32,3.7816507740802727,-105.61673143790291,504.774
33,0,33,12.804304627570906,-105.61673143790291,504.582
34,0,34,21.829018209983122,-105.61673143790291,505.402
35,0,35,30.85510978306039,-105.61673143790291,507.097
36,0,36,39.88180924297378,-105.61673143790291,509.457
37,0,37,48.90840966514421,-105.61673143790291,512.227
38,0,38,57.93425193631678,-105.61673143790291,515.128
39,0,39,66.95872816965533,-105.61673143790291,517.886
40,1,0,80.49178495336263,-96.61674143273885,521.241
41,1,1,89.51077654479766,-96.61702147049482,522.711
42,1,2,81.47303725028334,83.38329089697416,523.473
43,1,3,72.45991962153451,83.38327723659583,523.536
44,1,4,63.45003950245227,83.38327723659583,522.994
45,1,5,54.44354374210377,83.38327723659583,522.007
46,1,6,45.44050064238071,83.38327723659583,520.785
47,1,7,36.4409785051748,83.38327723659583,519.564
48,1,8,27.444968792749563,83.38327040640665,518.581
49,1,9,18.452435646611864,83.38327040640665,518.044
50,1,10,9.463309911096353,83.38327040640665,518.115
51,1,11,0.4774456442703767,83.38327040640665,518.888
52,1,12,-8.5053451441508,83.38327040640665,520.379
53,1,13,-17.485342331840588,83.38327040640665,522.521
54,1,14,-26.4629088259595,83.38327040640665,525.172
55,1,15,-35.438480904840766,83.38327040640665,528.123
56,1,16,-44.41258107795589,83.38327040640665,531.121
57,1,17,-53.385810401951844,83.38327040640665,533.889
58,1,18,-62.35886897121855,83.38327040640665,536.155
59,1,19,-71.33246712542967,83.38326357621749,537.676
60,1,20,-80.3073425250156,83.38325674602831,538.265
61,1,21,-89.2842738115417,83.38307233092073,537.809
62,1,22,-81.73603368427467,-96.616707281793,536.279
63,1,23,-72.75294156711723,-96.61672094217134,533.741
64,1,24,-63.76589477043034,-96.61672094217134,530.345
65,1,25,-54.774425426255874,-96.61672094217134,526.317
66,1,26,-45.77831838363496,-96.6167277723605,521.939
67,1,27,-36.777375567081684,-96.6167277723605,517.523
68,1,28,-27.77166186339315,-96.6167277723605,513.386
69,1,29,-18.761380470697173,-96.6167277723605,509.816
70,1,30,-9.746887412604234,-96.6167277723605,507.055
71,1,31,-0.7286705673923181,-96.6167277723605,505.271
72,1,32,8.29267183641682,-96.6167277723605,504.546
73,1,33,17.316459074422852,-96.6167277723605,504.872
74,1,34,26.341941053116695,-96.6167277723605,506.152
75,1,35,35.36842706961853,-96.6167277723605,508.209
76,1,36,44.395167510666944,-96.6167277723605,510.808
77,1,37,53.42146398941931,-96.61673460254968,513.679
78,1,38,62.446691543566565,-96.61673460254968,516.541
79,1,39,71.47029351269137,-96.61673460254968,519.134
80,2,0,75.98132610097214,-87.61673776719645,520.259
81,2,1,85.00161542834948,-87.61675825776396,522.062
82,2,2,85.98075719681665,92.38330822289491,523.182
83,2,3,76.96608228493706,92.38328090213822,523.588
84,2,4,67.95456292045402,92.38328090213822,523.332
85,2,5,58.9463630279076,92.38327407194906,522.544
86,2,6,49.94158506013537,92.38327407194906,521.411
87,2,7,40.94030414921817,92.38327407194906,520.16
88,2,8,31.942530540439776,92.38327407194906,519.029
89,2,9,22.948269356442065,92.38327407194906,518.245
90,2,10,13.957451441559682,92.38327407194906,517.996
91,2,11,4.969980319370608,92.38327407194906,518.411
92,2,12,-4.014321168156758,92.38327407194906,519.546
93,2,13,-12.995683113020078,92.38327407194906,521.376
94,2,14,-21.974405616656014,92.38327407194906,523.795
95,2,15,-30.95091343145357,92.38327407194906,526.625
96,2,16,-39.92567954801277,92.38326724175988,529.633
97,2,17,-48.8992572116564,92.38326724175988,532.551
98,2,18,-57.8723157809231,92.38326724175988,535.101
99,2,19,-66.84555193510822,92.38326724175988,537.022
100,2,20,-75.81970333464213,92.38326041157072,538.096
101,2,21,-84.79550763995518,92.38324675119237,538.172
102,2,22,-86.22626834653276,-87.61668995587226,537.176
103,2,23,-77.24495207855952,-87.61671727662893,535.129
104,2,24,-68.25993384805612,-87.61672410681811,532.138
105,2,25,-59.27073554178068,-87.61672410681811,528.393
106,2,26,-50.27695417857216,-87.61672410681811,524.153
107,2,27,-41.27844973955258,-87.61672410681811,519.716
108,2,28,-32.27510611150604,-87.61672410681811,515.401
109,2,29,-23.267073558594287,-87.61672410681811,511.514
110,2,30,-14.254632972346938,-87.61672410681811,508.322
111,2,31,-5.238209105153002,-87.61672410681811,506.034
112,2,32,3.7816507740802727,-87.61673093700728,504.774
113,2,33,12.804304627570906,-87.61673093700728,504.582
114,2,34,21.829018209983122,-87.61673093700728,505.402
115,2,35,30.85510978306039,-87.61673093700728,507.097
116,2,36,39.88180924297378,-87.61673093700728,509.457
117,2,37,48.90840966514421,-87.61673093700728,512.227
118,2,38,57.93425193631678,-87.61673093700728,515.128
119,2,39,66.95872816965533,-87.61673093700728,517.886
120,3,0,80.49178495336263,-78.61674093184321,521.241
121,3,1,89.51077654479766,-78.61702096959918,522.711
122,3,2,81.47303725028334,101.3832913978698,523.473
123,3,3,72.45991962153451,101.38327773749145,523.536
124,3,4,63.45003950245227,101.38327773749145,522.994
125,3,5,54.44354374210377,101.38327773749145,522.007
126,3,6,45.44050064238071,101.38327773749145,520.785
127,3,7,36.4409785051748,101.38327773749145,519.564
128,3,8,27.444968792749563,101.38327090730229,518.581
129,3,9,18.452435646611864,101.38327090730229,518.044
130,3,10,9.463309911096353,101.38327090730229,518.115
131,3,11,0.4774456442703767,101.38327090730229,518.888
132,3,12,-8.5053451441508,101.38327090730229,520.379
133,3,13,-17.485342331840588,101.38327090730229,522.521
134,3,14,-26.4629088259595,101.38327090730229,525.172
135,3,15,-35.438480904840766,101.38327090730229,528.123
136,3,16,-44.41258107795589,101.38327090730229,531.121
137,3,17,-53.385810401951844,101.38327090730229,533.889
138,3,18,-62.35886897121855,101.38327090730229,536.155
139,3,19,-71.33246712542967,101.38326407711311,537.676
140,3,20,-80.3073425250156,101.38325724692395,538.265
141,3,21,-89.2842738115417,101.38307283181636,537.809
142,3,22,-81.73603368427467,-78.61670678089736,536.279
143,3,23,-72.75294156711723,-78.6167204412757,533.741
144,3,24,-63.76589477043034,-78.6167204412757,530.345
145,3,25,-54.774425426255874,-78.6167204412757,526.317
146,3,26,-45.77831838363496,-78.61672727146488,521.939
147,3,27,-36.777375567081684,-78.61672727146488,517.523
148,3,28,-27.77166186339315,-78.61672727146488,513.386
149,3,29,-18.761380470697173,-78.61672727146488,509.816
150,3,30,-9.746887412604234,-78.61672727146488,507.055
151,3,31,-0.7286705673923181,-78.61672727146488,505.271
152,3,32,8.29267183641682,-78.61672727146488,504.546
153,3,33,17.316459074422852,-78.61672727146488,504.872
154,3,34,26.341941053116695,-78.61672727146488,506.152
155,3,35,35.36842706961853,-78.61672727146488,508.209
156,3,36,44.395167510666944,-78.61672727146488,510.808
157,3,37,53.42146398941931,-78.61673410165405,513.679
158,3,38,62.446691543566565,-78.61673410165405,516.541
159,3,39,71.47029351269137,-78.61673410165405,519.134
160,4,0,75.98132610097214,-69.61673726630082,520.259
161,4,1,85.00161542834948,-69.61675775686832,522.062
162,4,2,85.98075719681665,110.38330872379053,523.182
163,4,3,76.96608228493706,110.38328140303386,523.588
164,4,4,67.95456292045402,110.38328140303386,523.332
165,4,5,58.9463630279076,110.38327457284468,522.544
166,4,6,49.94158506013537,110.38327457284468,521.411
167,4,7,40.94030414921817,110.38327457284468,520.16
168,4,8,31.942530540439776,110.38327457284468,519.029
169,4,9,22.948269356442065,110.38327457284468,518.245
170,4,10,13.957451441559682,110.38327457284468,517.996
171,4,11,4.969980319370608,110.38327457284468,518.411
172,4,12,-4.014321168156758,110.38327457284468,519.546
173,4,13,-12.995683113020078,110.38327457284468,521.376
174,4,14,-21.974405616656014,110.38327457284468,523.795
175,4,15,-30.95091343145357,110.38327457284468,526.625
176,4,16,-39.92567954801277,110.38326774265552,529.633
177,4,17,-48.8992572116564,110.38326774265552,532.551
178,4,18,-57.8723157809231,110.38326774265552,535.101
179,4,19,-66.84555193510822,110.38326774265552,537.022
180,4,20,-75.81970333464213,110.38326091246635,538.096
181,4,21,-84.79550763995518,110.38324725208801,538.172
182,4,22,-86.22626834653276,-69.61668945497662,537.176
183,4,23,-77.24495207855952,-69.61671677573331,535.129
184,4,24,-68.25993384805612,-69.61672360592247,532.138
185,4,25,-59.27073554178068,-69.61672360592247,528.393
186,4,26,-50.27695417857216,-69.61672360592247,524.153
187,4,27,-41.27844973955258,-69.61672360592247,519.716
188,4,28,-32.27510611150604,-69.61672360592247,515.401
189,4,29,-23.267073558594287,-69.61672360592247,511.514
190,4,30,-14.254632972346938,-69.61672360592247,508.322
191,4,31,-5.238209105153002,-69.61672360592247,506.034
192,4,32,3.7816507740802727,-69.61673043611164,504.774
193,4,33,12.804304627570906,-69.61673043611164,504.582
194,4,34,21.829018209983122,-69.61673043611164,505.402
195,4,35,30.85510978306039,-69.61673043611164,507.097
196,4,36,39.88180924297378,-69.61673043611164,509.457
197,4,37,48.90840966514421,-69.61673043611164,512.227
198,4,38,57.93425193631678,-69.61673043611164,515.128
199,4,39,66.95872816965533,-69.61673043611164,517.886
200,5,0,80.49178495336263,-60.61674043094758,521.241
201,5,1,89.51077654479766,-60.61702046870355,522.711
202,5,2,81.47303725028334,119.38329189876544,523.473
203,5,3,72.45991962153451,119.38327823838709,523.536
204,5,4,63.45003950245227,119.38327823838709,522.994
205,5,5,54.44354374210377,119.38327823838709,522.007
206,5,6,45.44050064238071,119.38327823838709,520.785
207,5,7,36.4409785051748,119.38327823838709,519.564
208,5,8,27.444968792749563,119.38327823838709,518.581
209,5,9,18.452435646611864,119.38327823838709,518.044
210,5,10,9.463309911096353,119.38327823838709,518.115
211,5,11,0.4774456442703767,119.38327823838709,518.888
212,5,12,-8.5053451441508,119.38327823838709,520.379
213,5,13,-17.485342331840588,119.38327823838709,522.521
214,5,14,-26.4629088259595,119.38327823838709,525.172
215,5,15,-35.438480904840766,119.38326457800875,528.123
216,5,16,-44.41258107795589,119.38326457800875,531.121
217,5,17,-53.385810401951844,119.38326457800875,533.889
218,5,18,-62.35886897121855,119.38326457800875,536.155
219,5,19,-71.33246712542967,119.38326457800875,537.676
220,5,20,-80.3073425250156,119.38326457800875,538.265
221,5,21,-89.2842738115417,119.38307333271199,537.809
222,5,22,-81.73603368427467,-60.61670628000173,536.279
223,5,23,-72.75294156711723,-60.61671994038007,533.741
224,5,24,-63.76589477043034,-60.61671994038007,530.345
225,5,25,-54.774425426255874,-60.61671994038007,526.317
226,5,26,-45.77831838363496,-60.616726770569244,521.939
227,5,27,-36.777375567081684,-60.616726770569244,517.523
228,5,28,-27.77166186339315,-60.616726770569244,513.386
229,5,29,-18.761380470697173,-60.616726770569244,509.816
230,5,30,-9.746887412604234,-60.616726770569244,507.055
231,5,31,-0.7286705673923181,-60.616726770569244,505.271
232,5,32,8.29267183641682,-60.616726770569244,504.546
233,5,33,17.316459074422852,-60.616726770569244,504.872
234,5,34,26.341941053116695,-60.616726770569244,506.152
235,5,35,35.36842706961853,-60.616726770569244,508.209
236,5,36,44.395167510666944,-60.616726770569244,510.808
237,5,37,53.42146398941931,-60.616733600758415,513.679
238,5,38,62.446691543566565,-60.616733600758415,516.541
239,5,39,71.47029351269137,-60.616733600758415,519.134
240,6,0,75.98132610097214,-51.61673676540518,520.259
241,6,1,85.00161542834948,-51.616753840878104,522.062
242,6,2,85.98075719681665,128.38330922468617,523.182
243,6,3,76.96608228493706,128.3832819039295,523.588
244,6,4,67.95456292045402,128.3832819039295,523.332
245,6,5,58.9463630279076,128.3832819039295,522.544
246,6,6,49.94158506013537,128.3832819039295,521.411
247,6,7,40.94030414921817,128.3832819039295,520.16
248,6,8,31.942530540439776,128.38326824355116,519.029
249,6,9,22.948269356442065,128.38326824355116,518.245
250,6,10,13.957451441559682,128.38326824355116,517.996
251,6,11,4.969980319370608,128.38326824355116,518.411
252,6,12,-4.014321168156758,128.38326824355116,519.546
253,6,13,-12.995683113020078,128.38326824355116,521.376
254,6,14,-21.974405616656014,128.38326824355116,523.795
255,6,15,-30.95091343145357,128.38326824355116,526.625
256,6,16,-39.92567954801277,128.38326824355116,529.633
257,6,17,-48.8992572116564,128.38326824355116,532.551
258,6,18,-57.8723157809231,128.38326824355116,535.101
259,6,19,-66.84555193510822,128.38326824355116,537.022
260,6,20,-75.81970333464213,128.38326824355116,538.096
261,6,21,-84.79550763995518,128.38324092279447,538.172
262,6,22,-86.22626834653276,-51.61668895408099,537.176
263,6,23,-77.24495207855952,-51.61671627483767,535.129
264,6,24,-68.25993384805612,-51.61671968993225,532.138
265,6,25,-59.27073554178068,-51.61672310502684,528.393
266,6,26,-50.27695417857216,-51.61672310502684,524.153
267,6,27,-41.27844973955258,-51.61672310502684,519.716
268,6,28,-32.27510611150604,-51.616726520121425,515.401
269,6,29,-23.267073558594287,-51.616726520121425,511.514
270,6,30,-14.254632972346938,-51.616726520121425,508.322
271,6,31,-5.238209105153002,-51.616726520121425,506.034
272,6,32,3.7816507740802727,-51.616726520121425,504.774
273,6,33,12.804304627570906,-51.616726520121425,504.582
274,6,34,21.829018209983122,-51.616726520121425,505.402
275,6,35,30.85510978306039,-51.616726520121425,507.097
276,6,36,39.88180924297378,-51.616729935216014,509.457
277,6,37,48.90840966514421,-51.616729935216014,512.227
278,6,38,57.93425193631678,-51.616729935216014,515.128
279,6,39,66.95872816965533,-51.6167333503106,517.886
280,7,0,80.49178495336263,-42.61674334514653,521.241
281,7,1,89.51077654479766,-42.6170233829025,522.711
282,7,2,81.47303725028334,137.3832855694719,523.473
283,7,3,72.45991962153451,137.38327190909357,523.536
284,7,4,63.45003950245227,137.38327190909357,522.994
285,7,5,54.44354374210377,137.38327190909357,522.007
286,7,6,45.44050064238071,137.38327190909357,520.785
287,7,7,36.4409785051748,137.38327190909357,519.564
288,7,8,27.444968792749563,137.38327190909357,518.581
289,7,9,18.452435646611864,137.38327190909357,518.044
290,7,10,9.463309911096353,137.38327190909357,518.115
291,7,11,0.4774456442703767,137.38327190909357,518.888
292,7,12,-8.5053451441508,137.38327190909357,520.379
293,7,13,-17.485342331840588,137.38327190909357,522.521
294,7,14,-26.4629088259595,137.38327190909357,525.172
295,7,15,-35.438480904840766,137.38327190909357,528.123
296,7,16,-44.41258107795589,137.38327190909357,531.121
297,7,17,-53.385810401951844,137.38327190909357,533.889
298,7,18,-62.35886897121855,137.38327190909357,536.155
299,7,19,-71.33246712542967,137.3832582487152,537.676
300,7,20,-80.3073425250156,137.3832582487152,538.265
301,7,21,-89.2842738115417,137.38306700341846,537.809
302,7,22,-81.73603368427467,-42.61671260929527,536.279
303,7,23,-72.75294156711723,-42.616722854579024,533.741
304,7,24,-63.76589477043034,-42.616726269673606,530.345
305,7,25,-54.774425426255874,-42.616726269673606,526.317
306,7,26,-45.77831838363496,-42.616726269673606,521.939
307,7,27,-36.777375567081684,-42.616726269673606,517.523
308,7,28,-27.77166186339315,-42.616729684768195,513.386
309,7,29,-18.761380470697173,-42.616729684768195,509.816
310,7,30,-9.746887412604234,-42.616729684768195,507.055
311,7,31,-0.7286705673923181,-42.616729684768195,505.271
312,7,32,8.29267183641682,-42.616729684768195,504.546
313,7,33,17.316459074422852,-42.616729684768195,504.872
314,7,34,26.341941053116695,-42.616729684768195,506.152
315,7,35,35.36842706961853,-42.61673309986278,508.209
316,7,36,44.395167510666944,-42.61673309986278,510.808
317,7,37,53.42146398941931,-42.61673309986278,513.679
318,7,38,62.446691543566565,-42.61673309986278,516.541
319,7,39,71.47029351269137,-42.61673651495737,519.134
320,8,0,75.98132610097214,-33.61673626450955,520.259
321,8,1,85.00161542834948,-33.61675333998247,522.062
322,8,2,85.98075719681665,146.38330289539263,523.182
323,8,3,76.96608228493706,146.3832892350143,523.588
324,8,4,67.95456292045402,146.38327557463595,523.332
325,8,5,58.9463630279076,146.38327557463595,522.544
326,8,6,49.94158506013537,146.38327557463595,521.411
327,8,7,40.94030414921817,146.38327557463595,520.16
328,8,8,31.942530540439776,146.38327557463595,519.029
329,8,9,22.948269356442065,146.38327557463595,518.245
330,8,10,13.957451441559682,146.38327557463595,517.996
331,8,11,4.969980319370608,146.38327557463595,518.411
332,8,12,-4.014321168156758,146.38327557463595,519.546
333,8,13,-12.995683113020078,146.38327557463595,521.376
334,8,14,-21.974405616656014,146.38327557463595,523.795
335,8,15,-30.95091343145357,146.38327557463595,526.625
336,8,16,-39.92567954801277,146.38327557463595,529.633
337,8,17,-48.8992572116564,146.38327557463595,532.551
338,8,18,-57.8723157809231,146.38327557463595,535.101
339,8,19,-66.84555193510822,146.38326191425762,537.022
340,8,20,-75.81970333464213,146.38326191425762,538.096
341,8,21,-84.79550763995518,146.3832482538793,538.172
342,8,22,-86.22626834653276,-33.616688453185354,537.176
343,8,23,-77.24495207855952,-33.61671577394204,535.129
344,8,24,-68.25993384805612,-33.61671918903662,532.138
345,8,25,-59.27073554178068,-33.616722604131205,528.393
346,8,26,-50.27695417857216,-33.616722604131205,524.153
347,8,27,-41.27844973955258,-33.616722604131205,519.716
348,8,28,-32.27510611150604,-33.616726019225794,515.401
349,8,29,-23.267073558594287,-33.616726019225794,511.514
350,8,30,-14.254632972346938,-33.616726019225794,508.322
351,8,31,-5.238209105153002,-33.616726019225794,506.034
352,8,32,3.7816507740802727,-33.616726019225794,504.774
353,8,33,12.804304627570906,-33.616726019225794,504.582
354,8,34,21.829018209983122,-33.616726019225794,505.402
355,8,35,30.85510978306039,-33.616726019225794,507.097
356,8,36,39.88180924297378,-33.616729434320376,509.457
357,8,37,48.90840966514421,-33.616729434320376,512.227
358,8,38,57.93425193631678,-33.616729434320376,515.128
359,8,39,66.95872816965533,-33.616732849414966,517.886
360,9,0,80.49178495336263,-24.61674455179819,521.241
361,9,1,89.51077654479766,-24.61702288200687,522.711
362,9,2,81.47303725028334,155.3832929005567,523.473
363,9,3,72.45991962153451,155.38327924017835,523.536
364,9,4,63.45003950245227,155.38327924017835,522.994
365,9,5,54.44354374210377,155.38327924017835,522.007
366,9,6,45.44050064238071,155.38327924017835,520.785
367,9,7,36.4409785051748,155.38327924017835,519.564
368,9,8,27.444968792749563,155.38326557980002,518.581
369,9,9,18.452435646611864,155.38326557980002,518.044
370,9,10,9.463309911096353,155.38326557980002,518.115
371,9,11,0.4774456442703767,155.38326557980002,518.888
372,9,12,-8.5053451441508,155.38326557980002,520.379
373,9,13,-17.485342331840588,155.38326557980002,522.521
374,9,14,-26.4629088259595,155.38326557980002,525.172
375,9,15,-35.438480904840766,155.38326557980002,528.123
376,9,16,-44.41258107795589,155.38326557980002,531.121
377,9,17,-53.385810401951844,155.38326557980002,533.889
378,9,18,-62.35886897121855,155.38326557980002,536.155
379,9,19,-71.33246712542967,155.38326557980002,537.676
380,9,20,-80.3073425250156,155.38325191942167,538.265
381,9,21,-89.2842738115417,155.38307433450325,537.809
382,9,22,-81.73603368427467,-24.616712108399636,536.279
383,9,23,-72.75294156711723,-24.6167206461361,533.741
384,9,24,-63.76589477043034,-24.616724061230684,530.345
385,9,25,-54.774425426255874,-24.616725768777975,526.317
386,9,26,-45.77831838363496,-24.61672747632527,521.939
387,9,27,-36.777375567081684,-24.61672747632527,517.523
388,9,28,-27.77166186339315,-24.61672747632527,513.386
389,9,29,-18.761380470697173,-24.61672918387256,509.816
390,9,30,-9.746887412604234,-24.61672918387256,507.055
391,9,31,-0.7286705673923181,-24.61672918387256,505.271
392,9,32,8.29267183641682,-24.61672918387256,504.546
393,9,33,17.316459074422852,-24.61672918387256,504.872
394,9,34,26.341941053116695,-24.616730891419852,506.152
395,9,35,35.36842706961853,-24.616730891419852,508.209
396,9,36,44.395167510666944,-24.616730891419852,510.808
397,9,37,53.42146398941931,-24.616732598967147,513.679
398,9,38,62.446691543566565,-24.616734306514438,516.541
399,9,39,71.47029351269137,-24.616736014061733,519.134
400,10,0,75.98132610097214,-15.616735763613914,520.259
401,10,1,85.00161542834948,-15.616754546634132,522.062
402,10,2,85.98075719681665,164.38331022647745,523.182
403,10,3,76.96608228493706,164.38328290572076,523.588
404,10,4,67.95456292045402,164.38328290572076,523.332
405,10,5,58.9463630279076,164.38328290572076,522.544
406,10,6,49.94158506013537,164.38328290572076,521.411
407,10,7,40.94030414921817,164.38328290572076,520.16
408,10,8,31.942530540439776,164.38326924534243,519.029
409,10,9,22.948269356442065,164.38326924534243,518.245
410,10,10,13.957451441559682,164.38326924534243,517.996
411,10,11,4.969980319370608,164.38326924534243,518.411
412,10,12,-4.014321168156758,164.38326924534243,519.546
413,10,13,-12.995683113020078,164.38326924534243,521.376
414,10,14,-21.974405616656014,164.38326924534243,523.795
415,10,15,-30.95091343145357,164.38326924534243,526.625
416,10,16,-39.92567954801277,164.38326924534243,529.633
417,10,17,-48.8992572116564,164.38326924534243,532.551
418,10,18,-57.8723157809231,164.38326924534243,535.101
419,10,19,-66.84555193510822,164.38326924534243,537.022
420,10,20,-75.81970333464213,164.38326924534243,538.096
421,10,21,-84.79550763995518,164.38324192458575,538.172
422,10,22,-86.22626834653276,-15.616687952289723,537.176
423,10,23,-77.24495207855952,-15.616715273046404,535.129
424,10,24,-68.25993384805612,-15.616718688140988,532.138
425,10,25,-59.27073554178068,-15.616722103235574,528.393
426,10,26,-50.27695417857216,-15.616722103235574,524.153
427,10,27,-41.27844973955258,-15.616723810782867,519.716
428,10,28,-32.27510611150604,-15.616723810782867,515.401
429,10,29,-23.267073558594287,-15.616723810782867,511.514
430,10,30,-14.254632972346938,-15.61672551833016,508.322
431,10,31,-5.238209105153002,-15.61672551833016,506.034
432,10,32,3.7816507740802727,-15.61672551833016,504.774
433,10,33,12.804304627570906,-15.61672551833016,504.582
434,10,34,21.829018209983122,-15.616727225877451,505.402
435,10,35,30.85510978306039,-15.616727225877451,507.097
436,10,36,39.88180924297378,-15.616727225877451,509.457
437,10,37,48.90840966514421,-15.616728933424744,512.227
438,10,38,57.93425193631678,-15.616728933424744,515.128
439,10,39,66.95872816965533,-15.616730640972037,517.886
440,11,0,80.49178495336263,-6.6167436240157365,521.241
441,11,1,89.51077654479766,-6.617022381111238,522.711
442,11,2,81.47303725028334,173.38328657126317,523.473
443,11,3,72.45991962153451,173.3832729108848,523.536
444,11,4,63.45003950245227,173.3832729108848,522.994
445,11,5,54.44354374210377,173.3832729108848,522.007
446,11,6,45.44050064238071,173.3832729108848,520.785
447,11,7,36.4409785051748,173.3832729108848,519.564
448,11,8,27.444968792749563,173.3832729108848,518.581
449,11,9,18.452435646611864,173.3832729108848,518.044
450,11,10,9.463309911096353,173.3832729108848,518.115
451,11,11,0.4774456442703767,173.3832729108848,518.888
452,11,12,-8.5053451441508,173.3832729108848,520.379
453,11,13,-17.485342331840588,173.3832729108848,522.521
454,11,14,-26.4629088259595,173.3832729108848,525.172
455,11,15,-35.438480904840766,173.3832729108848,528.123
456,11,16,-44.41258107795589,173.3832729108848,531.121
457,11,17,-53.385810401951844,173.3832729108848,533.889
458,11,18,-62.35886897121855,173.3832729108848,536.155
459,11,19,-71.33246712542967,173.38325925050648,537.676
460,11,20,-80.3073425250156,173.38325925050648,538.265
461,11,21,-89.2842738115417,173.3830680052097,537.809
462,11,22,-81.73603368427467,-6.616711607504002,536.279
463,11,23,-72.75294156711723,-6.616720572127288,533.741
464,11,24,-63.76589477043034,-6.61672356033505,530.345
465,11,25,-54.774425426255874,-6.616725267882343,526.317
466,11,26,-45.77831838363496,-6.616726121655988,521.939
467,11,27,-36.777375567081684,-6.616726975429635,517.523
468,11,28,-27.77166186339315,-6.616727402316458,513.386
469,11,29,-18.761380470697173,-6.616727829203281,509.816
470,11,30,-9.746887412604234,-6.616728256090104,507.055
471,11,31,-0.7286705673923181,-6.616728682976928,505.271
472,11,32,8.29267183641682,-6.61672910986375,504.546
473,11,33,17.316459074422852,-6.616729536750574,504.872
474,11,34,26.341941053116695,-6.616729963637397,506.152
475,11,35,35.36842706961853,-6.61673039052422,508.209
476,11,36,44.395167510666944,-6.616731244297866,510.808
477,11,37,53.42146398941931,-6.6167320980715125,513.679
478,11,38,62.446691543566565,-6.616733378731982,516.541
479,11,39,71.47029351269137,-6.616736366939744,519.134
480,12,0,75.98132610097214,2.3832649507251307,520.259
481,12,1,85.00161542834948,2.3832461677049133,522.062
482,12,2,85.98075719681665,-177.61669246035044,523.182
483,12,3,76.96608228493706,-177.6167197811071,523.588
484,12,4,67.95456292045402,-177.6167197811071,523.332
485,12,5,58.9463630279076,-177.6167197811071,522.544
486,12,6,49.94158506013537,-177.6167197811071,521.411
487,12,7,40.94030414921817,-177.6167197811071,520.16
488,12,8,31.942530540439776,-177.6167197811071,519.029
489,12,9,22.948269356442065,-177.6167197811071,518.245
490,12,10,13.957451441559682,-177.6167197811071,517.996
491,12,11,4.969980319370608,-177.6167197811071,518.411
492,12,12,-4.014321168156758,-177.6167197811071,519.546
493,12,13,-12.995683113020078,-177.6167197811071,521.376
494,12,14,-21.974405616656014,-177.6167197811071,523.795
495,12,15,-30.95091343145357,-177.6167197811071,526.625
496,12,16,-39.92567954801277,-177.61673344148545,529.633
497,12,17,-48.8992572116564,-177.61673344148545,532.551
498,12,18,-57.8723157809231,-177.61673344148545,535.101
499,12,19,-66.84555193510822,-177.61673344148545,537.022
500,12,20,-75.81970333464213,-177.61673344148545,538.096
501,12,21,-84.79550763995518,-177.61674710186378,538.172
502,12,22,-86.22626834653276,2.3833129754927325,537.176
503,12,23,-77.24495207855952,2.3832860816228756,535.129
504,12,24,-68.25993384805612,2.3832811724244096,532.138
505,12,25,-59.27073554178068,2.383279037990294,528.393
506,12,26,-50.27695417857216,2.383277970773236,524.153
507,12,27,-41.27844973955258,2.3832771169995897,519.716
508,12,28,-32.27510611150604,2.383276476669355,515.401
509,12,29,-23.267073558594287,2.383276049782532,511.514
510,12,30,-14.254632972346938,2.383275622895709,508.322
511,12,31,-5.238209105153002,2.383275196008886,506.034
512,12,32,3.7816507740802727,2.3832747691220626,504.774
513,12,33,12.804304627570906,2.3832743422352394,504.582
514,12,34,21.829018209983122,2.3832739153484166,505.402
515,12,35,30.85510978306039,2.3832734884615934,507.097
516,12,36,39.88180924297378,2.3832728481313588,509.457
517,12,37,48.90840966514421,2.3832719943577123,512.227
518,12,38,57.93425193631678,2.3832709271406545,515.128
519,12,39,66.95872816965533,2.3832690061499506,517.886
520,13,0,80.49178495336263,11.383263280182243,521.241
521,13,1,89.51077654479766,11.382984949973565,522.711
522,13,2,81.47303725028334,-168.61670245518636,523.473
523,13,3,72.45991962153451,-168.6167161155647,523.536
524,13,4,63.45003950245227,-168.6167161155647,522.994
525,13,5,54.44354374210377,-168.6167161155647,522.007
526,13,6,45.44050064238071,-168.6167161155647,520.785
527,13,7,36.4409785051748,-168.6167161155647,519.564
528,13,8,27.444968792749563,-168.6167161155647,518.581
529,13,9,18.452435646611864,-168.6167161155647,518.044
530,13,10,9.463309911096353,-168.6167161155647,518.115
531,13,11,0.4774456442703767,-168.6167161155647,518.888
532,13,12,-8.5053451441508,-168.6167161155647,520.379
533,13,13,-17.485342331840588,-168.6167161155647,522.521
534,13,14,-26.4629088259595,-168.6167161155647,525.172
535,13,15,-35.438480904840766,-168.61672977594304,528.123
536,13,16,-44.41258107795589,-168.61672977594304,531.121
537,13,17,-53.385810401951844,-168.61672977594304,533.889
538,13,18,-62.35886897121855,-168.61672977594304,536.155
539,13,19,-71.33246712542967,-168.61672977594304,537.676
540,13,20,-80.3073425250156,-168.61672977594304,538.265
541,13,21,-89.2842738115417,-168.6169210212398,537.809
542,13,22,-81.73603368427467,11.383295723580801,536.279
543,13,23,-72.75294156711723,11.383286332070693,533.741
544,13,24,-63.76589477043034,11.383283770749754,530.345
545,13,25,-54.774425426255874,11.383282063202461,526.317
546,13,26,-45.77831838363496,11.383281209428814,521.939
547,13,27,-36.777375567081684,11.383280355655168,517.523
548,13,28,-27.77166186339315,11.383279501881523,513.386
549,13,29,-18.761380470697173,11.383279501881523,509.816
550,13,30,-9.746887412604234,11.383278648107876,507.055
551,13,31,-0.7286705673923181,11.383278648107876,505.271
552,13,32,8.29267183641682,11.383278648107876,504.546
553,13,33,17.316459074422852,11.38327779433423,504.872
554,13,34,26.341941053116695,11.383276940560583,506.152
555,13,35,35.36842706961853,11.383276940560583,508.209
556,13,36,44.395167510666944,11.383276086786937,510.808
557,13,37,53.42146398941931,11.383275233013292,513.679
558,13,38,62.446691543566565,11.383273525465999,516.541
559,13,39,71.47029351269137,11.38327096414506,519.134
560,14,0,75.98132610097214,20.383258407988183,520.259
561,14,1,85.00161542834948,20.383239624967963,522.062
562,14,2,85.98075719681665,-159.61669878964395,523.182
563,14,3,76.96608228493706,-159.61672611040063,523.588
564,14,4,67.95456292045402,-159.61672611040063,523.332
565,14,5,58.9463630279076,-159.61672611040063,522.544
566,14,6,49.94158506013537,-159.61672611040063,521.411
567,14,7,40.94030414921817,-159.61672611040063,520.16
568,14,8,31.942530540439776,-159.61672611040063,519.029
569,14,9,22.948269356442065,-159.61672611040063,518.245
570,14,10,13.957451441559682,-159.61672611040063,517.996
571,14,11,4.969980319370608,-159.61672611040063,518.411
572,14,12,-4.014321168156758,-159.61672611040063,519.546
573,14,13,-12.995683113020078,-159.61672611040063,521.376
574,14,14,-21.974405616656014,-159.61672611040063,523.795
575,14,15,-30.95091343145357,-159.61672611040063,526.625
576,14,16,-39.92567954801277,-159.616739770779,529.633
577,14,17,-48.8992572116564,-159.616739770779,532.551
578,14,18,-57.8723157809231,-159.616739770779,535.101
579,14,19,-66.84555193510822,-159.616739770779,537.022
580,14,20,-75.81970333464213,-159.616739770779,538.096
581,14,21,-84.79550763995518,-159.61675343115732,538.172
582,14,22,-86.22626834653276,20.383306219312374,537.176
583,14,23,-77.24495207855952,20.38327889855569,535.129
584,14,24,-68.25993384805612,20.38327548346111,532.138
585,14,25,-59.27073554178068,20.383272068366523,528.393
586,14,26,-50.27695417857216,20.383272068366523,524.153
587,14,27,-41.27844973955258,20.383270360819232,519.716
588,14,28,-32.27510611150604,20.383270360819232,515.401
589,14,29,-23.267073558594287,20.383270360819232,511.514
590,14,30,-14.254632972346938,20.383268653271937,508.322
591,14,31,-5.238209105153002,20.383268653271937,506.034
592,14,32,3.7816507740802727,20.383268653271937,504.774
593,14,33,12.804304627570906,20.383268653271937,504.582
594,14,34,21.829018209983122,20.383266945724646,505.402
595,14,35,30.85510978306039,20.383266945724646,507.097
596,14,36,39.88180924297378,20.383266945724646,509.457
597,14,37,48.90840966514421,20.38326523817735,512.227
598,14,38,57.93425193631678,20.38326523817735,515.128
599,14,39,66.95872816965533,20.38326353063006,517.886
600,15,0,80.49178495336263,29.383258658436,521.241
601,15,1,89.51077654479766,29.382978620680028,522.711
602,15,2,81.47303725028334,-150.6167087844799,523.473
603,15,3,72.45991962153451,-150.61672244485823,523.536
604,15,4,63.45003950245227,-150.61672244485823,522.994
605,15,5,54.44354374210377,-150.61672244485823,522.007
606,15,6,45.44050064238071,-150.61672244485823,520.785
607,15,7,36.4409785051748,-150.61672244485823,519.564
608,15,8,27.444968792749563,-150.61672244485823,518.581
609,15,9,18.452435646611864,-150.61672244485823,518.044
610,15,10,9.463309911096353,-150.61672244485823,518.115
611,15,11,0.4774456442703767,-150.61672244485823,518.888
612,15,12,-8.5053451441508,-150.61672244485823,520.379
613,15,13,-17.485342331840588,-150.61672244485823,522.521
614,15,14,-26.4629088259595,-150.61672244485823,525.172
615,15,15,-35.438480904840766,-150.61673610523658,528.123
616,15,16,-44.41258107795589,-150.61673610523658,531.121
617,15,17,-53.385810401951844,-150.61673610523658,533.889
618,15,18,-62.35886897121855,-150.61673610523658,536.155
619,15,19,-71.33246712542967,-150.61673610523658,537.676
620,15,20,-80.3073425250156,-150.61673610523658,538.265
621,15,21,-89.2842738115417,-150.61692735053333,537.809
622,15,22,-81.73603368427467,29.383289394287264,536.279
623,15,23,-72.75294156711723,29.38327914900351,533.741
624,15,24,-63.76589477043034,29.383275733908924,530.345
625,15,25,-54.774425426255874,29.383275733908924,526.317
626,15,26,-45.77831838363496,29.383275733908924,521.939
627,15,27,-36.777375567081684,29.383275733908924,517.523
628,15,28,-27.77166186339315,29.38327231881434,513.386
629,15,29,-18.761380470697173,29.38327231881434,509.816
630,15,30,-9.746887412604234,29.38327231881434,507.055
631,15,31,-0.7286705673923181,29.38327231881434,505.271
632,15,32,8.29267183641682,29.38327231881434,504.546
633,15,33,17.316459074422852,29.38327231881434,504.872
634,15,34,26.341941053116695,29.38327231881434,506.152
635,15,35,35.36842706961853,29.383268903719753,508.209
636,15,36,44.395167510666944,29.383268903719753,510.808
637,15,37,53.42146398941931,29.383268903719753,513.679
638,15,38,62.446691543566565,29.383268903719753,516.541
639,15,39,71.47029351269137,29.38326548862517,519.134
640,16,0,75.98132610097214,38.38326573907299,520.259
641,16,1,85.00161542834948,38.383248663600064,522.062
642,16,2,85.98075719681665,-141.61669145855916,523.182
643,16,3,76.96608228493706,-141.61671877931585,523.588
644,16,4,67.95456292045402,-141.61671877931585,523.332
645,16,5,58.9463630279076,-141.61671877931585,522.544
646,16,6,49.94158506013537,-141.61671877931585,521.411
647,16,7,40.94030414921817,-141.61671877931585,520.16
648,16,8,31.942530540439776,-141.61671877931585,519.029
649,16,9,22.948269356442065,-141.61671877931585,518.245
650,16,10,13.957451441559682,-141.61671877931585,517.996
651,16,11,4.969980319370608,-141.61671877931585,518.411
652,16,12,-4.014321168156758,-141.61671877931585,519.546
653,16,13,-12.995683113020078,-141.61671877931585,521.376
654,16,14,-21.974405616656014,-141.61671877931585,523.795
655,16,15,-30.95091343145357,-141.61671877931585,526.625
656,16,16,-39.92567954801277,-141.61673243969418,529.633
657,16,17,-48.8992572116564,-141.61673243969418,532.551
658,16,18,-57.8723157809231,-141.61673243969418,535.101
659,16,19,-66.84555193510822,-141.61673243969418,537.022
660,16,20,-75.81970333464213,-141.61673243969418,538.096
661,16,21,-84.79550763995518,-141.6167461000725,538.172
662,16,22,-86.22626834653276,38.383313550397176,537.176
663,16,23,-77.24495207855952,38.3832862296405,535.129
664,16,24,-68.25993384805612,38.38328281454591,532.138
665,16,25,-59.27073554178068,38.383279399451325,528.393
666,16,26,-50.27695417857216,38.383279399451325,524.153
667,16,27,-41.27844973955258,38.383279399451325,519.716
668,16,28,-32.27510611150604,38.38327598435674,515.401
669,16,29,-23.267073558594287,38.38327598435674,511.514
670,16,30,-14.254632972346938,38.38327598435674,508.322
671,16,31,-5.238209105153002,38.38327598435674,506.034
672,16,32,3.7816507740802727,38.38327598435674,504.774
673,16,33,12.804304627570906,38.38327598435674,504.582
674,16,34,21.829018209983122,38.38327598435674,505.402
675,16,35,30.85510978306039,38.38327598435674,507.097
676,16,36,39.88180924297378,38.383272569262154,509.457
677,16,37,48.90840966514421,38.383272569262154,512.227
678,16,38,57.93425193631678,38.383272569262154,515.128
679,16,39,66.95872816965533,38.38326915416757,517.886
680,17,0,80.49178495336263,47.383252329142465,521.241
681,17,1,89.51077654479766,47.382972291386494,522.711
682,17,2,81.47303725028334,-132.61671511377344,523.473
683,17,3,72.45991962153451,-132.61672877415177,523.536
684,17,4,63.45003950245227,-132.61672877415177,522.994
685,17,5,54.44354374210377,-132.61672877415177,522.007
686,17,6,45.44050064238071,-132.61672877415177,520.785
687,17,7,36.4409785051748,-132.61672877415177,519.564
688,17,8,27.444968792749563,-132.61672877415177,518.581
689,17,9,18.452435646611864,-132.61672877415177,518.044
690,17,10,9.463309911096353,-132.61672877415177,518.115
691,17,11,0.4774456442703767,-132.61672877415177,518.888
692,17,12,-8.5053451441508,-132.61672877415177,520.379
693,17,13,-17.485342331840588,-132.61672877415177,522.521
694,17,14,-26.4629088259595,-132.61672877415177,525.172
695,17,15,-35.438480904840766,-132.61674243453012,528.123
696,17,16,-44.41258107795589,-132.61674243453012,531.121
697,17,17,-53.385810401951844,-132.61674243453012,533.889
698,17,18,-62.35886897121855,-132.61674243453012,536.155
699,17,19,-71.33246712542967,-132.61674243453012,537.676
700,17,20,-80.3073425250156,-132.61674243453012,538.265
701,17,21,-89.2842738115417,-132.61693367982687,537.809
702,17,22,-81.73603368427467,47.383283064993726,536.279
703,17,23,-72.75294156711723,47.38327281970997,533.741
704,17,24,-63.76589477043034,47.38326940461539,530.345
705,17,25,-54.774425426255874,47.38326940461539,526.317
706,17,26,-45.77831838363496,47.38326940461539,521.939
707,17,27,-36.777375567081684,47.38326940461539,517.523
708,17,28,-27.77166186339315,47.3832659895208,513.386
709,17,29,-18.761380470697173,47.3832659895208,509.816
710,17,30,-9.746887412604234,47.3832659895208,507.055
711,17,31,-0.7286705673923181,47.3832659895208,505.271
712,17,32,8.29267183641682,47.3832659895208,504.546
713,17,33,17.316459074422852,47.3832659895208,504.872
714,17,34,26.341941053116695,47.3832659895208,506.152
715,17,35,35.36842706961853,47.38326257442622,508.209
716,17,36,44.395167510666944,47.38326257442622,510.808
717,17,37,53.42146398941931,47.38326257442622,513.679
718,17,38,62.446691543566565,47.38326257442622,516.541
719,17,39,71.47029351269137,47.38325915933163,519.134
720,18,0,75.98132610097214,56.38325940977945,520.259
721,18,1,85.00161542834948,56.38324233430652,522.062
722,18,2,85.98075719681665,-123.6166977878527,523.182
723,18,3,76.96608228493706,-123.61672510860937,523.588
724,18,4,67.95456292045402,-123.61672510860937,523.332
725,18,5,58.9463630279076,-123.61672510860937,522.544
726,18,6,49.94158506013537,-123.61672510860937,521.411
727,18,7,40.94030414921817,-123.61672510860937,520.16
728,18,8,31.942530540439776,-123.61672510860937,519.029
729,18,9,22.948269356442065,-123.61672510860937,518.245
730,18,10,13.957451441559682,-123.61672510860937,517.996
731,18,11,4.969980319370608,-123.61672510860937,518.411
732,18,12,-4.014321168156758,-123.61672510860937,519.546
733,18,13,-12.995683113020078,-123.61672510860937,521.376
734,18,14,-21.974405616656014,-123.61672510860937,523.795
735,18,15,-30.95091343145357,-123.61672510860937,526.625
736,18,16,-39.92567954801277,-123.61673876898772,529.633
737,18,17,-48.8992572116564,-123.61673876898772,532.551
738,18,18,-57.8723157809231,-123.61673876898772,535.101
739,18,19,-66.84555193510822,-123.61673876898772,537.022
740,18,20,-75.81970333464213,-123.61673876898772,538.096
741,18,21,-84.79550763995518,-123.61675242936606,538.172
742,18,22,-86.22626834653276,56.38330722110364,537.176
743,18,23,-77.24495207855952,56.383279900346956,535.129
744,18,24,-68.25993384805612,56.383276485252374,532.138
745,18,25,-59.27073554178068,56.38327307015779,528.393
746,18,26,-50.27695417857216,56.38327307015779,524.153
747,18,27,-41.27844973955258,56.38327307015779,519.716
748,18,28,-32.27510611150604,56.3832696550632,515.401
749,18,29,-23.267073558594287,56.3832696550632,511.514
750,18,30,-14.254632972346938,56.3832696550632,508.322
751,18,31,-5.238209105153002,56.3832696550632,506.034
752,18,32,3.7816507740802727,56.3832696550632,504.774
753,18,33,12.804304627570906,56.3832696550632,504.582
754,18,34,21.829018209983122,56.3832696550632,505.402
755,18,35,30.85510978306039,56.3832696550632,507.097
756,18,36,39.88180924297378,56.38326623996862,509.457
757,18,37,48.90840966514421,56.38326623996862,512.227
758,18,38,57.93425193631678,56.38326623996862,515.128
759,18,39,66.95872816965533,56.38326282487404,517.886
760,19,0,80.49178495336263,65.38325624513269,521.241
761,19,1,89.51077654479766,65.38298303756588,522.711
762,19,2,81.47303725028334,-114.61670778268864,523.473
763,19,3,72.45991962153451,-114.61672144306698,523.536
764,19,4,63.45003950245227,-114.61672144306698,522.994
765,19,5,54.44354374210377,-114.61672144306698,522.007
766,19,6,45.44050064238071,-114.61672144306698,520.785
767,19,7,36.4409785051748,-114.61672144306698,519.564
768,19,8,27.444968792749563,-114.61672144306698,518.581
769,19,9,18.452435646611864,-114.61672144306698,518.044
770,19,10,9.463309911096353,-114.61672144306698,518.115
771,19,11,0.4774456442703767,-114.61672144306698,518.888
772,19,12,-8.5053451441508,-114.61672144306698,520.379
773,19,13,-17.485342331840588,-114.61672144306698,522.521
774,19,14,-26.4629088259595,-114.61672144306698,525.172
775,19,15,-35.438480904840766,-114.61673510344531,528.123
776,19,16,-44.41258107795589,-114.61673510344531,531.121
777,19,17,-53.385810401951844,-114.61673510344531,533.889
778,19,18,-62.35886897121855,-114.61673510344531,536.155
779,19,19,-71.33246712542967,-114.61673510344531,537.676
780,19,20,-80.3073425250156,-114.61673510344531,538.265
781,19,21,-89.2842738115417,-114.61692634874207,537.809
782,19,22,-81.73603368427467,65.38329039607854,536.279
783,19,23,-72.75294156711723,65.38328356588936,533.741
784,19,24,-63.76589477043034,65.38327673570019,530.345
785,19,25,-54.774425426255874,65.38327673570019,526.317
786,19,26,-45.77831838363496,65.38327673570019,521.939
787,19,27,-36.777375567081684,65.38327673570019,517.523
788,19,28,-27.77166186339315,65.38327673570019,513.386
789,19,29,-18.761380470697173,65.38327673570019,509.816
790,19,30,-9.746887412604234,65.38327673570019,507.055
791,19,31,-0.7286705673923181,65.38326990551101,505.271
792,19,32,8.29267183641682,65.38326990551101,504.546
793,19,33,17.316459074422852,65.38326990551101,504.872
794,19,34,26.341941053116695,65.38326990551101,506.152
795,19,35,35.36842706961853,65.38326990551101,508.209
796,19,36,44.395167510666944,65.38326990551101,510.808
797,19,37,53.42146398941931,65.38326990551101,513.679
798,19,38,62.446691543566565,65.38326990551101,516.541
799,19,39,71.47029351269137,65.38326307532185,519.134
800,20,0,75.98132610097214,74.38326674086426,520.259
801,20,1,85.00161542834948,74.38324625029674,522.062
802,20,2,85.98075719681665,-105.61669045676788,523.182
803,20,3,76.96608228493706,-105.6167109473354,523.588
804,20,4,67.95456292045402,-105.61671777752457,523.332
805,20,5,58.9463630279076,-105.61671777752457,522.544
806,20,6,49.94158506013537,-105.61671777752457,521.411
807,20,7,40.94030414921817,-105.61671777752457,520.16
808,20,8,31.942530540439776,-105.61672460771373,519.029
809,20,9,22.948269356442065,-105.61672460771373,518.245
810,20,10,13.957451441559682,-105.61672460771373,517.996
811,20,11,4.969980319370608,-105.61672460771373,518.411
812,20,12,-4.014321168156758,-105.61672460771373,519.546
813,20,13,-12.995683113020078,-105.61672460771373,521.376
814,20,14,-21.974405616656014,-105.61672460771373,523.795
815,20,15,-30.95091343145357,-105.61672460771373,526.625
816,20,16,-39.92567954801277,-105.61672460771373,529.633
817,20,17,-48.8992572116564,-105.61672460771373,532.551
818,20,18,-57.8723157809231,-105.61672460771373,535.101
819,20,19,-66.84555193510822,-105.61673143790291,537.022
820,20,20,-75.81970333464213,-105.61673143790291,538.096
821,20,21,-84.79550763995518,-105.61675192847042,538.172
822,20,22,-86.22626834653276,74.38331455218844,537.176
823,20,23,-77.24495207855952,74.38328723143177,535.129
824,20,24,-68.25993384805612,74.38328040124259,532.138
825,20,25,-59.27073554178068,74.38328040124259,528.393
826,20,26,-50.27695417857216,74.38328040124259,524.153
827,20,27,-41.27844973955258,74.38328040124259,519.716
828,20,28,-32.27510611150604,74.38328040124259,515.401
829,20,29,-23.267073558594287,74.38328040124259,511.514
830,20,30,-14.254632972346938,74.38328040124259,508.322
831,20,31,-5.238209105153002,74.38328040124259,506.034
832,20,32,3.7816507740802727,74.38327357105342,504.774
833,20,33,12.804304627570906,74.38327357105342,504.582
834,20,34,21.829018209983122,74.38327357105342,505.402
835,20,35,30.85510978306039,74.38327357105342,507.097
836,20,36,39.88180924297378,74.38327357105342,509.457
837,20,37,48.90840966514421,74.38327357105342,512.227
838,20,38,57.93425193631678,74.38327357105342,515.128
839,20,39,66.95872816965533,74.38327357105342,517.886
840,21,0,80.49178495336263,83.38324991583914,521.241
841,21,1,89.51077654479766,83.38297670827234,522.711
842,21,2,81.47303725028334,-96.61671411198218,523.473
843,21,3,72.45991962153451,-96.6167277723605,523.536
844,21,4,63.45003950245227,-96.6167277723605,522.994
845,21,5,54.44354374210377,-96.6167277723605,522.007
846,21,6,45.44050064238071,-96.6167277723605,520.785
847,21,7,36.4409785051748,-96.61673460254968,519.564
848,21,8,27.444968792749563,-96.61673460254968,518.581
849,21,9,18.452435646611864,-96.61673460254968,518.044
850,21,10,9.463309911096353,-96.61673460254968,518.115
851,21,11,0.4774456442703767,-96.61673460254968,518.888
852,21,12,-8.5053451441508,-96.61673460254968,520.379
853,21,13,-17.485342331840588,-96.61673460254968,522.521
854,21,14,-26.4629088259595,-96.61673460254968,525.172
855,21,15,-35.438480904840766,-96.61673460254968,528.123
856,21,16,-44.41258107795589,-96.61673460254968,531.121
857,21,17,-53.385810401951844,-96.61673460254968,533.889
858,21,18,-62.35886897121855,-96.61673460254968,536.155
859,21,19,-71.33246712542967,-96.61674143273885,537.676
860,21,20,-80.3073425250156,-96.61674826292801,538.265
861,21,21,-89.2842738115417,-96.61693267803561,537.809
862,21,22,-81.73603368427467,83.383284066785,536.279
863,21,23,-72.75294156711723,83.38327723659583,533.741
864,21,24,-63.76589477043034,83.38327040640665,530.345
865,21,25,-54.774425426255874,83.38327040640665,526.317
866,21,26,-45.77831838363496,83.38327040640665,521.939
867,21,27,-36.777375567081684,83.38327040640665,517.523
868,21,28,-27.77166186339315,83.38327040640665,513.386
869,21,29,-18.761380470697173,83.38327040640665,509.816
870,21,30,-9.746887412604234,83.38327040640665,507.055
871,21,31,-0.7286705673923181,83.38326357621749,505.271
872,21,32,8.29267183641682,83.38326357621749,504.546
873,21,33,17.316459074422852,83.38326357621749,504.872
874,21,34,26.341941053116695,83.38326357621749,506.152
875,21,35,35.36842706961853,83.38326357621749,508.209
876,21,36,44.395167510666944,83.38326357621749,510.808
877,21,37,53.42146398941931,83.38326357621749,513.679
878,21,38,62.446691543566565,83.38326357621749,516.541
879,21,39,71.47029351269137,83.38325674602831,519.134
880,22,0,75.98132610097214,92.38326041157072,520.259
881,22,1,85.00161542834948,92.38323992100321,522.062
882,22,2,85.98075719681665,-87.61669678606142,523.182
883,22,3,76.96608228493706,-87.61671727662893,523.588
884,22,4,67.95456292045402,-87.61672410681811,523.332
885,22,5,58.9463630279076,-87.61672410681811,522.544
886,22,6,49.94158506013537,-87.61672410681811,521.411
887,22,7,40.94030414921817,-87.61672410681811,520.16
888,22,8,31.942530540439776,-87.61673093700728,519.029
889,22,9,22.948269356442065,-87.61673093700728,518.245
890,22,10,13.957451441559682,-87.61673093700728,517.996
891,22,11,4.969980319370608,-87.61673093700728,518.411
892,22,12,-4.014321168156758,-87.61673093700728,519.546
893,22,13,-12.995683113020078,-87.61673093700728,521.376
894,22,14,-21.974405616656014,-87.61673093700728,523.795
895,22,15,-30.95091343145357,-87.61673093700728,526.625
896,22,16,-39.92567954801277,-87.61673093700728,529.633
897,22,17,-48.8992572116564,-87.61673093700728,532.551
898,22,18,-57.8723157809231,-87.61673093700728,535.101
899,22,19,-66.84555193510822,-87.61673776719645,537.022
900,22,20,-75.81970333464213,-87.61673776719645,538.096
901,22,21,-84.79550763995518,-87.61675825776396,538.172
902,22,22,-86.22626834653276,92.38330822289491,537.176
903,22,23,-77.24495207855952,92.38328090213822,535.129
904,22,24,-68.25993384805612,92.38327407194906,532.138
905,22,25,-59.27073554178068,92.38327407194906,528.393
906,22,26,-50.27695417857216,92.38327407194906,524.153
907,22,27,-41.27844973955258,92.38327407194906,519.716
908,22,28,-32.27510611150604,92.38327407194906,515.401
909,22,29,-23.267073558594287,92.38327407194906,511.514
910,22,30,-14.254632972346938,92.38327407194906,508.322
911,22,31,-5.238209105153002,92.38327407194906,506.034
912,22,32,3.7816507740802727,92.38326724175988,504.774
913,22,33,12.804304627570906,92.38326724175988,504.582
914,22,34,21.829018209983122,92.38326724175988,505.402
915,22,35,30.85510978306039,92.38326724175988,507.097
916,22,36,39.88180924297378,92.38326724175988,509.457
917,22,37,48.90840966514421,92.38326724175988,512.227
918,22,38,57.93425193631678,92.38326724175988,515.128
919,22,39,66.95872816965533,92.38326724175988,517.886
920,23,0,80.49178495336263,101.38325724692395,521.241
921,23,1,89.51077654479766,101.38298403935714,522.711
922,23,2,81.47303725028334,-78.61670678089736,523.473
923,23,3,72.45991962153451,-78.6167204412757,523.536
924,23,4,63.45003950245227,-78.6167204412757,522.994
925,23,5,54.44354374210377,-78.6167204412757,522.007
926,23,6,45.44050064238071,-78.6167204412757,520.785
927,23,7,36.4409785051748,-78.61672727146488,519.564
928,23,8,27.444968792749563,-78.61672727146488,518.581
929,23,9,18.452435646611864,-78.61672727146488,518.044
930,23,10,9.463309911096353,-78.61672727146488,518.115
931,23,11,0.4774456442703767,-78.61672727146488,518.888
932,23,12,-8.5053451441508,-78.61672727146488,520.379
933,23,13,-17.485342331840588,-78.61672727146488,522.521
934,23,14,-26.4629088259595,-78.61672727146488,525.172
935,23,15,-35.438480904840766,-78.61672727146488,528.123
936,23,16,-44.41258107795589,-78.61672727146488,531.121
937,23,17,-53.385810401951844,-78.61672727146488,533.889
938,23,18,-62.35886897121855,-78.61672727146488,536.155
939,23,19,-71.33246712542967,-78.61673410165405,537.676
940,23,20,-80.3073425250156,-78.61674093184321,538.265
941,23,21,-89.2842738115417,-78.61692534695081,537.809
942,23,22,-81.73603368427467,101.3832913978698,536.279
943,23,23,-72.75294156711723,101.38328456768063,533.741
944,23,24,-63.76589477043034,101.38327773749145,530.345
945,23,25,-54.774425426255874,101.38327773749145,526.317
946,23,26,-45.77831838363496,101.38327773749145,521.939
947,23,27,-36.777375567081684,101.38327773749145,517.523
948,23,28,-27.77166186339315,101.38327773749145,513.386
949,23,29,-18.761380470697173,101.38327773749145,509.816
950,23,30,-9.746887412604234,101.38327773749145,507.055
951,23,31,-0.7286705673923181,101.38327090730229,505.271
952,23,32,8.29267183641682,101.38327090730229,504.546
953,23,33,17.316459074422852,101.38327090730229,504.872
954,23,34,26.341941053116695,101.38327090730229,506.152
955,23,35,35.36842706961853,101.38327090730229,508.209
956,23,36,44.395167510666944,101.38327090730229,510.808
957,23,37,53.42146398941931,101.38327090730229,513.679
958,23,38,62.446691543566565,101.38327090730229,516.541
959,23,39,71.47029351269137,101.38326407711311,519.134
960,24,0,75.98132610097214,110.38326774265552,520.259
961,24,1,85.00161542834948,110.38324725208801,522.062
962,24,2,85.98075719681665,-69.61668945497662,523.182
963,24,3,76.96608228493706,-69.61670994554413,523.588
964,24,4,67.95456292045402,-69.61671677573331,523.332
965,24,5,58.9463630279076,-69.61671677573331,522.544
966,24,6,49.94158506013537,-69.61671677573331,521.411
967,24,7,40.94030414921817,-69.61671677573331,520.16
968,24,8,31.942530540439776,-69.61672360592247,519.029
969,24,9,22.948269356442065,-69.61672360592247,518.245
970,24,10,13.957451441559682,-69.61672360592247,517.996
971,24,11,4.969980319370608,-69.61672360592247,518.411
972,24,12,-4.014321168156758,-69.61672360592247,519.546
973,24,13,-12.995683113020078,-69.61672360592247,521.376
974,24,14,-21.974405616656014,-69.61672360592247,523.795
975,24,15,-30.95091343145357,-69.61672360592247,526.625
976,24,16,-39.92567954801277,-69.61672360592247,529.633
977,24,17,-48.8992572116564,-69.61672360592247,532.551
978,24,18,-57.8723157809231,-69.61672360592247,535.101
979,24,19,-66.84555193510822,-69.61673043611164,537.022
980,24,20,-75.81970333464213,-69.61673043611164,538.096
981,24,21,-84.79550763995518,-69.61675092667916,538.172
982,24,22,-86.22626834653276,110.38331555397971,537.176
983,24,23,-77.24495207855952,110.38328823322303,535.129
984,24,24,-68.25993384805612,110.38328140303386,532.138
985,24,25,-59.27073554178068,110.38328140303386,528.393
986,24,26,-50.27695417857216,110.38328140303386,524.153
987,24,27,-41.27844973955258,110.38328140303386,519.716
988,24,28,-32.27510611150604,110.38328140303386,515.401
989,24,29,-23.267073558594287,110.38328140303386,511.514
990,24,30,-14.254632972346938,110.38328140303386,508.322
991,24,31,-5.238209105153002,110.38328140303386,506.034
992,24,32,3.7816507740802727,110.38327457284468,504.774
993,24,33,12.804304627570906,110.38327457284468,504.582
994,24,34,21.829018209983122,110.38327457284468,505.402
995,24,35,30.85510978306039,110.38327457284468,507.097
996,24,36,39.88180924297378,110.38327457284468,509.457
997,24,37,48.90840966514421,110.38327457284468,512.227
998,24,38,57.93425193631678,110.38327457284468,515.128
999,24,39,66.95872816965533,110.38327457284468,517.886
1000,25,0,80.49178495336263,119.3832509176304,521.241
1001,25,1,89.51077654479766,119.38297771006361,522.711
1002,25,2,81.47303725028334,-60.6167131101909,523.473
1003,25,3,72.45991962153451,-60.616726770569244,523.536
1004,25,4,63.45003950245227,-60.616726770569244,522.994
1005,25,5,54.44354374210377,-60.616726770569244,522.007
1006,25,6,45.44050064238071,-60.616726770569244,520.785
1007,25,7,36.4409785051748,-60.616733600758415,519.564
1008,25,8,27.444968792749563,-60.616733600758415,518.581
1009,25,9,18.452435646611864,-60.616733600758415,518.044
1010,25,10,9.463309911096353,-60.616733600758415,518.115
1011,25,11,0.4774456442703767,-60.616733600758415,518.888
1012,25,12,-8.5053451441508,-60.616733600758415,520.379
1013,25,13,-17.485342331840588,-60.616733600758415,522.521
1014,25,14,-26.4629088259595,-60.616733600758415,525.172
1015,25,15,-35.438480904840766,-60.616733600758415,528.123
1016,25,16,-44.41258107795589,-60.616733600758415,531.121
1017,25,17,-53.385810401951844,-60.616733600758415,533.889
1018,25,18,-62.35886897121855,-60.616733600758415,536.155
1019,25,19,-71.33246712542967,-60.61674043094758,537.676
1020,25,20,-80.3073425250156,-60.61674726113675,538.265
1021,25,21,-89.2842738115417,-60.61693167624434,537.809
1022,25,22,-81.73603368427467,119.38329189876544,536.279
1023,25,23,-72.75294156711723,119.38327823838709,533.741
1024,25,24,-63.76589477043034,119.38327823838709,530.345
1025,25,25,-54.774425426255874,119.38327823838709,526.317
1026,25,26,-45.77831838363496,119.38326457800875,521.939
1027,25,27,-36.777375567081684,119.38326457800875,517.523
1028,25,28,-27.77166186339315,119.38326457800875,513.386
1029,25,29,-18.761380470697173,119.38326457800875,509.816
1030,25,30,-9.746887412604234,119.38326457800875,507.055
1031,25,31,-0.7286705673923181,119.38326457800875,505.271
1032,25,32,8.29267183641682,119.38326457800875,504.546
1033,25,33,17.316459074422852,119.38326457800875,504.872
1034,25,34,26.341941053116695,119.38326457800875,506.152
1035,25,35,35.36842706961853,119.38326457800875,508.209
1036,25,36,44.395167510666944,119.38326457800875,510.808
1037,25,37,53.42146398941931,119.38326457800875,513.679
1038,25,38,62.446691543566565,119.38326457800875,516.541
1039,25,39,71.47029351269137,119.38326457800875,519.134
1040,26,0,75.98132610097214,128.3832819039295,520.259
1041,26,1,85.00161542834948,128.3832545831728,522.062
1042,26,2,85.98075719681665,-51.61667870879724,523.182
1043,26,3,76.96608228493706,-51.61670261445933,523.588
1044,26,4,67.95456292045402,-51.6167094446485,523.332
1045,26,5,58.9463630279076,-51.6167094446485,522.544
1046,26,6,49.94158506013537,-51.61671285974309,521.411
1047,26,7,40.94030414921817,-51.61671285974309,520.16
1048,26,8,31.942530540439776,-51.61671285974309,519.029
1049,26,9,22.948269356442065,-51.61671285974309,518.245
1050,26,10,13.957451441559682,-51.61671285974309,517.996
1051,26,11,4.969980319370608,-51.61671285974309,518.411
1052,26,12,-4.014321168156758,-51.61671627483767,519.546
1053,26,13,-12.995683113020078,-51.61671627483767,521.376
1054,26,14,-21.974405616656014,-51.61671627483767,523.795
1055,26,15,-30.95091343145357,-51.61671627483767,526.625
1056,26,16,-39.92567954801277,-51.61671627483767,529.633
1057,26,17,-48.8992572116564,-51.61671627483767,532.551
1058,26,18,-57.8723157809231,-51.61671968993225,535.101
1059,26,19,-66.84555193510822,-51.61671968993225,537.022
1060,26,20,-75.81970333464213,-51.61672310502684,538.096
1061,26,21,-84.79550763995518,-51.61674359559435,538.172
1062,26,22,-86.22626834653276,128.3833228850645,537.176
1063,26,23,-77.24495207855952,128.38329556430784,535.129
1064,26,24,-68.25993384805612,128.38329556430784,532.138
1065,26,25,-59.27073554178068,128.38329556430784,528.393
1066,26,26,-50.27695417857216,128.3832819039295,524.153
1067,26,27,-41.27844973955258,128.3832819039295,519.716
1068,26,28,-32.27510611150604,128.3832819039295,515.401
1069,26,29,-23.267073558594287,128.3832819039295,511.514
1070,26,30,-14.254632972346938,128.3832819039295,508.322
1071,26,31,-5.238209105153002,128.3832819039295,506.034
1072,26,32,3.7816507740802727,128.3832819039295,504.774
1073,26,33,12.804304627570906,128.3832819039295,504.582
1074,26,34,21.829018209983122,128.3832819039295,505.402
1075,26,35,30.85510978306039,128.3832819039295,507.097
1076,26,36,39.88180924297378,128.3832819039295,509.457
1077,26,37,48.90840966514421,128.3832819039295,512.227
1078,26,38,57.93425193631678,128.3832819039295,515.128
1079,26,39,66.95872816965533,128.3832819039295,517.886
1080,27,0,80.49178495336263,137.38324458833688,521.241
1081,27,1,89.51077654479766,137.38297138077007,522.711
1082,27,2,81.47303725028334,-42.616722854579024,523.473
1083,27,3,72.45991962153451,-42.616729684768195,523.536
1084,27,4,63.45003950245227,-42.61673309986278,522.994
1085,27,5,54.44354374210377,-42.61673651495737,522.007
1086,27,6,45.44050064238071,-42.61673651495737,520.785
1087,27,7,36.4409785051748,-42.61673651495737,519.564
1088,27,8,27.444968792749563,-42.61673651495737,518.581
1089,27,9,18.452435646611864,-42.61673651495737,518.044
1090,27,10,9.463309911096353,-42.61673651495737,518.115
1091,27,11,0.4774456442703767,-42.61673993005195,518.888
1092,27,12,-8.5053451441508,-42.61673993005195,520.379
1093,27,13,-17.485342331840588,-42.61673993005195,522.521
1094,27,14,-26.4629088259595,-42.61673993005195,525.172
1095,27,15,-35.438480904840766,-42.61673993005195,528.123
1096,27,16,-44.41258107795589,-42.61673993005195,531.121
1097,27,17,-53.385810401951844,-42.61674334514653,533.889
1098,27,18,-62.35886897121855,-42.61674334514653,536.155
1099,27,19,-71.33246712542967,-42.61674676024112,537.676
1100,27,20,-80.3073425250156,-42.61675359043029,538.265
1101,27,21,-89.2842738115417,-42.61693800553788,537.809
1102,27,22,-81.73603368427467,137.3832855694719,536.279
1103,27,23,-72.75294156711723,137.38327190909357,533.741
1104,27,24,-63.76589477043034,137.38327190909357,530.345
1105,27,25,-54.774425426255874,137.38327190909357,526.317
1106,27,26,-45.77831838363496,137.3832582487152,521.939
1107,27,27,-36.777375567081684,137.3832582487152,517.523
1108,27,28,-27.77166186339315,137.3832582487152,513.386
1109,27,29,-18.761380470697173,137.3832582487152,509.816
1110,27,30,-9.746887412604234,137.3832582487152,507.055
1111,27,31,-0.7286705673923181,137.3832582487152,505.271
1112,27,32,8.29267183641682,137.3832582487152,504.546
1113,27,33,17.316459074422852,137.3832582487152,504.872
1114,27,34,26.341941053116695,137.3832582487152,506.152
1115,27,35,35.36842706961853,137.3832582487152,508.209
1116,27,36,44.395167510666944,137.3832582487152,510.808
1117,27,37,53.42146398941931,137.3832582487152,513.679
1118,27,38,62.446691543566565,137.3832582487152,516.541
1119,27,39,71.47029351269137,137.3832582487152,519.134
1120,28,0,75.98132610097214,146.38326191425762,520.259
1121,28,1,85.00161542834948,146.38323459350093,522.062
1122,28,2,85.98075719681665,-33.616698698469115,523.182
1123,28,3,76.96608228493706,-33.616722604131205,523.588
1124,28,4,67.95456292045402,-33.616729434320376,523.332
1125,28,5,58.9463630279076,-33.616729434320376,522.544
1126,28,6,49.94158506013537,-33.616732849414966,521.411
1127,28,7,40.94030414921817,-33.616732849414966,520.16
1128,28,8,31.942530540439776,-33.616732849414966,519.029
1129,28,9,22.948269356442065,-33.616732849414966,518.245
1130,28,10,13.957451441559682,-33.616732849414966,517.996
1131,28,11,4.969980319370608,-33.616732849414966,518.411
1132,28,12,-4.014321168156758,-33.61673626450955,519.546
1133,28,13,-12.995683113020078,-33.61673626450955,521.376
1134,28,14,-21.974405616656014,-33.61673626450955,523.795
1135,28,15,-30.95091343145357,-33.61673626450955,526.625
1136,28,16,-39.92567954801277,-33.61673626450955,529.633
1137,28,17,-48.8992572116564,-33.61673626450955,532.551
1138,28,18,-57.8723157809231,-33.61673967960413,535.101
1139,28,19,-66.84555193510822,-33.61673967960413,537.022
1140,28,20,-75.81970333464213,-33.61674309469872,538.096
1141,28,21,-84.79550763995518,-33.61676358526623,538.172
1142,28,22,-86.22626834653276,146.38330289539263,537.176
1143,28,23,-77.24495207855952,146.38327557463595,535.129
1144,28,24,-68.25993384805612,146.38327557463595,532.138
1145,28,25,-59.27073554178068,146.38327557463595,528.393
1146,28,26,-50.27695417857216,146.38326191425762,524.153
1147,28,27,-41.27844973955258,146.38326191425762,519.716
1148,28,28,-32.27510611150604,146.38326191425762,515.401
1149,28,29,-23.267073558594287,146.38326191425762,511.514
1150,28,30,-14.254632972346938,146.38326191425762,508.322
1151,28,31,-5.238209105153002,146.38326191425762,506.034
1152,28,32,3.7816507740802727,146.38326191425762,504.774
1153,28,33,12.804304627570906,146.38326191425762,504.582
1154,28,34,21.829018209983122,146.38326191425762,505.402
1155,28,35,30.85510978306039,146.38326191425762,507.097
1156,28,36,39.88180924297378,146.38326191425762,509.457
1157,28,37,48.90840966514421,146.38326191425762,512.227
1158,28,38,57.93425193631678,146.38326191425762,515.128
1159,28,39,66.95872816965533,146.38326191425762,517.886
1160,29,0,80.49178495336263,155.38325191942167,521.241
1161,29,1,89.51077654479766,155.3829787118549,522.711
1162,29,2,81.47303725028334,-24.616713815946927,523.473
1163,29,3,72.45991962153451,-24.61672235368339,523.536
1164,29,4,63.45003950245227,-24.616725768777975,522.994
1165,29,5,54.44354374210377,-24.61672747632527,522.007
1166,29,6,45.44050064238071,-24.61672918387256,520.785
1167,29,7,36.4409785051748,-24.61672918387256,519.564
1168,29,8,27.444968792749563,-24.61672918387256,518.581
1169,29,9,18.452435646611864,-24.616730891419852,518.044
1170,29,10,9.463309911096353,-24.616730891419852,518.115
1171,29,11,0.4774456442703767,-24.616730891419852,518.888
1172,29,12,-8.5053451441508,-24.616730891419852,520.379
1173,29,13,-17.485342331840588,-24.616732598967147,522.521
1174,29,14,-26.4629088259595,-24.616732598967147,525.172
1175,29,15,-35.438480904840766,-24.616732598967147,528.123
1176,29,16,-44.41258107795589,-24.616734306514438,531.121
1177,29,17,-53.385810401951844,-24.616734306514438,533.889
1178,29,18,-62.35886897121855,-24.616736014061733,536.155
1179,29,19,-71.33246712542967,-24.616737721609024,537.676
1180,29,20,-80.3073425250156,-24.616746259345486,538.265
1181,29,21,-89.2842738115417,-24.616932382000368,537.809
1182,29,22,-81.73603368427467,155.3832929005567,536.279
1183,29,23,-72.75294156711723,155.38327924017835,533.741
1184,29,24,-63.76589477043034,155.38327924017835,530.345
1185,29,25,-54.774425426255874,155.38327924017835,526.317
1186,29,26,-45.77831838363496,155.38326557980002,521.939
1187,29,27,-36.777375567081684,155.38326557980002,517.523
1188,29,28,-27.77166186339315,155.38326557980002,513.386
1189,29,29,-18.761380470697173,155.38326557980002,509.816
1190,29,30,-9.746887412604234,155.38326557980002,507.055
1191,29,31,-0.7286705673923181,155.38326557980002,505.271
1192,29,32,8.29267183641682,155.38326557980002,504.546
1193,29,33,17.316459074422852,155.38326557980002,504.872
1194,29,34,26.341941053116695,155.38326557980002,506.152
1195,29,35,35.36842706961853,155.38326557980002,508.209
1196,29,36,44.395167510666944,155.38326557980002,510.808
1197,29,37,53.42146398941931,155.38326557980002,513.679
1198,29,38,62.446691543566565,155.38326557980002,516.541
1199,29,39,71.47029351269137,155.38326557980002,519.134
1200,30,0,75.98132610097214,164.38326924534243,520.259
1201,30,1,85.00161542834948,164.38324192458575,522.062
1202,30,2,85.98075719681665,-15.616691367384309,523.182
1203,30,3,76.96608228493706,-15.616716980593697,523.588
1204,30,4,67.95456292045402,-15.616720395688281,523.332
1205,30,5,58.9463630279076,-15.616723810782867,522.544
1206,30,6,49.94158506013537,-15.616723810782867,521.411
1207,30,7,40.94030414921817,-15.61672551833016,520.16
1208,30,8,31.942530540439776,-15.61672551833016,519.029
1209,30,9,22.948269356442065,-15.61672551833016,518.245
1210,30,10,13.957451441559682,-15.616727225877451,517.996
1211,30,11,4.969980319370608,-15.616727225877451,518.411
1212,30,12,-4.014321168156758,-15.616727225877451,519.546
1213,30,13,-12.995683113020078,-15.616727225877451,521.376
1214,30,14,-21.974405616656014,-15.616728933424744,523.795
1215,30,15,-30.95091343145357,-15.616728933424744,526.625
1216,30,16,-39.92567954801277,-15.616728933424744,529.633
1217,30,17,-48.8992572116564,-15.616730640972037,532.551
1218,30,18,-57.8723157809231,-15.616730640972037,535.101
1219,30,19,-66.84555193510822,-15.61673405606662,537.022
1220,30,20,-75.81970333464213,-15.616737471161207,538.096
1221,30,21,-84.79550763995518,-15.616754546634132,538.172
1222,30,22,-86.22626834653276,164.38331022647745,537.176
1223,30,23,-77.24495207855952,164.38328290572076,535.129
1224,30,24,-68.25993384805612,164.38328290572076,532.138
1225,30,25,-59.27073554178068,164.38328290572076,528.393
1226,30,26,-50.27695417857216,164.38326924534243,524.153
1227,30,27,-41.27844973955258,164.38326924534243,519.716
1228,30,28,-32.27510611150604,164.38326924534243,515.401
1229,30,29,-23.267073558594287,164.38326924534243,511.514
1230,30,30,-14.254632972346938,164.38326924534243,508.322
1231,30,31,-5.238209105153002,164.38326924534243,506.034
1232,30,32,3.7816507740802727,164.38326924534243,504.774
1233,30,33,12.804304627570906,164.38326924534243,504.582
1234,30,34,21.829018209983122,164.38326924534243,505.402
1235,30,35,30.85510978306039,164.38326924534243,507.097
1236,30,36,39.88180924297378,164.38326924534243,509.457
1237,30,37,48.90840966514421,164.38326924534243,512.227
1238,30,38,57.93425193631678,164.38326924534243,515.128
1239,30,39,66.95872816965533,164.38326924534243,517.886
1240,31,0,80.49178495336263,173.38325925050648,521.241
1241,31,1,89.51077654479766,173.38298604293968,522.711
1242,31,2,81.47303725028334,-6.616706911748948,523.473
1243,31,3,72.45991962153451,-6.616715876372234,523.536
1244,31,4,63.45003950245227,-6.616718864579996,522.994
1245,31,5,54.44354374210377,-6.616720145240465,522.007
1246,31,6,45.44050064238071,-6.616720999014111,520.785
1247,31,7,36.4409785051748,-6.616721852787758,519.564
1248,31,8,27.444968792749563,-6.616722279674581,518.581
1249,31,9,18.452435646611864,-6.616722706561403,518.044
1250,31,10,9.463309911096353,-6.616723133448227,518.115
1251,31,11,0.4774456442703767,-6.61672356033505,518.888
1252,31,12,-8.5053451441508,-6.6167239872218735,520.379
1253,31,13,-17.485342331840588,-6.616724414108696,522.521
1254,31,14,-26.4629088259595,-6.616724840995519,525.172
1255,31,15,-35.438480904840766,-6.6167256947691655,528.123
1256,31,16,-44.41258107795589,-6.616726121655988,531.121
1257,31,17,-53.385810401951844,-6.616726975429635,533.889
1258,31,18,-62.35886897121855,-6.616728682976928,536.155
1259,31,19,-71.33246712542967,-6.616731244297866,537.676
1260,31,20,-80.3073425250156,-6.6167385013738595,538.265
1261,31,21,-89.2842738115417,-6.616924197141919,537.809
1262,31,22,-81.73603368427467,173.3833002316415,536.279
1263,31,23,-72.75294156711723,173.38328657126317,533.741
1264,31,24,-63.76589477043034,173.38328657126317,530.345
1265,31,25,-54.774425426255874,173.38328657126317,526.317
1266,31,26,-45.77831838363496,173.3832729108848,521.939
1267,31,27,-36.777375567081684,173.3832729108848,517.523
1268,31,28,-27.77166186339315,173.3832729108848,513.386
1269,31,29,-18.761380470697173,173.3832729108848,509.816
1270,31,30,-9.746887412604234,173.3832729108848,507.055
1271,31,31,-0.7286705673923181,173.3832729108848,505.271
1272,31,32,8.29267183641682,173.3832729108848,504.546
1273,31,33,17.316459074422852,173.3832729108848,504.872
1274,31,34,26.341941053116695,173.3832729108848,506.152
1275,31,35,35.36842706961853,173.3832729108848,508.209
1276,31,36,44.395167510666944,173.3832729108848,510.808
1277,31,37,53.42146398941931,173.3832729108848,513.679
1278,31,38,62.446691543566565,173.3832729108848,516.541
1279,31,39,71.47029351269137,173.3832729108848,519.134
1280,32,0,75.98132610097214,-177.61673344148545,520.259
1281,32,1,85.00161542834948,-177.61674710186378,522.062
1282,32,2,85.98075719681665,2.3833155368136714,523.182
1283,32,3,76.96608228493706,2.3832907773779297,523.588
1284,32,4,67.95456292045402,2.3832860816228756,523.332
1285,32,5,58.9463630279076,2.3832841606321713,522.544
1286,32,6,49.94158506013537,2.383282879971702,521.411
1287,32,7,40.94030414921817,2.3832820261980556,520.16
1288,32,8,31.942530540439776,2.383281599311233,519.029
1289,32,9,22.948269356442065,2.383280958980998,518.245
1290,32,10,13.957451441559682,2.383280532094175,517.996
1291,32,11,4.969980319370608,2.383280105207352,518.411
1292,32,12,-4.014321168156758,2.3832796783205286,519.546
1293,32,13,-12.995683113020078,2.3832792514337053,521.376
1294,32,14,-21.974405616656014,2.3832788245468826,523.795
1295,32,15,-30.95091343145357,2.3832783976600593,526.625
1296,32,16,-39.92567954801277,2.3832777573298247,529.633
1297,32,17,-48.8992572116564,2.3832771169995897,532.551
1298,32,18,-57.8723157809231,2.3832758363391204,535.101
1299,32,19,-66.84555193510822,2.383274128791828,537.022
1300,32,20,-75.81970333464213,2.3832700733670085,538.096
1301,32,21,-84.79550763995518,2.3832523575638485,538.172
1302,32,22,-86.22626834653276,-177.61667879997208,537.176
1303,32,23,-77.24495207855952,-177.61670612072876,535.129
1304,32,24,-68.25993384805612,-177.6167197811071,532.138
1305,32,25,-59.27073554178068,-177.6167197811071,528.393
1306,32,26,-50.27695417857216,-177.6167197811071,524.153
1307,32,27,-41.27844973955258,-177.6167197811071,519.716
1308,32,28,-32.27510611150604,-177.6167197811071,515.401
1309,32,29,-23.267073558594287,-177.6167197811071,511.514
1310,32,30,-14.254632972346938,-177.6167197811071,508.322
1311,32,31,-5.238209105153002,-177.6167197811071,506.034
1312,32,32,3.7816507740802727,-177.6167197811071,504.774
1313,32,33,12.804304627570906,-177.6167197811071,504.582
1314,32,34,21.829018209983122,-177.6167197811071,505.402
1315,32,35,30.85510978306039,-177.6167197811071,507.097
1316,32,36,39.88180924297378,-177.6167197811071,509.457
1317,32,37,48.90840966514421,-177.6167197811071,512.227
1318,32,38,57.93425193631678,-177.6167197811071,515.128
1319,32,39,66.95872816965533,-177.6167197811071,517.886
1320,33,0,80.49178495336263,-168.61672977594304,521.241
1321,33,1,89.51077654479766,-168.61701664388818,522.711
1322,33,2,81.47303725028334,11.383299992449032,523.473
1323,33,3,72.45991962153451,11.38329145471257,523.536
1324,33,4,63.45003950245227,11.383288893391631,522.994
1325,33,5,54.44354374210377,11.383287185844338,522.007
1326,33,6,45.44050064238071,11.383286332070693,520.785
1327,33,7,36.4409785051748,11.383285478297045,519.564
1328,33,8,27.444968792749563,11.3832846245234,518.581
1329,33,9,18.452435646611864,11.3832846245234,518.044
1330,33,10,9.463309911096353,11.383283770749754,518.115
1331,33,11,0.4774456442703767,11.383283770749754,518.888
1332,33,12,-8.5053451441508,11.383282916976107,520.379
1333,33,13,-17.485342331840588,11.383282916976107,522.521
1334,33,14,-26.4629088259595,11.383282063202461,525.172
1335,33,15,-35.438480904840766,11.383282063202461,528.123
1336,33,16,-44.41258107795589,11.383281209428814,531.121
1337,33,17,-53.385810401951844,11.383280355655168,533.889
1338,33,18,-62.35886897121855,11.383278648107876,536.155
1339,33,19,-71.33246712542967,11.383276086786937,537.676
1340,33,20,-80.3073425250156,11.383269256597767,538.265
1341,33,21,-89.2842738115417,11.383083133942884,537.809
1342,33,22,-81.73603368427467,-168.61670245518636,536.279
1343,33,23,-72.75294156711723,-168.61670245518636,533.741
1344,33,24,-63.76589477043034,-168.6167161155647,530.345
1345,33,25,-54.774425426255874,-168.6167161155647,526.317
1346,33,26,-45.77831838363496,-168.6167161155647,521.939
1347,33,27,-36.777375567081684,-168.6167161155647,517.523
1348,33,28,-27.77166186339315,-168.6167161155647,513.386
1349,33,29,-18.761380470697173,-168.6167161155647,509.816
1350,33,30,-9.746887412604234,-168.6167161155647,507.055
1351,33,31,-0.7286705673923181,-168.6167161155647,505.271
1352,33,32,8.29267183641682,-168.6167161155647,504.546
1353,33,33,17.316459074422852,-168.6167161155647,504.872
1354,33,34,26.341941053116695,-168.6167161155647,506.152
1355,33,35,35.36842706961853,-168.6167161155647,508.209
1356,33,36,44.395167510666944,-168.6167161155647,510.808
1357,33,37,53.42146398941931,-168.6167161155647,513.679
1358,33,38,62.446691543566565,-168.6167161155647,516.541
1359,33,39,71.47029351269137,-168.61672977594304,519.134
1360,34,0,75.98132610097214,-159.61675343115732,520.259
1361,34,1,85.00161542834948,-159.61676709153565,522.062
1362,34,2,85.98075719681665,20.383295974028616,523.182
1363,34,3,76.96608228493706,20.383270360819232,523.588
1364,34,4,67.95456292045402,20.383266945724646,523.332
1365,34,5,58.9463630279076,20.38326353063006,522.544
1366,34,6,49.94158506013537,20.38326353063006,521.411
1367,34,7,40.94030414921817,20.38326182308277,520.16
1368,34,8,31.942530540439776,20.38326182308277,519.029
1369,34,9,22.948269356442065,20.38326182308277,518.245
1370,34,10,13.957451441559682,20.383260115535474,517.996
1371,34,11,4.969980319370608,20.383260115535474,518.411
1372,34,12,-4.014321168156758,20.383260115535474,519.546
1373,34,13,-12.995683113020078,20.383260115535474,521.376
1374,34,14,-21.974405616656014,20.383258407988183,523.795
1375,34,15,-30.95091343145357,20.383258407988183,526.625
1376,34,16,-39.92567954801277,20.383258407988183,529.633
1377,34,17,-48.8992572116564,20.38325670044089,532.551
1378,34,18,-57.8723157809231,20.38325670044089,535.101
1379,34,19,-66.84555193510822,20.383253285346306,537.022
1380,34,20,-75.81970333464213,20.38324987025172,538.096
1381,34,21,-84.79550763995518,20.383232794778795,538.172
1382,34,22,-86.22626834653276,-159.61669878964395,537.176
1383,34,23,-77.24495207855952,-159.61672611040063,535.129
1384,34,24,-68.25993384805612,-159.616739770779,532.138
1385,34,25,-59.27073554178068,-159.616739770779,528.393
1386,34,26,-50.27695417857216,-159.616739770779,524.153
1387,34,27,-41.27844973955258,-159.616739770779,519.716
1388,34,28,-32.27510611150604,-159.616739770779,515.401
1389,34,29,-23.267073558594287,-159.616739770779,511.514
1390,34,30,-14.254632972346938,-159.616739770779,508.322
1391,34,31,-5.238209105153002,-159.616739770779,506.034
1392,34,32,3.7816507740802727,-159.616739770779,504.774
1393,34,33,12.804304627570906,-159.616739770779,504.582
1394,34,34,21.829018209983122,-159.616739770779,505.402
1395,34,35,30.85510978306039,-159.616739770779,507.097
1396,34,36,39.88180924297378,-159.616739770779,509.457
1397,34,37,48.90840966514421,-159.616739770779,512.227
1398,34,38,57.93425193631678,-159.616739770779,515.128
1399,34,39,66.95872816965533,-159.616739770779,517.886
1400,35,0,80.49178495336263,-150.6167497656149,521.241
1401,35,1,89.51077654479766,-150.61703663356005,522.711
1402,35,2,81.47303725028334,29.38327914900351,523.473
1403,35,3,72.45991962153451,29.38327231881434,523.536
1404,35,4,63.45003950245227,29.383268903719753,522.994
1405,35,5,54.44354374210377,29.38326548862517,522.007
1406,35,6,45.44050064238071,29.38326548862517,520.785
1407,35,7,36.4409785051748,29.38326548862517,519.564
1408,35,8,27.444968792749563,29.38326548862517,518.581
1409,35,9,18.452435646611864,29.38326548862517,518.044
1410,35,10,9.463309911096353,29.38326548862517,518.115
1411,35,11,0.4774456442703767,29.383262073530585,518.888
1412,35,12,-8.5053451441508,29.383262073530585,520.379
1413,35,13,-17.485342331840588,29.383262073530585,522.521
1414,35,14,-26.4629088259595,29.383262073530585,525.172
1415,35,15,-35.438480904840766,29.383262073530585,528.123
1416,35,16,-44.41258107795589,29.383262073530585,531.121
1417,35,17,-53.385810401951844,29.383258658436,533.889
1418,35,18,-62.35886897121855,29.383258658436,536.155
1419,35,19,-71.33246712542967,29.383255243341413,537.676
1420,35,20,-80.3073425250156,29.383248413152245,538.265
1421,35,21,-89.2842738115417,29.383063998044655,537.809
1422,35,22,-81.73603368427467,-150.61672244485823,536.279
1423,35,23,-72.75294156711723,-150.61672244485823,533.741
1424,35,24,-63.76589477043034,-150.61673610523658,530.345
1425,35,25,-54.774425426255874,-150.61673610523658,526.317
1426,35,26,-45.77831838363496,-150.61673610523658,521.939
1427,35,27,-36.777375567081684,-150.61673610523658,517.523
1428,35,28,-27.77166186339315,-150.61673610523658,513.386
1429,35,29,-18.761380470697173,-150.61673610523658,509.816
1430,35,30,-9.746887412604234,-150.61673610523658,507.055
1431,35,31,-0.7286705673923181,-150.61673610523658,505.271
1432,35,32,8.29267183641682,-150.61673610523658,504.546
1433,35,33,17.316459074422852,-150.61673610523658,504.872
1434,35,34,26.341941053116695,-150.61673610523658,506.152
1435,35,35,35.36842706961853,-150.61673610523658,508.209
1436,35,36,44.395167510666944,-150.61673610523658,510.808
1437,35,37,53.42146398941931,-150.61673610523658,513.679
1438,35,38,62.446691543566565,-150.61673610523658,516.541
1439,35,39,71.47029351269137,-150.6167497656149,519.134
1440,36,0,75.98132610097214,-141.6167461000725,520.259
1441,36,1,85.00161542834948,-141.61675976045086,522.062
1442,36,2,85.98075719681665,38.38330330511342,523.182
1443,36,3,76.96608228493706,38.383279399451325,523.588
1444,36,4,67.95456292045402,38.383272569262154,523.332
1445,36,5,58.9463630279076,38.383272569262154,522.544
1446,36,6,49.94158506013537,38.38326915416757,521.411
1447,36,7,40.94030414921817,38.38326915416757,520.16
1448,36,8,31.942530540439776,38.38326915416757,519.029
1449,36,9,22.948269356442065,38.38326915416757,518.245
1450,36,10,13.957451441559682,38.38326915416757,517.996
1451,36,11,4.969980319370608,38.38326915416757,518.411
1452,36,12,-4.014321168156758,38.38326573907299,519.546
1453,36,13,-12.995683113020078,38.38326573907299,521.376
1454,36,14,-21.974405616656014,38.38326573907299,523.795
1455,36,15,-30.95091343145357,38.38326573907299,526.625
1456,36,16,-39.92567954801277,38.38326573907299,529.633
1457,36,17,-48.8992572116564,38.38326573907299,532.551
1458,36,18,-57.8723157809231,38.3832623239784,535.101
1459,36,19,-66.84555193510822,38.3832623239784,537.022
1460,36,20,-75.81970333464213,38.38325890888382,538.096
1461,36,21,-84.79550763995518,38.3832384183163,538.172
1462,36,22,-86.22626834653276,-141.61669145855916,537.176
1463,36,23,-77.24495207855952,-141.61671877931585,535.129
1464,36,24,-68.25993384805612,-141.61673243969418,532.138
1465,36,25,-59.27073554178068,-141.61673243969418,528.393
1466,36,26,-50.27695417857216,-141.61673243969418,524.153
1467,36,27,-41.27844973955258,-141.61673243969418,519.716
1468,36,28,-32.27510611150604,-141.61673243969418,515.401
1469,36,29,-23.267073558594287,-141.61673243969418,511.514
1470,36,30,-14.254632972346938,-141.61673243969418,508.322
1471,36,31,-5.238209105153002,-141.61673243969418,506.034
1472,36,32,3.7816507740802727,-141.61673243969418,504.774
1473,36,33,12.804304627570906,-141.61673243969418,504.582
1474,36,34,21.829018209983122,-141.61673243969418,505.402
1475,36,35,30.85510978306039,-141.61673243969418,507.097
1476,36,36,39.88180924297378,-141.61673243969418,509.457
1477,36,37,48.90840966514421,-141.61673243969418,512.227
1478,36,38,57.93425193631678,-141.61673243969418,515.128
1479,36,39,66.95872816965533,-141.61673243969418,517.886
1480,37,0,80.49178495336263,-132.61674243453012,521.241
1481,37,1,89.51077654479766,-132.61702930247526,522.711
1482,37,2,81.47303725028334,47.383286480088316,523.473
1483,37,3,72.45991962153451,47.383279649899144,523.536
1484,37,4,63.45003950245227,47.383276234804555,522.994
1485,37,5,54.44354374210377,47.38327281970997,522.007
1486,37,6,45.44050064238071,47.38327281970997,520.785
1487,37,7,36.4409785051748,47.38327281970997,519.564
1488,37,8,27.444968792749563,47.38327281970997,518.581
1489,37,9,18.452435646611864,47.38327281970997,518.044
1490,37,10,9.463309911096353,47.38327281970997,518.115
1491,37,11,0.4774456442703767,47.38326940461539,518.888
1492,37,12,-8.5053451441508,47.38326940461539,520.379
1493,37,13,-17.485342331840588,47.38326940461539,522.521
1494,37,14,-26.4629088259595,47.38326940461539,525.172
1495,37,15,-35.438480904840766,47.38326940461539,528.123
1496,37,16,-44.41258107795589,47.38326940461539,531.121
1497,37,17,-53.385810401951844,47.3832659895208,533.889
1498,37,18,-62.35886897121855,47.3832659895208,536.155
1499,37,19,-71.33246712542967,47.38326257442622,537.676
1500,37,20,-80.3073425250156,47.38325574423705,538.265
1501,37,21,-89.2842738115417,47.38307132912946,537.809
1502,37,22,-81.73603368427467,-132.61671511377344,536.279
1503,37,23,-72.75294156711723,-132.61671511377344,533.741
1504,37,24,-63.76589477043034,-132.61672877415177,530.345
1505,37,25,-54.774425426255874,-132.61672877415177,526.317
1506,37,26,-45.77831838363496,-132.61672877415177,521.939
1507,37,27,-36.777375567081684,-132.61672877415177,517.523
1508,37,28,-27.77166186339315,-132.61672877415177,513.386
1509,37,29,-18.761380470697173,-132.61672877415177,509.816
1510,37,30,-9.746887412604234,-132.61672877415177,507.055
1511,37,31,-0.7286705673923181,-132.61672877415177,505.271
1512,37,32,8.29267183641682,-132.61672877415177,504.546
1513,37,33,17.316459074422852,-132.61672877415177,504.872
1514,37,34,26.341941053116695,-132.61672877415177,506.152
1515,37,35,35.36842706961853,-132.61672877415177,508.209
1516,37,36,44.395167510666944,-132.61672877415177,510.808
1517,37,37,53.42146398941931,-132.61672877415177,513.679
1518,37,38,62.446691543566565,-132.61672877415177,516.541
1519,37,39,71.47029351269137,-132.61674243453012,519.134
1520,38,0,75.98132610097214,-123.61673876898772,520.259
1521,38,1,85.00161542834948,-123.61675242936606,522.062
1522,38,2,85.98075719681665,56.383310636198225,523.182
1523,38,3,76.96608228493706,56.38328673053613,523.588
1524,38,4,67.95456292045402,56.383279900346956,523.332
1525,38,5,58.9463630279076,56.383279900346956,522.544
1526,38,6,49.94158506013537,56.383276485252374,521.411
1527,38,7,40.94030414921817,56.383276485252374,520.16
1528,38,8,31.942530540439776,56.383276485252374,519.029
1529,38,9,22.948269356442065,56.383276485252374,518.245
1530,38,10,13.957451441559682,56.383276485252374,517.996
1531,38,11,4.969980319370608,56.383276485252374,518.411
1532,38,12,-4.014321168156758,56.38327307015779,519.546
1533,38,13,-12.995683113020078,56.38327307015779,521.376
1534,38,14,-21.974405616656014,56.38327307015779,523.795
1535,38,15,-30.95091343145357,56.38327307015779,526.625
1536,38,16,-39.92567954801277,56.38327307015779,529.633
1537,38,17,-48.8992572116564,56.38327307015779,532.551
1538,38,18,-57.8723157809231,56.3832696550632,535.101
1539,38,19,-66.84555193510822,56.3832696550632,537.022
1540,38,20,-75.81970333464213,56.38326623996862,538.096
1541,38,21,-84.79550763995518,56.38324574940111,538.172
1542,38,22,-86.22626834653276,-123.61668412747436,537.176
1543,38,23,-77.24495207855952,-123.61671144823103,535.129
1544,38,24,-68.25993384805612,-123.61672510860937,532.138
1545,38,25,-59.27073554178068,-123.61672510860937,528.393
1546,38,26,-50.27695417857216,-123.61672510860937,524.153
1547,38,27,-41.27844973955258,-123.61672510860937,519.716
1548,38,28,-32.27510611150604,-123.61672510860937,515.401
1549,38,29,-23.267073558594287,-123.61672510860937,511.514
1550,38,30,-14.254632972346938,-123.61672510860937,508.322
1551,38,31,-5.238209105153002,-123.61672510860937,506.034
1552,38,32,3.7816507740802727,-123.61672510860937,504.774
1553,38,33,12.804304627570906,-123.61672510860937,504.582
1554,38,34,21.829018209983122,-123.61672510860937,505.402
1555,38,35,30.85510978306039,-123.61672510860937,507.097
1556,38,36,39.88180924297378,-123.61672510860937,509.457
1557,38,37,48.90840966514421,-123.61672510860937,512.227
1558,38,38,57.93425193631678,-123.61672510860937,515.128
1559,38,39,66.95872816965533,-123.61672510860937,517.886
1560,39,0,80.49178495336263,-114.61673510344531,521.241
1561,39,1,89.51077654479766,-114.61702197139046,522.711
1562,39,2,81.47303725028334,65.3832972262677,523.473
1563,39,3,72.45991962153451,65.38328356588936,523.536
1564,39,4,63.45003950245227,65.38328356588936,522.994
1565,39,5,54.44354374210377,65.38328356588936,522.007
1566,39,6,45.44050064238071,65.38328356588936,520.785
1567,39,7,36.4409785051748,65.38327673570019,519.564
1568,39,8,27.444968792749563,65.38327673570019,518.581
1569,39,9,18.452435646611864,65.38327673570019,518.044
1570,39,10,9.463309911096353,65.38327673570019,518.115
1571,39,11,0.4774456442703767,65.38327673570019,518.888
1572,39,12,-8.5053451441508,65.38327673570019,520.379
1573,39,13,-17.485342331840588,65.38327673570019,522.521
1574,39,14,-26.4629088259595,65.38327673570019,525.172
1575,39,15,-35.438480904840766,65.38327673570019,528.123
1576,39,16,-44.41258107795589,65.38327673570019,531.121
1577,39,17,-53.385810401951844,65.38327673570019,533.889
1578,39,18,-62.35886897121855,65.38327673570019,536.155
1579,39,19,-71.33246712542967,65.38326990551101,537.676
1580,39,20,-80.3073425250156,65.38326307532185,538.265
1581,39,21,-89.2842738115417,65.38307866021427,537.809
1582,39,22,-81.73603368427467,-114.61670778268864,536.279
1583,39,23,-72.75294156711723,-114.61670778268864,533.741
1584,39,24,-63.76589477043034,-114.61672144306698,530.345
1585,39,25,-54.774425426255874,-114.61672144306698,526.317
1586,39,26,-45.77831838363496,-114.61672144306698,521.939
1587,39,27,-36.777375567081684,-114.61672144306698,517.523
1588,39,28,-27.77166186339315,-114.61672144306698,513.386
1589,39,29,-18.761380470697173,-114.61672144306698,509.816
1590,39,30,-9.746887412604234,-114.61672144306698,507.055
1591,39,31,-0.7286705673923181,-114.61672144306698,505.271
1592,39,32,8.29267183641682,-114.61672144306698,504.546
1593,39,33,17.316459074422852,-114.61672144306698,504.872
1594,39,34,26.341941053116695,-114.61672144306698,506.152
1595,39,35,35.36842706961853,-114.61672144306698,508.209
1596,39,36,44.395167510666944,-114.61672144306698,510.808
1597,39,37,53.42146398941931,-114.61672144306698,513.679
1598,39,38,62.446691543566565,-114.61672144306698,516.541
1599,39,39,71.47029351269137,-114.61673510344531,519.134
