0,0,0,-0.12458382439979618,-100.60303790784423,505.189
1,0,1,8.896941233608787,-100.60303790784423,504.535
2,0,2,17.92086763671916,-100.60303790784423,504.928
3,0,3,26.946469143723476,-100.60303790784423,506.265
4,0,4,35.97300126400221,-100.60303790784423,508.365
5,0,5,44.999738289956035,-100.60303790784423,510.991
6,0,6,54.0259903724788,-100.60304473803339,513.869
7,0,7,63.051135964356014,-100.60304473803339,516.72
8,0,8,72.07462865045409,-100.60304473803339,519.286
9,0,9,81.09597665715279,-100.60305156822255,521.354
10,0,10,89.88518019434109,79.39821019554105,522.779
11,0,11,80.86918705595168,79.39697393130129,523.492
12,0,12,71.85625384231045,79.39696710111211,523.512
13,0,13,62.84658545909247,79.39696710111211,522.934
14,0,14,53.840311679892004,79.39696710111211,521.925
15,0,15,44.83749056131697,79.39696710111211,520.696
16,0,16,35.83818357506991,79.39696027092295,519.485
17,0,17,26.842409504171037,79.39696027092295,518.526
18,0,18,17.850100046728656,79.39696027092295,518.026
19,0,19,8.861189462172002,79.39696027092295,518.143
20,0,20,-0.12446430942953417,79.39696027092295,518.966
21,0,21,-9.107050659083074,79.39696027092295,520.504
22,0,22,-18.086875384496317,79.39696027092295,522.687
23,0,23,-27.06428649181161,79.39696027092295,525.366
24,0,24,-36.03973221219323,79.39696027092295,528.329
25,0,25,-45.01373334756539,79.39696027092295,531.321
26,0,26,-53.986942180993836,79.39696027092295,534.064
27,0,27,-62.959973429503854,79.39695344073377,536.288
28,0,28,-71.93361939503917,79.39695344073377,537.752
29,0,29,-80.90860407765183,79.3969466105446,538.274
30,0,30,-89.88568562833966,79.39570351611566,537.746
31,0,31,-81.13443062217996,-100.60302424746588,536.146
32,0,32,-72.15110627859073,-100.60303107765505,533.544
33,0,33,-63.16377944414787,-100.60303107765505,530.097
34,0,34,-54.1720573829741,-100.60303790784423,526.036
35,0,35,-45.17561566108387,-100.60303790784423,521.645
36,0,36,-36.17436207092335,-100.60303790784423,517.238
37,0,37,-27.16834271626946,-100.60303790784423,513.129
38,0,38,-18.157774455628342,-100.60303790784423,509.606
39,0,39,-9.14301843525236,-100.60303790784423,506.905
40,1,0,4.3858343670207915,-91.603041072491,504.728
41,1,1,13.408649156843744,-91.603041072491,504.605
42,1,2,22.433505319454884,-91.603041072491,505.488
43,1,3,31.459663486876554,-91.603041072491,507.233
44,1,4,40.48638685245205,-91.603041072491,509.629
45,1,5,49.512963368960385,-91.603041072491,512.416
46,1,6,58.53874416843041,-91.603041072491,515.315
47,1,7,67.56311794893142,-91.603041072491,518.053
48,1,8,76.58559293684317,-91.60304790268016,520.393
49,1,9,85.60573200005877,-91.60306839324767,522.153
50,1,10,85.37681821002579,88.39699125722203,523.225
51,1,11,76.36232088306461,88.39697076665452,523.584
52,1,12,67.35101325444585,88.39697076665452,523.289
53,1,13,58.3430250977637,88.39696393646534,522.471
54,1,14,49.3384656960449,88.39696393646534,521.324
55,1,15,40.33739652099197,88.39696393646534,520.073
56,1,16,31.339851723550776,88.39696393646534,518.96
57,1,17,22.345824473532137,88.39696393646534,518.207
58,1,18,13.355227686024135,88.39696393646534,518
59,1,19,4.367966165265215,88.39696393646534,518.464
60,1,20,-4.61611675620871,88.39696393646534,519.648
61,1,21,-13.597289590209387,88.39696393646534,521.523
62,1,22,-22.575856707041705,88.39696393646534,523.976
63,1,23,-31.552226210508568,88.39695710627618,526.827
64,1,24,-40.526869383662714,88.39695710627618,529.839
65,1,25,-49.500406066171315,88.39695710627618,532.741
66,1,26,-58.473413409019244,88.39695710627618,535.257
67,1,27,-67.44667688396105,88.39695710627618,537.128
68,1,28,-76.42089658538664,88.396950276087,538.14
69,1,29,-85.3968374944831,88.39692978551949,538.145
70,1,30,-85.62476773727559,-91.60300692154514,537.078
71,1,31,-76.64323973343807,-91.60302741211265,534.962
72,1,32,-67.65796878593538,-91.60303424230182,531.914
73,1,33,-58.668476781525634,-91.60303424230182,528.127
74,1,34,-49.67443587112866,-91.60303424230182,523.863
75,1,35,-40.67558992265057,-91.60303424230182,519.424
76,1,36,-31.671938936091383,-91.60303424230182,515.127
77,1,37,-22.663607562403442,-91.60303424230182,511.278
78,1,38,-13.650891207268355,-91.603041072491,508.141
79,1,39,-4.634221453264298,-91.603041072491,505.917
80,2,0,-0.12458382439979618,-82.60303740694859,505.189
81,2,1,8.896941233608787,-82.60303740694859,504.535
82,2,2,17.92086763671916,-82.60303740694859,504.928
83,2,3,26.946469143723476,-82.60303740694859,506.265
84,2,4,35.97300126400221,-82.60303740694859,508.365
85,2,5,44.999738289956035,-82.60303740694859,510.991
86,2,6,54.0259903724788,-82.60304423713775,513.869
87,2,7,63.051135964356014,-82.60304423713775,516.72
88,2,8,72.07462865045409,-82.60304423713775,519.286
89,2,9,81.09597665715279,-82.60305106732693,521.354
90,2,10,89.88518019434109,97.39821069643669,522.779
91,2,11,80.86918705595168,97.39697443219691,523.492
92,2,12,71.85625384231045,97.39696760200775,523.512
93,2,13,62.84658545909247,97.39696760200775,522.934
94,2,14,53.840311679892004,97.39696760200775,521.925
95,2,15,44.83749056131697,97.39696760200775,520.696
96,2,16,35.83818357506991,97.39696077181857,519.485
97,2,17,26.842409504171037,97.39696077181857,518.526
98,2,18,17.850100046728656,97.39696077181857,518.026
99,2,19,8.861189462172002,97.39696077181857,518.143
100,2,20,-0.12446430942953417,97.39696077181857,518.966
101,2,21,-9.107050659083074,97.39696077181857,520.504
102,2,22,-18.086875384496317,97.39696077181857,522.687
103,2,23,-27.06428649181161,97.39696077181857,525.366
104,2,24,-36.03973221219323,97.39696077181857,528.329
105,2,25,-45.01373334756539,97.39696077181857,531.321
106,2,26,-53.986942180993836,97.39696077181857,534.064
107,2,27,-62.959973429503854,97.3969539416294,536.288
108,2,28,-71.93361939503917,97.3969539416294,537.752
109,2,29,-80.90860407765183,97.39694711144024,538.274
110,2,30,-89.88568562833966,97.3957040170113,537.746
111,2,31,-81.13443062217996,-82.60302374657024,536.146
112,2,32,-72.15110627859073,-82.60303057675942,533.544
113,2,33,-63.16377944414787,-82.60303057675942,530.097
114,2,34,-54.1720573829741,-82.60303740694859,526.036
115,2,35,-45.17561566108387,-82.60303740694859,521.645
116,2,36,-36.17436207092335,-82.60303740694859,517.238
117,2,37,-27.16834271626946,-82.60303740694859,513.129
118,2,38,-18.157774455628342,-82.60303740694859,509.606
119,2,39,-9.14301843525236,-82.60303740694859,506.905
120,3,0,4.3858343670207915,-73.60304057159536,504.728
121,3,1,13.408649156843744,-73.60304057159536,504.605
122,3,2,22.433505319454884,-73.60304057159536,505.488
123,3,3,31.459663486876554,-73.60304057159536,507.233
124,3,4,40.48638685245205,-73.60304057159536,509.629
125,3,5,49.512963368960385,-73.60304057159536,512.416
126,3,6,58.53874416843041,-73.60304057159536,515.315
127,3,7,67.56311794893142,-73.60304057159536,518.053
128,3,8,76.58559293684317,-73.60304740178452,520.393
129,3,9,85.60573200005877,-73.60306789235203,522.153
130,3,10,85.37681821002579,106.39699175811766,523.225
131,3,11,76.36232088306461,106.39697126755014,523.584
132,3,12,67.35101325444585,106.39697126755014,523.289
133,3,13,58.3430250977637,106.39696443736098,522.471
134,3,14,49.3384656960449,106.39696443736098,521.324
135,3,15,40.33739652099197,106.39696443736098,520.073
136,3,16,31.339851723550776,106.39696443736098,518.96
137,3,17,22.345824473532137,106.39696443736098,518.207
138,3,18,13.355227686024135,106.39696443736098,518
139,3,19,4.367966165265215,106.39696443736098,518.464
140,3,20,-4.61611675620871,106.39696443736098,519.648
141,3,21,-13.597289590209387,106.39696443736098,521.523
142,3,22,-22.575856707041705,106.39696443736098,523.976
143,3,23,-31.552226210508568,106.39695760717181,526.827
144,3,24,-40.526869383662714,106.39695760717181,529.839
145,3,25,-49.500406066171315,106.39695760717181,532.741
146,3,26,-58.473413409019244,106.39695760717181,535.257
147,3,27,-67.44667688396105,106.39695760717181,537.128
148,3,28,-76.42089658538664,106.39695077698264,538.14
149,3,29,-85.3968374944831,106.39693028641513,538.145
150,3,30,-85.62476773727559,-73.6030064206495,537.078
151,3,31,-76.64323973343807,-73.60302691121701,534.962
152,3,32,-67.65796878593538,-73.60303374140618,531.914
153,3,33,-58.668476781525634,-73.60303374140618,528.127
154,3,34,-49.67443587112866,-73.60303374140618,523.863
155,3,35,-40.67558992265057,-73.60303374140618,519.424
156,3,36,-31.671938936091383,-73.60303374140618,515.127
157,3,37,-22.663607562403442,-73.60303374140618,511.278
158,3,38,-13.650891207268355,-73.60304057159536,508.141
159,3,39,-4.634221453264298,-73.60304057159536,505.917
160,4,0,-0.12458382439979618,-64.60303690605295,505.189
161,4,1,8.896941233608787,-64.60303690605295,504.535
162,4,2,17.92086763671916,-64.60303690605295,504.928
163,4,3,26.946469143723476,-64.60303690605295,506.265
164,4,4,35.97300126400221,-64.60303690605295,508.365
165,4,5,44.999738289956035,-64.60303690605295,510.991
166,4,6,54.0259903724788,-64.60304373624213,513.869
167,4,7,63.051135964356014,-64.60304373624213,516.72
168,4,8,72.07462865045409,-64.60304373624213,519.286
169,4,9,81.09597665715279,-64.60305056643129,521.354
170,4,10,89.88518019434109,115.3982180275215,522.779
171,4,11,80.86918705595168,115.39697493309255,523.492
172,4,12,71.85625384231045,115.39697493309255,523.512
173,4,13,62.84658545909247,115.39696127271421,522.934
174,4,14,53.840311679892004,115.39696127271421,521.925
175,4,15,44.83749056131697,115.39696127271421,520.696
176,4,16,35.83818357506991,115.39696127271421,519.485
177,4,17,26.842409504171037,115.39696127271421,518.526
178,4,18,17.850100046728656,115.39696127271421,518.026
179,4,19,8.861189462172002,115.39696127271421,518.143
180,4,20,-0.12446430942953417,115.39696127271421,518.966
181,4,21,-9.107050659083074,115.39696127271421,520.504
182,4,22,-18.086875384496317,115.39696127271421,522.687
183,4,23,-27.06428649181161,115.39696127271421,525.366
184,4,24,-36.03973221219323,115.39696127271421,528.329
185,4,25,-45.01373334756539,115.39696127271421,531.321
186,4,26,-53.986942180993836,115.39696127271421,534.064
187,4,27,-62.959973429503854,115.39696127271421,536.288
188,4,28,-71.93361939503917,115.39696127271421,537.752
189,4,29,-80.90860407765183,115.39694761233586,538.274
190,4,30,-89.88568562833966,115.39570451790692,537.746
191,4,31,-81.13443062217996,-64.60302324567462,536.146
192,4,32,-72.15110627859073,-64.60303007586378,533.544
193,4,33,-63.16377944414787,-64.60303007586378,530.097
194,4,34,-54.1720573829741,-64.60303690605295,526.036
195,4,35,-45.17561566108387,-64.60303690605295,521.645
196,4,36,-36.17436207092335,-64.60303690605295,517.238
197,4,37,-27.16834271626946,-64.60303690605295,513.129
198,4,38,-18.157774455628342,-64.60303690605295,509.606
199,4,39,-9.14301843525236,-64.60303690605295,506.905
200,5,0,4.3858343670207915,-55.60303665560514,504.728
201,5,1,13.408649156843744,-55.60303665560514,504.605
202,5,2,22.433505319454884,-55.60303665560514,505.488
203,5,3,31.459663486876554,-55.60304007069972,507.233
204,5,4,40.48638685245205,-55.60304007069972,509.629
205,5,5,49.512963368960385,-55.60304007069972,512.416
206,5,6,58.53874416843041,-55.60304007069972,515.315
207,5,7,67.56311794893142,-55.60304348579431,518.053
208,5,8,76.58559293684317,-55.60304690088889,520.393
209,5,9,85.60573200005877,-55.60307080655099,522.153
210,5,10,85.37681821002579,124.39699225901329,523.225
211,5,11,76.36232088306461,124.39697859863495,523.584
212,5,12,67.35101325444585,124.39696493825662,523.289
213,5,13,58.3430250977637,124.39696493825662,522.471
214,5,14,49.3384656960449,124.39696493825662,521.324
215,5,15,40.33739652099197,124.39696493825662,520.073
216,5,16,31.339851723550776,124.39696493825662,518.96
217,5,17,22.345824473532137,124.39696493825662,518.207
218,5,18,13.355227686024135,124.39696493825662,518
219,5,19,4.367966165265215,124.39696493825662,518.464
220,5,20,-4.61611675620871,124.39696493825662,519.648
221,5,21,-13.597289590209387,124.39696493825662,521.523
222,5,22,-22.575856707041705,124.39696493825662,523.976
223,5,23,-31.552226210508568,124.39696493825662,526.827
224,5,24,-40.526869383662714,124.39696493825662,529.839
225,5,25,-49.500406066171315,124.39696493825662,532.741
226,5,26,-58.473413409019244,124.39696493825662,535.257
227,5,27,-67.44667688396105,124.39695127787827,537.128
228,5,28,-76.42089658538664,124.39695127787827,538.14
229,5,29,-85.3968374944831,124.39693761749993,538.145
230,5,30,-85.62476773727559,-55.603005919753876,537.078
231,5,31,-76.64323973343807,-55.603026410321384,534.962
232,5,32,-67.65796878593538,-55.603029825415966,531.914
233,5,33,-58.668476781525634,-55.603033240510555,528.127
234,5,34,-49.67443587112866,-55.603033240510555,523.863
235,5,35,-40.67558992265057,-55.60303665560514,519.424
236,5,36,-31.671938936091383,-55.60303665560514,515.127
237,5,37,-22.663607562403442,-55.60303665560514,511.278
238,5,38,-13.650891207268355,-55.60303665560514,508.141
239,5,39,-4.634221453264298,-55.60303665560514,505.917
240,6,0,-0.12458382439979618,-46.60303640515732,505.189
241,6,1,8.896941233608787,-46.60303640515732,504.535
242,6,2,17.92086763671916,-46.60303640515732,504.928
243,6,3,26.946469143723476,-46.60303982025191,506.265
244,6,4,35.97300126400221,-46.60303982025191,508.365
245,6,5,44.999738289956035,-46.60303982025191,510.991
246,6,6,54.0259903724788,-46.60303982025191,513.869
247,6,7,63.051135964356014,-46.60304323534649,516.72
248,6,8,72.07462865045409,-46.60304323534649,519.286
249,6,9,81.09597665715279,-46.603053480630244,521.354
250,6,10,89.88518019434109,133.39821169822795,522.779
251,6,11,80.86918705595168,133.39698226417735,523.492
252,6,12,71.85625384231045,133.39696860379902,523.512
253,6,13,62.84658545909247,133.39696860379902,522.934
254,6,14,53.840311679892004,133.39696860379902,521.925
255,6,15,44.83749056131697,133.39696860379902,520.696
256,6,16,35.83818357506991,133.39696860379902,519.485
257,6,17,26.842409504171037,133.39696860379902,518.526
258,6,18,17.850100046728656,133.39696860379902,518.026
259,6,19,8.861189462172002,133.39696860379902,518.143
260,6,20,-0.12446430942953417,133.39696860379902,518.966
261,6,21,-9.107050659083074,133.39696860379902,520.504
262,6,22,-18.086875384496317,133.39696860379902,522.687
263,6,23,-27.06428649181161,133.39695494342067,525.366
264,6,24,-36.03973221219323,133.39695494342067,528.329
265,6,25,-45.01373334756539,133.39695494342067,531.321
266,6,26,-53.986942180993836,133.39695494342067,534.064
267,6,27,-62.959973429503854,133.39695494342067,536.288
268,6,28,-71.93361939503917,133.39695494342067,537.752
269,6,29,-80.90860407765183,133.39694128304234,538.274
270,6,30,-89.88568562833966,133.39571184899174,537.746
271,6,31,-81.13443062217996,-46.60301932968439,536.146
272,6,32,-72.15110627859073,-46.603029574968154,533.544
273,6,33,-63.16377944414787,-46.60303299006274,530.097
274,6,34,-54.1720573829741,-46.60303299006274,526.036
275,6,35,-45.17561566108387,-46.60303299006274,521.645
276,6,36,-36.17436207092335,-46.60303640515732,517.238
277,6,37,-27.16834271626946,-46.60303640515732,513.129
278,6,38,-18.157774455628342,-46.60303640515732,509.606
279,6,39,-9.14301843525236,-46.60303640515732,506.905
280,7,0,4.3858343670207915,-37.60303956980409,504.728
281,7,1,13.408649156843744,-37.60303956980409,504.605
282,7,2,22.433505319454884,-37.60303956980409,505.488
283,7,3,31.459663486876554,-37.60304298489867,507.233
284,7,4,40.48638685245205,-37.60304298489867,509.629
285,7,5,49.512963368960385,-37.60304298489867,512.416
286,7,6,58.53874416843041,-37.60304298489867,515.315
287,7,7,67.56311794893142,-37.60304639999326,518.053
288,7,8,76.58559293684317,-37.60304981508784,520.393
289,7,9,85.60573200005877,-37.60307372074994,522.153
290,7,10,85.37681821002579,142.39698592971976,523.225
291,7,11,76.36232088306461,142.3969722693414,523.584
292,7,12,67.35101325444585,142.3969722693414,523.289
293,7,13,58.3430250977637,142.39695860896308,522.471
294,7,14,49.3384656960449,142.39695860896308,521.324
295,7,15,40.33739652099197,142.39695860896308,520.073
296,7,16,31.339851723550776,142.39695860896308,518.96
297,7,17,22.345824473532137,142.39695860896308,518.207
298,7,18,13.355227686024135,142.39695860896308,518
299,7,19,4.367966165265215,142.39695860896308,518.464
300,7,20,-4.61611675620871,142.39695860896308,519.648
301,7,21,-13.597289590209387,142.39695860896308,521.523
302,7,22,-22.575856707041705,142.39695860896308,523.976
303,7,23,-31.552226210508568,142.39695860896308,526.827
304,7,24,-40.526869383662714,142.39695860896308,529.839
305,7,25,-49.500406066171315,142.39695860896308,532.741
306,7,26,-58.473413409019244,142.39695860896308,535.257
307,7,27,-67.44667688396105,142.39695860896308,537.128
308,7,28,-76.42089658538664,142.39694494858475,538.14
309,7,29,-85.3968374944831,142.3969312882064,538.145
310,7,30,-85.62476773727559,-37.60300883395283,537.078
311,7,31,-76.64323973343807,-37.603029324520335,534.962
312,7,32,-67.65796878593538,-37.60303273961492,531.914
313,7,33,-58.668476781525634,-37.60303615470951,528.127
314,7,34,-49.67443587112866,-37.60303615470951,523.863
315,7,35,-40.67558992265057,-37.60303956980409,519.424
316,7,36,-31.671938936091383,-37.60303956980409,515.127
317,7,37,-22.663607562403442,-37.60303956980409,511.278
318,7,38,-13.650891207268355,-37.60303956980409,508.141
319,7,39,-4.634221453264298,-37.60303956980409,505.917
320,8,0,-0.12458382439979618,-28.603035904261688,505.189
321,8,1,8.896941233608787,-28.60303761180898,504.535
322,8,2,17.92086763671916,-28.60303761180898,504.928
323,8,3,26.946469143723476,-28.60303761180898,506.265
324,8,4,35.97300126400221,-28.60303761180898,508.365
325,8,5,44.999738289956035,-28.603039319356274,510.991
326,8,6,54.0259903724788,-28.603039319356274,513.869
327,8,7,63.051135964356014,-28.603041026903565,516.72
328,8,8,72.07462865045409,-28.60304444199815,519.286
329,8,9,81.09597665715279,-28.603052979734613,521.354
330,8,10,89.88518019434109,151.39821902931277,522.779
331,8,11,80.86918705595168,151.3969759348838,523.492
332,8,12,71.85625384231045,151.3969759348838,523.512
333,8,13,62.84658545909247,151.39696227450548,522.934
334,8,14,53.840311679892004,151.39696227450548,521.925
335,8,15,44.83749056131697,151.39696227450548,520.696
336,8,16,35.83818357506991,151.39696227450548,519.485
337,8,17,26.842409504171037,151.39696227450548,518.526
338,8,18,17.850100046728656,151.39696227450548,518.026
339,8,19,8.861189462172002,151.39696227450548,518.143
340,8,20,-0.12446430942953417,151.39696227450548,518.966
341,8,21,-9.107050659083074,151.39696227450548,520.504
342,8,22,-18.086875384496317,151.39696227450548,522.687
343,8,23,-27.06428649181161,151.39696227450548,525.366
344,8,24,-36.03973221219323,151.39696227450548,528.329
345,8,25,-45.01373334756539,151.39696227450548,531.321
346,8,26,-53.986942180993836,151.39696227450548,534.064
347,8,27,-62.959973429503854,151.39696227450548,536.288
348,8,28,-71.93361939503917,151.39696227450548,537.752
349,8,29,-80.90860407765183,151.39694861412713,538.274
350,8,30,-89.88568562833966,151.3957055196982,537.746
351,8,31,-81.13443062217996,-28.603020536336054,536.146
352,8,32,-72.15110627859073,-28.603029074072516,533.544
353,8,33,-63.16377944414787,-28.60303078161981,530.097
354,8,34,-54.1720573829741,-28.603032489167102,526.036
355,8,35,-45.17561566108387,-28.603034196714397,521.645
356,8,36,-36.17436207092335,-28.603034196714397,517.238
357,8,37,-27.16834271626946,-28.603035904261688,513.129
358,8,38,-18.157774455628342,-28.603035904261688,509.606
359,8,39,-9.14301843525236,-28.603035904261688,506.905
360,9,0,4.3858343670207915,-19.603039068908455,504.728
361,9,1,13.408649156843744,-19.60304077645575,504.605
362,9,2,22.433505319454884,-19.60304077645575,505.488
363,9,3,31.459663486876554,-19.60304077645575,507.233
364,9,4,40.48638685245205,-19.60304248400304,509.629
365,9,5,49.512963368960385,-19.60304248400304,512.416
366,9,6,58.53874416843041,-19.603044191550335,515.315
367,9,7,67.56311794893142,-19.603045899097626,518.053
368,9,8,76.58559293684317,-19.603051021739503,520.393
369,9,9,85.60573200005877,-19.603071512307015,522.153
370,9,10,85.37681821002579,160.39699326080455,523.225
371,9,11,76.36232088306461,160.3969659400479,523.584
372,9,12,67.35101325444585,160.3969659400479,523.289
373,9,13,58.3430250977637,160.3969659400479,522.471
374,9,14,49.3384656960449,160.3969659400479,521.324
375,9,15,40.33739652099197,160.3969659400479,520.073
376,9,16,31.339851723550776,160.3969659400479,518.96
377,9,17,22.345824473532137,160.3969659400479,518.207
378,9,18,13.355227686024135,160.3969659400479,518
379,9,19,4.367966165265215,160.3969659400479,518.464
380,9,20,-4.61611675620871,160.3969659400479,519.648
381,9,21,-13.597289590209387,160.3969659400479,521.523
382,9,22,-22.575856707041705,160.3969659400479,523.976
383,9,23,-31.552226210508568,160.39695227966953,526.827
384,9,24,-40.526869383662714,160.39695227966953,529.839
385,9,25,-49.500406066171315,160.39695227966953,532.741
386,9,26,-58.473413409019244,160.39695227966953,535.257
387,9,27,-67.44667688396105,160.39695227966953,537.128
388,9,28,-76.42089658538664,160.39695227966953,538.14
389,9,29,-85.3968374944831,160.39692495891285,538.145
390,9,30,-85.62476773727559,-19.6030066255099,537.078
391,9,31,-76.64323973343807,-19.6030288236247,534.962
392,9,32,-67.65796878593538,-19.603033946266578,531.914
393,9,33,-58.668476781525634,-19.603035653813873,528.127
394,9,34,-49.67443587112866,-19.603037361361164,523.863
395,9,35,-40.67558992265057,-19.603037361361164,519.424
396,9,36,-31.671938936091383,-19.603037361361164,515.127
397,9,37,-22.663607562403442,-19.603039068908455,511.278
398,9,38,-13.650891207268355,-19.603039068908455,508.141
399,9,39,-4.634221453264298,-19.603039068908455,505.917
400,10,0,-0.12458382439979618,-10.603036257139701,505.189
401,10,1,8.896941233608787,-10.603036257139701,504.535
402,10,2,17.92086763671916,-10.603037110913347,504.928
403,10,3,26.946469143723476,-10.603037110913347,506.265
404,10,4,35.97300126400221,-10.603037964686994,508.365
405,10,5,44.999738289956035,-10.60303881846064,510.991
406,10,6,54.0259903724788,-10.603039672234285,513.869
407,10,7,63.051135964356014,-10.603041379781578,516.72
408,10,8,72.07462865045409,-10.603043941102516,519.286
409,10,9,81.09597665715279,-10.603051625065333,521.354
410,10,10,89.88518019434109,169.39821270001923,522.779
411,10,11,80.86918705595168,169.39698326596863,523.492
412,10,12,71.85625384231045,169.39696960559027,523.512
413,10,13,62.84658545909247,169.39696960559027,522.934
414,10,14,53.840311679892004,169.39696960559027,521.925
415,10,15,44.83749056131697,169.39696960559027,520.696
416,10,16,35.83818357506991,169.39696960559027,519.485
417,10,17,26.842409504171037,169.39696960559027,518.526
418,10,18,17.850100046728656,169.39696960559027,518.026
419,10,19,8.861189462172002,169.39696960559027,518.143
420,10,20,-0.12446430942953417,169.39696960559027,518.966
421,10,21,-9.107050659083074,169.39696960559027,520.504
422,10,22,-18.086875384496317,169.39696960559027,522.687
423,10,23,-27.06428649181161,169.39695594521194,525.366
424,10,24,-36.03973221219323,169.39695594521194,528.329
425,10,25,-45.01373334756539,169.39695594521194,531.321
426,10,26,-53.986942180993836,169.39695594521194,534.064
427,10,27,-62.959973429503854,169.39695594521194,536.288
428,10,28,-71.93361939503917,169.39695594521194,537.752
429,10,29,-80.90860407765183,169.39694228483359,538.274
430,10,30,-89.88568562833966,169.39571285078299,537.746
431,10,31,-81.13443062217996,-10.603020035440421,536.146
432,10,32,-72.15110627859073,-10.603028573176884,533.544
433,10,33,-63.16377944414787,-10.603031134497822,530.097
434,10,34,-54.1720573829741,-10.603032842045115,526.036
435,10,35,-45.17561566108387,-10.603033695818763,521.645
436,10,36,-36.17436207092335,-10.603034549592408,517.238
437,10,37,-27.16834271626946,-10.603034549592408,513.129
438,10,38,-18.157774455628342,-10.603035403366054,509.606
439,10,39,-9.14301843525236,-10.603035403366054,506.905
440,11,0,4.3858343670207915,-1.603039421786469,504.728
441,11,1,13.408649156843744,-1.603039848673292,504.605
442,11,2,22.433505319454884,-1.6030402755601152,505.488
443,11,3,31.459663486876554,-1.6030407024469382,507.233
444,11,4,40.48638685245205,-1.603041342777173,509.629
445,11,5,49.512963368960385,-1.6030420898291133,512.416
446,11,6,58.53874416843041,-1.603043263767877,515.315
447,11,7,67.56311794893142,-1.6030452914802868,518.053
448,11,8,76.58559293684317,-1.603049667070224,520.393
449,11,9,85.60573200005877,-1.6030718651850264,522.153
450,11,10,85.37681821002579,178.396986931511,523.225
451,11,11,76.36232088306461,178.39697327113268,523.584
452,11,12,67.35101325444585,178.39697327113268,523.289
453,11,13,58.3430250977637,178.39695961075435,522.471
454,11,14,49.3384656960449,178.39695961075435,521.324
455,11,15,40.33739652099197,178.39695961075435,520.073
456,11,16,31.339851723550776,178.39695961075435,518.96
457,11,17,22.345824473532137,178.39695961075435,518.207
458,11,18,13.355227686024135,178.39695961075435,518
459,11,19,4.367966165265215,178.39695961075435,518.464
460,11,20,-4.61611675620871,178.39695961075435,519.648
461,11,21,-13.597289590209387,178.39695961075435,521.523
462,11,22,-22.575856707041705,178.39695961075435,523.976
463,11,23,-31.552226210508568,178.39695961075435,526.827
464,11,24,-40.526869383662714,178.39695961075435,529.839
465,11,25,-49.500406066171315,178.39695961075435,532.741
466,11,26,-58.473413409019244,178.39695961075435,535.257
467,11,27,-67.44667688396105,178.39695961075435,537.128
468,11,28,-76.42089658538664,178.396945950376,538.14
469,11,29,-85.3968374944831,178.39693228999766,538.145
470,11,30,-85.62476773727559,-1.6030064447793824,537.078
471,11,31,-76.64323973343807,-1.603028642894185,534.962
472,11,32,-67.65796878593538,-1.6030331252058279,531.914
473,11,33,-58.668476781525634,-1.603035046196532,528.127
474,11,34,-49.67443587112866,-1.6030362201352955,523.863
475,11,35,-40.67558992265057,-1.6030370739089417,519.424
476,11,36,-31.671938936091383,-1.6030376075174706,515.127
477,11,37,-22.663607562403442,-1.6030381411259995,511.278
478,11,38,-13.650891207268355,-1.6030385680128227,508.141
479,11,39,-4.634221453264298,-1.6030389948996457,505.917
480,12,0,-0.12458382439979618,7.396964243755932,505.189
481,12,1,8.896941233608787,7.396964243755932,504.535
482,12,2,17.92086763671916,7.396963389982287,504.928
483,12,3,26.946469143723476,7.396963389982287,506.265
484,12,4,35.97300126400221,7.39696253620864,508.365
485,12,5,44.999738289956035,7.396961682434994,510.991
486,12,6,54.0259903724788,7.3969608286613475,513.869
487,12,7,63.051135964356014,7.3969591211140555,516.72
488,12,8,72.07462865045409,7.396956559793116,519.286
489,12,9,81.09597665715279,7.3969488758303,521.354
490,12,10,89.88518019434109,-172.60178998680865,522.779
491,12,11,80.86918705595168,-172.60301942085925,523.492
492,12,12,71.85625384231045,-172.60303308123758,523.512
493,12,13,62.84658545909247,-172.60303308123758,522.934
494,12,14,53.840311679892004,-172.60303308123758,521.925
495,12,15,44.83749056131697,-172.60303308123758,520.696
496,12,16,35.83818357506991,-172.60303308123758,519.485
497,12,17,26.842409504171037,-172.60303308123758,518.526
498,12,18,17.850100046728656,-172.60303308123758,518.026
499,12,19,8.861189462172002,-172.60303308123758,518.143
500,12,20,-0.12446430942953417,-172.60303308123758,518.966
501,12,21,-9.107050659083074,-172.60303308123758,520.504
502,12,22,-18.086875384496317,-172.60303308123758,522.687
503,12,23,-27.06428649181161,-172.60303308123758,525.366
504,12,24,-36.03973221219323,-172.60303308123758,528.329
505,12,25,-45.01373334756539,-172.60303308123758,531.321
506,12,26,-53.986942180993836,-172.60303308123758,534.064
507,12,27,-62.959973429503854,-172.6030467416159,536.288
508,12,28,-71.93361939503917,-172.6030467416159,537.752
509,12,29,-80.90860407765183,-172.6030467416159,538.274
510,12,30,-89.88568562833966,-172.60428983604487,537.746
511,12,31,-81.13443062217996,7.396980465455211,536.146
512,12,32,-72.15110627859073,7.396971927718749,533.544
513,12,33,-63.16377944414787,7.39696936639781,530.097
514,12,34,-54.1720573829741,7.396967658850518,526.036
515,12,35,-45.17561566108387,7.396966805076872,521.645
516,12,36,-36.17436207092335,7.396965951303225,517.238
517,12,37,-27.16834271626946,7.396965951303225,513.129
518,12,38,-18.157774455628342,7.396965097529579,509.606
519,12,39,-9.14301843525236,7.396965097529579,506.905
520,13,0,4.3858343670207915,16.396968763071982,504.728
521,13,1,13.408649156843744,16.396967055524687,504.605
522,13,2,22.433505319454884,16.396967055524687,505.488
523,13,3,31.459663486876554,16.396967055524687,507.233
524,13,4,40.48638685245205,16.396965347977396,509.629
525,13,5,49.512963368960385,16.396965347977396,512.416
526,13,6,58.53874416843041,16.396963640430105,515.315
527,13,7,67.56311794893142,16.39696193288281,518.053
528,13,8,76.58559293684317,16.396956810240933,520.393
529,13,9,85.60573200005877,16.396936319673422,522.153
530,13,10,85.37681821002579,-163.6030020949385,523.225
531,13,11,76.36232088306461,-163.60301575531685,523.584
532,13,12,67.35101325444585,-163.60302941569518,523.289
533,13,13,58.3430250977637,-163.60302941569518,522.471
534,13,14,49.3384656960449,-163.60302941569518,521.324
535,13,15,40.33739652099197,-163.60302941569518,520.073
536,13,16,31.339851723550776,-163.60302941569518,518.96
537,13,17,22.345824473532137,-163.60302941569518,518.207
538,13,18,13.355227686024135,-163.60302941569518,518
539,13,19,4.367966165265215,-163.60302941569518,518.464
540,13,20,-4.61611675620871,-163.60302941569518,519.648
541,13,21,-13.597289590209387,-163.60302941569518,521.523
542,13,22,-22.575856707041705,-163.60302941569518,523.976
543,13,23,-31.552226210508568,-163.60302941569518,526.827
544,13,24,-40.526869383662714,-163.60302941569518,529.839
545,13,25,-49.500406066171315,-163.60302941569518,532.741
546,13,26,-58.473413409019244,-163.60302941569518,535.257
547,13,27,-67.44667688396105,-163.60304307607353,537.128
548,13,28,-76.42089658538664,-163.60304307607353,538.14
549,13,29,-85.3968374944831,-163.60305673645186,538.145
550,13,30,-85.62476773727559,16.397001206470538,537.078
551,13,31,-76.64323973343807,16.396979008355736,534.962
552,13,32,-67.65796878593538,16.39697388571386,531.914
553,13,33,-58.668476781525634,16.396972178166564,528.127
554,13,34,-49.67443587112866,16.396970470619273,523.863
555,13,35,-40.67558992265057,16.396970470619273,519.424
556,13,36,-31.671938936091383,16.396970470619273,515.127
557,13,37,-22.663607562403442,16.396968763071982,511.278
558,13,38,-13.650891207268355,16.396968763071982,508.141
559,13,39,-4.634221453264298,16.396968763071982,505.917
560,14,0,-0.12458382439979618,25.396958768236043,505.189
561,14,1,8.896941233608787,25.39695706068875,504.535
562,14,2,17.92086763671916,25.39695706068875,504.928
563,14,3,26.946469143723476,25.39695706068875,506.265
564,14,4,35.97300126400221,25.39695706068875,508.365
565,14,5,44.999738289956035,25.396955353141458,510.991
566,14,6,54.0259903724788,25.396955353141458,513.869
567,14,7,63.051135964356014,25.396953645594166,516.72
568,14,8,72.07462865045409,25.39695023049958,519.286
569,14,9,81.09597665715279,25.396941692763118,521.354
570,14,10,89.88518019434109,-154.60179631610217,522.779
571,14,11,80.86918705595168,-154.60302575015277,523.492
572,14,12,71.85625384231045,-154.60303941053112,523.512
573,14,13,62.84658545909247,-154.60303941053112,522.934
574,14,14,53.840311679892004,-154.60303941053112,521.925
575,14,15,44.83749056131697,-154.60303941053112,520.696
576,14,16,35.83818357506991,-154.60303941053112,519.485
577,14,17,26.842409504171037,-154.60303941053112,518.526
578,14,18,17.850100046728656,-154.60303941053112,518.026
579,14,19,8.861189462172002,-154.60303941053112,518.143
580,14,20,-0.12446430942953417,-154.60303941053112,518.966
581,14,21,-9.107050659083074,-154.60303941053112,520.504
582,14,22,-18.086875384496317,-154.60303941053112,522.687
583,14,23,-27.06428649181161,-154.60303941053112,525.366
584,14,24,-36.03973221219323,-154.60303941053112,528.329
585,14,25,-45.01373334756539,-154.60303941053112,531.321
586,14,26,-53.986942180993836,-154.60303941053112,534.064
587,14,27,-62.959973429503854,-154.60305307090945,536.288
588,14,28,-71.93361939503917,-154.60305307090945,537.752
589,14,29,-80.90860407765183,-154.60305307090945,538.274
590,14,30,-89.88568562833966,-154.6042961653384,537.746
591,14,31,-81.13443062217996,25.396974136161674,536.146
592,14,32,-72.15110627859073,25.39696559842521,533.544
593,14,33,-63.16377944414787,25.39696389087792,530.097
594,14,34,-54.1720573829741,25.39696218333063,526.036
595,14,35,-45.17561566108387,25.396960475783334,521.645
596,14,36,-36.17436207092335,25.396960475783334,517.238
597,14,37,-27.16834271626946,25.396958768236043,513.129
598,14,38,-18.157774455628342,25.396958768236043,509.606
599,14,39,-9.14301843525236,25.396958768236043,506.905
600,15,0,4.3858343670207915,34.39696243377844,504.728
601,15,1,13.408649156843744,34.39696243377844,504.605
602,15,2,22.433505319454884,34.39696243377844,505.488
603,15,3,31.459663486876554,34.39695901868386,507.233
604,15,4,40.48638685245205,34.39695901868386,509.629
605,15,5,49.512963368960385,34.39695901868386,512.416
606,15,6,58.53874416843041,34.39695901868386,515.315
607,15,7,67.56311794893142,34.39695560358928,518.053
608,15,8,76.58559293684317,34.39695218849469,520.393
609,15,9,85.60573200005877,34.3969282828326,522.153
610,15,10,85.37681821002579,-145.60300842423203,523.225
611,15,11,76.36232088306461,-145.6030220846104,523.584
612,15,12,67.35101325444585,-145.60303574498872,523.289
613,15,13,58.3430250977637,-145.60303574498872,522.471
614,15,14,49.3384656960449,-145.60303574498872,521.324
615,15,15,40.33739652099197,-145.60303574498872,520.073
616,15,16,31.339851723550776,-145.60303574498872,518.96
617,15,17,22.345824473532137,-145.60303574498872,518.207
618,15,18,13.355227686024135,-145.60303574498872,518
619,15,19,4.367966165265215,-145.60303574498872,518.464
620,15,20,-4.61611675620871,-145.60303574498872,519.648
621,15,21,-13.597289590209387,-145.60303574498872,521.523
622,15,22,-22.575856707041705,-145.60303574498872,523.976
623,15,23,-31.552226210508568,-145.60303574498872,526.827
624,15,24,-40.526869383662714,-145.60303574498872,529.839
625,15,25,-49.500406066171315,-145.60303574498872,532.741
626,15,26,-58.473413409019244,-145.60303574498872,535.257
627,15,27,-67.44667688396105,-145.60304940536707,537.128
628,15,28,-76.42089658538664,-145.60304940536707,538.14
629,15,29,-85.3968374944831,-145.6030630657454,538.145
630,15,30,-85.62476773727559,34.39699316962971,537.078
631,15,31,-76.64323973343807,34.3969726790622,534.962
632,15,32,-67.65796878593538,34.39696926396761,531.914
633,15,33,-58.668476781525634,34.39696584887303,528.127
634,15,34,-49.67443587112866,34.39696584887303,523.863
635,15,35,-40.67558992265057,34.39696243377844,519.424
636,15,36,-31.671938936091383,34.39696243377844,515.127
637,15,37,-22.663607562403442,34.39696243377844,511.278
638,15,38,-13.650891207268355,34.39696243377844,508.141
639,15,39,-4.634221453264298,34.39696243377844,505.917
640,16,0,-0.12458382439979618,43.39696609932085,505.189
641,16,1,8.896941233608787,43.39696609932085,504.535
642,16,2,17.92086763671916,43.39696609932085,504.928
643,16,3,26.946469143723476,43.39696268422626,506.265
644,16,4,35.97300126400221,43.39696268422626,508.365
645,16,5,44.999738289956035,43.39696268422626,510.991
646,16,6,54.0259903724788,43.39696268422626,513.869
647,16,7,63.051135964356014,43.39695926913168,516.72
648,16,8,72.07462865045409,43.39695926913168,519.286
649,16,9,81.09597665715279,43.396949023847924,521.354
650,16,10,89.88518019434109,-136.60178898501738,522.779
651,16,11,80.86918705595168,-136.60301841906798,523.492
652,16,12,71.85625384231045,-136.6030320794463,523.512
653,16,13,62.84658545909247,-136.6030320794463,522.934
654,16,14,53.840311679892004,-136.6030320794463,521.925
655,16,15,44.83749056131697,-136.6030320794463,520.696
656,16,16,35.83818357506991,-136.6030320794463,519.485
657,16,17,26.842409504171037,-136.6030320794463,518.526
658,16,18,17.850100046728656,-136.6030320794463,518.026
659,16,19,8.861189462172002,-136.6030320794463,518.143
660,16,20,-0.12446430942953417,-136.6030320794463,518.966
661,16,21,-9.107050659083074,-136.6030320794463,520.504
662,16,22,-18.086875384496317,-136.6030320794463,522.687
663,16,23,-27.06428649181161,-136.6030320794463,525.366
664,16,24,-36.03973221219323,-136.6030320794463,528.329
665,16,25,-45.01373334756539,-136.6030320794463,531.321
666,16,26,-53.986942180993836,-136.6030320794463,534.064
667,16,27,-62.959973429503854,-136.60304573982467,536.288
668,16,28,-71.93361939503917,-136.60304573982467,537.752
669,16,29,-80.90860407765183,-136.60304573982467,538.274
670,16,30,-89.88568562833966,-136.6042888342536,537.746
671,16,31,-81.13443062217996,43.39698317479377,536.146
672,16,32,-72.15110627859073,43.396972929510014,533.544
673,16,33,-63.16377944414787,43.39696951441543,530.097
674,16,34,-54.1720573829741,43.39696951441543,526.036
675,16,35,-45.17561566108387,43.39696951441543,521.645
676,16,36,-36.17436207092335,43.39696609932085,517.238
677,16,37,-27.16834271626946,43.39696609932085,513.129
678,16,38,-18.157774455628342,43.39696609932085,509.606
679,16,39,-9.14301843525236,43.39696609932085,506.905
680,17,0,4.3858343670207915,52.39695610448491,504.728
681,17,1,13.408649156843744,52.39695610448491,504.605
682,17,2,22.433505319454884,52.39695610448491,505.488
683,17,3,31.459663486876554,52.396952689390325,507.233
684,17,4,40.48638685245205,52.396952689390325,509.629
685,17,5,49.512963368960385,52.396952689390325,512.416
686,17,6,58.53874416843041,52.396952689390325,515.315
687,17,7,67.56311794893142,52.396949274295736,518.053
688,17,8,76.58559293684317,52.39694585920115,520.393
689,17,9,85.60573200005877,52.39692195353906,522.153
690,17,10,85.37681821002579,-127.60301475352557,523.225
691,17,11,76.36232088306461,-127.60302841390391,523.584
692,17,12,67.35101325444585,-127.60304207428226,523.289
693,17,13,58.3430250977637,-127.60304207428226,522.471
694,17,14,49.3384656960449,-127.60304207428226,521.324
695,17,15,40.33739652099197,-127.60304207428226,520.073
696,17,16,31.339851723550776,-127.60304207428226,518.96
697,17,17,22.345824473532137,-127.60304207428226,518.207
698,17,18,13.355227686024135,-127.60304207428226,518
699,17,19,4.367966165265215,-127.60304207428226,518.464
700,17,20,-4.61611675620871,-127.60304207428226,519.648
701,17,21,-13.597289590209387,-127.60304207428226,521.523
702,17,22,-22.575856707041705,-127.60304207428226,523.976
703,17,23,-31.552226210508568,-127.60304207428226,526.827
704,17,24,-40.526869383662714,-127.60304207428226,529.839
705,17,25,-49.500406066171315,-127.60304207428226,532.741
706,17,26,-58.473413409019244,-127.60304207428226,535.257
707,17,27,-67.44667688396105,-127.6030557346606,537.128
708,17,28,-76.42089658538664,-127.6030557346606,538.14
709,17,29,-85.3968374944831,-127.60306939503894,538.145
710,17,30,-85.62476773727559,52.396986840336176,537.078
711,17,31,-76.64323973343807,52.39696634976866,534.962
712,17,32,-67.65796878593538,52.39696293467408,531.914
713,17,33,-58.668476781525634,52.39695951957949,528.127
714,17,34,-49.67443587112866,52.39695951957949,523.863
715,17,35,-40.67558992265057,52.39695610448491,519.424
716,17,36,-31.671938936091383,52.39695610448491,515.127
717,17,37,-22.663607562403442,52.39695610448491,511.278
718,17,38,-13.650891207268355,52.39695610448491,508.141
719,17,39,-4.634221453264298,52.39695610448491,505.917
720,18,0,-0.12458382439979618,61.39695977002731,505.189
721,18,1,8.896941233608787,61.39695977002731,504.535
722,18,2,17.92086763671916,61.39695977002731,504.928
723,18,3,26.946469143723476,61.39695977002731,506.265
724,18,4,35.97300126400221,61.39695977002731,508.365
725,18,5,44.999738289956035,61.39695977002731,510.991
726,18,6,54.0259903724788,61.39695293983814,513.869
727,18,7,63.051135964356014,61.39695293983814,516.72
728,18,8,72.07462865045409,61.39695293983814,519.286
729,18,9,81.09597665715279,61.39694610964897,521.354
730,18,10,89.88518019434109,-118.6017953143109,522.779
731,18,11,80.86918705595168,-118.60302474836152,523.492
732,18,12,71.85625384231045,-118.60303840873985,523.512
733,18,13,62.84658545909247,-118.60303840873985,522.934
734,18,14,53.840311679892004,-118.60303840873985,521.925
735,18,15,44.83749056131697,-118.60303840873985,520.696
736,18,16,35.83818357506991,-118.60303840873985,519.485
737,18,17,26.842409504171037,-118.60303840873985,518.526
738,18,18,17.850100046728656,-118.60303840873985,518.026
739,18,19,8.861189462172002,-118.60303840873985,518.143
740,18,20,-0.12446430942953417,-118.60303840873985,518.966
741,18,21,-9.107050659083074,-118.60303840873985,520.504
742,18,22,-18.086875384496317,-118.60303840873985,522.687
743,18,23,-27.06428649181161,-118.60303840873985,525.366
744,18,24,-36.03973221219323,-118.60303840873985,528.329
745,18,25,-45.01373334756539,-118.60303840873985,531.321
746,18,26,-53.986942180993836,-118.60303840873985,534.064
747,18,27,-62.959973429503854,-118.60305206911819,536.288
748,18,28,-71.93361939503917,-118.60305206911819,537.752
749,18,29,-80.90860407765183,-118.60305206911819,538.274
750,18,30,-89.88568562833966,-118.60429516354714,537.746
751,18,31,-81.13443062217996,61.39697343040565,536.146
752,18,32,-72.15110627859073,61.39696660021648,533.544
753,18,33,-63.16377944414787,61.39696660021648,530.097
754,18,34,-54.1720573829741,61.39695977002731,526.036
755,18,35,-45.17561566108387,61.39695977002731,521.645
756,18,36,-36.17436207092335,61.39695977002731,517.238
757,18,37,-27.16834271626946,61.39695977002731,513.129
758,18,38,-18.157774455628342,61.39695977002731,509.606
759,18,39,-9.14301843525236,61.39695977002731,506.905
760,19,0,4.3858343670207915,70.39696343556972,504.728
761,19,1,13.408649156843744,70.39696343556972,504.605
762,19,2,22.433505319454884,70.39696343556972,505.488
763,19,3,31.459663486876554,70.39696343556972,507.233
764,19,4,40.48638685245205,70.39696343556972,509.629
765,19,5,49.512963368960385,70.39695660538054,512.416
766,19,6,58.53874416843041,70.39695660538054,515.315
767,19,7,67.56311794893142,70.39695660538054,518.053
768,19,8,76.58559293684317,70.39694977519137,520.393
769,19,9,85.60573200005877,70.39692928462387,522.153
770,19,10,85.37681821002579,-109.60300742244077,523.225
771,19,11,76.36232088306461,-109.60302791300828,523.584
772,19,12,67.35101325444585,-109.60302791300828,523.289
773,19,13,58.3430250977637,-109.60303474319745,522.471
774,19,14,49.3384656960449,-109.60303474319745,521.324
775,19,15,40.33739652099197,-109.60303474319745,520.073
776,19,16,31.339851723550776,-109.60303474319745,518.96
777,19,17,22.345824473532137,-109.60303474319745,518.207
778,19,18,13.355227686024135,-109.60303474319745,518
779,19,19,4.367966165265215,-109.60303474319745,518.464
780,19,20,-4.61611675620871,-109.60303474319745,519.648
781,19,21,-13.597289590209387,-109.60303474319745,521.523
782,19,22,-22.575856707041705,-109.60304157338662,523.976
783,19,23,-31.552226210508568,-109.60304157338662,526.827
784,19,24,-40.526869383662714,-109.60304157338662,529.839
785,19,25,-49.500406066171315,-109.60304157338662,532.741
786,19,26,-58.473413409019244,-109.60304157338662,535.257
787,19,27,-67.44667688396105,-109.60304157338662,537.128
788,19,28,-76.42089658538664,-109.6030484035758,538.14
789,19,29,-85.3968374944831,-109.6030688941433,538.145
790,19,30,-85.62476773727559,70.39699758651557,537.078
791,19,31,-76.64323973343807,70.39697026575888,534.962
792,19,32,-67.65796878593538,70.39697026575888,531.914
793,19,33,-58.668476781525634,70.39697026575888,528.127
794,19,34,-49.67443587112866,70.39696343556972,523.863
795,19,35,-40.67558992265057,70.39696343556972,519.424
796,19,36,-31.671938936091383,70.39696343556972,515.127
797,19,37,-22.663607562403442,70.39696343556972,511.278
798,19,38,-13.650891207268355,70.39696343556972,508.141
799,19,39,-4.634221453264298,70.39696343556972,505.917
800,20,0,-0.12458382439979618,79.39696710111211,505.189
801,20,1,8.896941233608787,79.39696710111211,504.535
802,20,2,17.92086763671916,79.39696710111211,504.928
803,20,3,26.946469143723476,79.39696710111211,506.265
804,20,4,35.97300126400221,79.39696710111211,508.365
805,20,5,44.999738289956035,79.39696710111211,510.991
806,20,6,54.0259903724788,79.39696027092295,513.869
807,20,7,63.051135964356014,79.39696027092295,516.72
808,20,8,72.07462865045409,79.39696027092295,519.286
809,20,9,81.09597665715279,79.39695344073377,521.354
810,20,10,89.88518019434109,-100.60178115303694,522.779
811,20,11,80.86918705595168,-100.60301741727672,523.492
812,20,12,71.85625384231045,-100.60302424746588,523.512
813,20,13,62.84658545909247,-100.60303107765505,522.934
814,20,14,53.840311679892004,-100.60303107765505,521.925
815,20,15,44.83749056131697,-100.60303107765505,520.696
816,20,16,35.83818357506991,-100.60303107765505,519.485
817,20,17,26.842409504171037,-100.60303107765505,518.526
818,20,18,17.850100046728656,-100.60303107765505,518.026
819,20,19,8.861189462172002,-100.60303107765505,518.143
820,20,20,-0.12446430942953417,-100.60303107765505,518.966
821,20,21,-9.107050659083074,-100.60303107765505,520.504
822,20,22,-18.086875384496317,-100.60303107765505,522.687
823,20,23,-27.06428649181161,-100.60303790784423,525.366
824,20,24,-36.03973221219323,-100.60303790784423,528.329
825,20,25,-45.01373334756539,-100.60303790784423,531.321
826,20,26,-53.986942180993836,-100.60303790784423,534.064
827,20,27,-62.959973429503854,-100.60303790784423,536.288
828,20,28,-71.93361939503917,-100.60303790784423,537.752
829,20,29,-80.90860407765183,-100.60305156822255,538.274
830,20,30,-89.88568562833966,-100.60428783246233,537.746
831,20,31,-81.13443062217996,79.39698076149045,536.146
832,20,32,-72.15110627859073,79.39697393130129,533.544
833,20,33,-63.16377944414787,79.39697393130129,530.097
834,20,34,-54.1720573829741,79.39696710111211,526.036
835,20,35,-45.17561566108387,79.39696710111211,521.645
836,20,36,-36.17436207092335,79.39696710111211,517.238
837,20,37,-27.16834271626946,79.39696710111211,513.129
838,20,38,-18.157774455628342,79.39696710111211,509.606
839,20,39,-9.14301843525236,79.39696710111211,506.905
840,21,0,4.3858343670207915,88.39695710627618,504.728
841,21,1,13.408649156843744,88.39695710627618,504.605
842,21,2,22.433505319454884,88.39695710627618,505.488
843,21,3,31.459663486876554,88.39695710627618,507.233
844,21,4,40.48638685245205,88.39695710627618,509.629
845,21,5,49.512963368960385,88.396950276087,512.416
846,21,6,58.53874416843041,88.396950276087,515.315
847,21,7,67.56311794893142,88.396950276087,518.053
848,21,8,76.58559293684317,88.39694344589783,520.393
849,21,9,85.60573200005877,88.39692295533033,522.153
850,21,10,85.37681821002579,-91.60301375173431,523.225
851,21,11,76.36232088306461,-91.60303424230182,523.584
852,21,12,67.35101325444585,-91.60303424230182,523.289
853,21,13,58.3430250977637,-91.603041072491,522.471
854,21,14,49.3384656960449,-91.603041072491,521.324
855,21,15,40.33739652099197,-91.603041072491,520.073
856,21,16,31.339851723550776,-91.603041072491,518.96
857,21,17,22.345824473532137,-91.603041072491,518.207
858,21,18,13.355227686024135,-91.603041072491,518
859,21,19,4.367966165265215,-91.603041072491,518.464
860,21,20,-4.61611675620871,-91.603041072491,519.648
861,21,21,-13.597289590209387,-91.603041072491,521.523
862,21,22,-22.575856707041705,-91.60304790268016,523.976
863,21,23,-31.552226210508568,-91.60304790268016,526.827
864,21,24,-40.526869383662714,-91.60304790268016,529.839
865,21,25,-49.500406066171315,-91.60304790268016,532.741
866,21,26,-58.473413409019244,-91.60304790268016,535.257
867,21,27,-67.44667688396105,-91.60304790268016,537.128
868,21,28,-76.42089658538664,-91.60305473286932,538.14
869,21,29,-85.3968374944831,-91.60307522343685,538.145
870,21,30,-85.62476773727559,88.39699125722203,537.078
871,21,31,-76.64323973343807,88.39696393646534,534.962
872,21,32,-67.65796878593538,88.39696393646534,531.914
873,21,33,-58.668476781525634,88.39696393646534,528.127
874,21,34,-49.67443587112866,88.39695710627618,523.863
875,21,35,-40.67558992265057,88.39695710627618,519.424
876,21,36,-31.671938936091383,88.39695710627618,515.127
877,21,37,-22.663607562403442,88.39695710627618,511.278
878,21,38,-13.650891207268355,88.39695710627618,508.141
879,21,39,-4.634221453264298,88.39695710627618,505.917
880,22,0,-0.12458382439979618,97.39696077181857,505.189
881,22,1,8.896941233608787,97.39696077181857,504.535
882,22,2,17.92086763671916,97.39696077181857,504.928
883,22,3,26.946469143723476,97.39696077181857,506.265
884,22,4,35.97300126400221,97.39696077181857,508.365
885,22,5,44.999738289956035,97.39696077181857,510.991
886,22,6,54.0259903724788,97.3969539416294,513.869
887,22,7,63.051135964356014,97.3969539416294,516.72
888,22,8,72.07462865045409,97.3969539416294,519.286
889,22,9,81.09597665715279,97.39694711144024,521.354
890,22,10,89.88518019434109,-82.60178748233048,522.779
891,22,11,80.86918705595168,-82.60302374657024,523.492
892,22,12,71.85625384231045,-82.60303057675942,523.512
893,22,13,62.84658545909247,-82.60303740694859,522.934
894,22,14,53.840311679892004,-82.60303740694859,521.925
895,22,15,44.83749056131697,-82.60303740694859,520.696
896,22,16,35.83818357506991,-82.60303740694859,519.485
897,22,17,26.842409504171037,-82.60303740694859,518.526
898,22,18,17.850100046728656,-82.60303740694859,518.026
899,22,19,8.861189462172002,-82.60303740694859,518.143
900,22,20,-0.12446430942953417,-82.60303740694859,518.966
901,22,21,-9.107050659083074,-82.60303740694859,520.504
902,22,22,-18.086875384496317,-82.60303740694859,522.687
903,22,23,-27.06428649181161,-82.60304423713775,525.366
904,22,24,-36.03973221219323,-82.60304423713775,528.329
905,22,25,-45.01373334756539,-82.60304423713775,531.321
906,22,26,-53.986942180993836,-82.60304423713775,534.064
907,22,27,-62.959973429503854,-82.60304423713775,536.288
908,22,28,-71.93361939503917,-82.60304423713775,537.752
909,22,29,-80.90860407765183,-82.6030578975161,538.274
910,22,30,-89.88568562833966,-82.60429416175587,537.746
911,22,31,-81.13443062217996,97.39697443219691,536.146
912,22,32,-72.15110627859073,97.39696760200775,533.544
913,22,33,-63.16377944414787,97.39696760200775,530.097
914,22,34,-54.1720573829741,97.39696077181857,526.036
915,22,35,-45.17561566108387,97.39696077181857,521.645
916,22,36,-36.17436207092335,97.39696077181857,517.238
917,22,37,-27.16834271626946,97.39696077181857,513.129
918,22,38,-18.157774455628342,97.39696077181857,509.606
919,22,39,-9.14301843525236,97.39696077181857,506.905
920,23,0,4.3858343670207915,106.39696443736098,504.728
921,23,1,13.408649156843744,106.39696443736098,504.605
922,23,2,22.433505319454884,106.39696443736098,505.488
923,23,3,31.459663486876554,106.39696443736098,507.233
924,23,4,40.48638685245205,106.39696443736098,509.629
925,23,5,49.512963368960385,106.39695760717181,512.416
926,23,6,58.53874416843041,106.39695760717181,515.315
927,23,7,67.56311794893142,106.39695760717181,518.053
928,23,8,76.58559293684317,106.39695077698264,520.393
929,23,9,85.60573200005877,106.39693028641513,522.153
930,23,10,85.37681821002579,-73.6030064206495,523.225
931,23,11,76.36232088306461,-73.60302691121701,523.584
932,23,12,67.35101325444585,-73.60302691121701,523.289
933,23,13,58.3430250977637,-73.60303374140618,522.471
934,23,14,49.3384656960449,-73.60303374140618,521.324
935,23,15,40.33739652099197,-73.60303374140618,520.073
936,23,16,31.339851723550776,-73.60303374140618,518.96
937,23,17,22.345824473532137,-73.60303374140618,518.207
938,23,18,13.355227686024135,-73.60303374140618,518
939,23,19,4.367966165265215,-73.60303374140618,518.464
940,23,20,-4.61611675620871,-73.60303374140618,519.648
941,23,21,-13.597289590209387,-73.60303374140618,521.523
942,23,22,-22.575856707041705,-73.60304057159536,523.976
943,23,23,-31.552226210508568,-73.60304057159536,526.827
944,23,24,-40.526869383662714,-73.60304057159536,529.839
945,23,25,-49.500406066171315,-73.60304057159536,532.741
946,23,26,-58.473413409019244,-73.60304057159536,535.257
947,23,27,-67.44667688396105,-73.60304057159536,537.128
948,23,28,-76.42089658538664,-73.60304740178452,538.14
949,23,29,-85.3968374944831,-73.60306789235203,538.145
950,23,30,-85.62476773727559,106.39699858830683,537.078
951,23,31,-76.64323973343807,106.39697126755014,534.962
952,23,32,-67.65796878593538,106.39697126755014,531.914
953,23,33,-58.668476781525634,106.39697126755014,528.127
954,23,34,-49.67443587112866,106.39696443736098,523.863
955,23,35,-40.67558992265057,106.39696443736098,519.424
956,23,36,-31.671938936091383,106.39696443736098,515.127
957,23,37,-22.663607562403442,106.39696443736098,511.278
958,23,38,-13.650891207268355,106.39696443736098,508.141
959,23,39,-4.634221453264298,106.39696443736098,505.917
960,24,0,-0.12458382439979618,115.39696127271421,505.189
961,24,1,8.896941233608787,115.39696127271421,504.535
962,24,2,17.92086763671916,115.39696127271421,504.928
963,24,3,26.946469143723476,115.39696127271421,506.265
964,24,4,35.97300126400221,115.39696127271421,508.365
965,24,5,44.999738289956035,115.39696127271421,510.991
966,24,6,54.0259903724788,115.39696127271421,513.869
967,24,7,63.051135964356014,115.39696127271421,516.72
968,24,8,72.07462865045409,115.39696127271421,519.286
969,24,9,81.09597665715279,115.39694761233586,521.354
970,24,10,89.88518019434109,-64.60178015124568,522.779
971,24,11,80.86918705595168,-64.60301641548544,523.492
972,24,12,71.85625384231045,-64.60302324567462,523.512
973,24,13,62.84658545909247,-64.60303007586378,522.934
974,24,14,53.840311679892004,-64.60303007586378,521.925
975,24,15,44.83749056131697,-64.60303007586378,520.696
976,24,16,35.83818357506991,-64.60303007586378,519.485
977,24,17,26.842409504171037,-64.60303007586378,518.526
978,24,18,17.850100046728656,-64.60303007586378,518.026
979,24,19,8.861189462172002,-64.60303007586378,518.143
980,24,20,-0.12446430942953417,-64.60303007586378,518.966
981,24,21,-9.107050659083074,-64.60303007586378,520.504
982,24,22,-18.086875384496317,-64.60303007586378,522.687
983,24,23,-27.06428649181161,-64.60303690605295,525.366
984,24,24,-36.03973221219323,-64.60303690605295,528.329
985,24,25,-45.01373334756539,-64.60303690605295,531.321
986,24,26,-53.986942180993836,-64.60303690605295,534.064
987,24,27,-62.959973429503854,-64.60303690605295,536.288
988,24,28,-71.93361939503917,-64.60303690605295,537.752
989,24,29,-80.90860407765183,-64.60305056643129,538.274
990,24,30,-89.88568562833966,-64.60428683067107,537.746
991,24,31,-81.13443062217996,115.3969885934709,536.146
992,24,32,-72.15110627859073,115.39697493309255,533.544
993,24,33,-63.16377944414787,115.39697493309255,530.097
994,24,34,-54.1720573829741,115.39697493309255,526.036
995,24,35,-45.17561566108387,115.39697493309255,521.645
996,24,36,-36.17436207092335,115.39697493309255,517.238
997,24,37,-27.16834271626946,115.39697493309255,513.129
998,24,38,-18.157774455628342,115.39697493309255,509.606
999,24,39,-9.14301843525236,115.39696127271421,506.905
1000,25,0,4.3858343670207915,124.39695127787827,504.728
1001,25,1,13.408649156843744,124.39695127787827,504.605
1002,25,2,22.433505319454884,124.39695127787827,505.488
1003,25,3,31.459663486876554,124.39695127787827,507.233
1004,25,4,40.48638685245205,124.39695127787827,509.629
1005,25,5,49.512963368960385,124.39695127787827,512.416
1006,25,6,58.53874416843041,124.39695127787827,515.315
1007,25,7,67.56311794893142,124.39695127787827,518.053
1008,25,8,76.58559293684317,124.39695127787827,520.393
1009,25,9,85.60573200005877,124.39692395712159,522.153
1010,25,10,85.37681821002579,-55.60301274994304,523.225
1011,25,11,76.36232088306461,-55.603033240510555,523.584
1012,25,12,67.35101325444585,-55.60303665560514,523.289
1013,25,13,58.3430250977637,-55.60304007069972,522.471
1014,25,14,49.3384656960449,-55.60304007069972,521.324
1015,25,15,40.33739652099197,-55.60304007069972,520.073
1016,25,16,31.339851723550776,-55.60304007069972,518.96
1017,25,17,22.345824473532137,-55.60304007069972,518.207
1018,25,18,13.355227686024135,-55.60304348579431,518
1019,25,19,4.367966165265215,-55.60304348579431,518.464
1020,25,20,-4.61611675620871,-55.60304348579431,519.648
1021,25,21,-13.597289590209387,-55.60304348579431,521.523
1022,25,22,-22.575856707041705,-55.60304348579431,523.976
1023,25,23,-31.552226210508568,-55.60304348579431,526.827
1024,25,24,-40.526869383662714,-55.60304348579431,529.839
1025,25,25,-49.500406066171315,-55.60304690088889,532.741
1026,25,26,-58.473413409019244,-55.60304690088889,535.257
1027,25,27,-67.44667688396105,-55.60304690088889,537.128
1028,25,28,-76.42089658538664,-55.60305373107806,538.14
1029,25,29,-85.3968374944831,-55.60307422164557,538.145
1030,25,30,-85.62476773727559,124.39699225901329,537.078
1031,25,31,-76.64323973343807,124.39696493825662,534.962
1032,25,32,-67.65796878593538,124.39696493825662,531.914
1033,25,33,-58.668476781525634,124.39696493825662,528.127
1034,25,34,-49.67443587112866,124.39696493825662,523.863
1035,25,35,-40.67558992265057,124.39696493825662,519.424
1036,25,36,-31.671938936091383,124.39696493825662,515.127
1037,25,37,-22.663607562403442,124.39696493825662,511.278
1038,25,38,-13.650891207268355,124.39695127787827,508.141
1039,25,39,-4.634221453264298,124.39695127787827,505.917
1040,26,0,-0.12458382439979618,133.39696860379902,505.189
1041,26,1,8.896941233608787,133.39696860379902,504.535
1042,26,2,17.92086763671916,133.39696860379902,504.928
1043,26,3,26.946469143723476,133.39696860379902,506.265
1044,26,4,35.97300126400221,133.39696860379902,508.365
1045,26,5,44.999738289956035,133.39696860379902,510.991
1046,26,6,54.0259903724788,133.39696860379902,513.869
1047,26,7,63.051135964356014,133.39696860379902,516.72
1048,26,8,72.07462865045409,133.39696860379902,519.286
1049,26,9,81.09597665715279,133.39695494342067,521.354
1050,26,10,89.88518019434109,-46.60177623525546,522.779
1051,26,11,80.86918705595168,-46.60300908440064,523.492
1052,26,12,71.85625384231045,-46.60301591458981,523.512
1053,26,13,62.84658545909247,-46.60301932968439,522.934
1054,26,14,53.840311679892004,-46.60302274477898,521.925
1055,26,15,44.83749056131697,-46.60302274477898,520.696
1056,26,16,35.83818357506991,-46.60302274477898,519.485
1057,26,17,26.842409504171037,-46.60302274477898,518.526
1058,26,18,17.850100046728656,-46.60302274477898,518.026
1059,26,19,8.861189462172002,-46.603026159873565,518.143
1060,26,20,-0.12446430942953417,-46.603026159873565,518.966
1061,26,21,-9.107050659083074,-46.603026159873565,520.504
1062,26,22,-18.086875384496317,-46.603026159873565,522.687
1063,26,23,-27.06428649181161,-46.603026159873565,525.366
1064,26,24,-36.03973221219323,-46.603026159873565,528.329
1065,26,25,-45.01373334756539,-46.603026159873565,531.321
1066,26,26,-53.986942180993836,-46.603029574968154,534.064
1067,26,27,-62.959973429503854,-46.603029574968154,536.288
1068,26,28,-71.93361939503917,-46.60303299006274,537.752
1069,26,29,-80.90860407765183,-46.60303982025191,538.274
1070,26,30,-89.88568562833966,-46.60428291468085,537.746
1071,26,31,-81.13443062217996,133.39699592455568,536.146
1072,26,32,-72.15110627859073,133.39698226417735,533.544
1073,26,33,-63.16377944414787,133.39698226417735,530.097
1074,26,34,-54.1720573829741,133.39698226417735,526.036
1075,26,35,-45.17561566108387,133.39698226417735,521.645
1076,26,36,-36.17436207092335,133.39698226417735,517.238
1077,26,37,-27.16834271626946,133.39698226417735,513.129
1078,26,38,-18.157774455628342,133.39698226417735,509.606
1079,26,39,-9.14301843525236,133.39696860379902,506.905
1080,27,0,4.3858343670207915,142.39694494858475,504.728
1081,27,1,13.408649156843744,142.39694494858475,504.605
1082,27,2,22.433505319454884,142.39694494858475,505.488
1083,27,3,31.459663486876554,142.39694494858475,507.233
1084,27,4,40.48638685245205,142.39694494858475,509.629
1085,27,5,49.512963368960385,142.39694494858475,512.416
1086,27,6,58.53874416843041,142.39694494858475,515.315
1087,27,7,67.56311794893142,142.39694494858475,518.053
1088,27,8,76.58559293684317,142.39694494858475,520.393
1089,27,9,85.60573200005877,142.39691762782806,522.153
1090,27,10,85.37681821002579,-37.60301907923658,523.225
1091,27,11,76.36232088306461,-37.60303956980409,523.584
1092,27,12,67.35101325444585,-37.60304298489867,523.289
1093,27,13,58.3430250977637,-37.60304639999326,522.471
1094,27,14,49.3384656960449,-37.60304639999326,521.324
1095,27,15,40.33739652099197,-37.60304639999326,520.073
1096,27,16,31.339851723550776,-37.60304639999326,518.96
1097,27,17,22.345824473532137,-37.60304639999326,518.207
1098,27,18,13.355227686024135,-37.60304981508784,518
1099,27,19,4.367966165265215,-37.60304981508784,518.464
1100,27,20,-4.61611675620871,-37.60304981508784,519.648
1101,27,21,-13.597289590209387,-37.60304981508784,521.523
1102,27,22,-22.575856707041705,-37.60304981508784,523.976
1103,27,23,-31.552226210508568,-37.60304981508784,526.827
1104,27,24,-40.526869383662714,-37.60304981508784,529.839
1105,27,25,-49.500406066171315,-37.60305323018243,532.741
1106,27,26,-58.473413409019244,-37.60305323018243,535.257
1107,27,27,-67.44667688396105,-37.60305323018243,537.128
1108,27,28,-76.42089658538664,-37.6030600603716,538.14
1109,27,29,-85.3968374944831,-37.60308055093911,538.145
1110,27,30,-85.62476773727559,142.39698592971976,537.078
1111,27,31,-76.64323973343807,142.39695860896308,534.962
1112,27,32,-67.65796878593538,142.39695860896308,531.914
1113,27,33,-58.668476781525634,142.39695860896308,528.127
1114,27,34,-49.67443587112866,142.39695860896308,523.863
1115,27,35,-40.67558992265057,142.39695860896308,519.424
1116,27,36,-31.671938936091383,142.39695860896308,515.127
1117,27,37,-22.663607562403442,142.39695860896308,511.278
1118,27,38,-13.650891207268355,142.39694494858475,508.141
1119,27,39,-4.634221453264298,142.39694494858475,505.917
1120,28,0,-0.12458382439979618,151.39694861412713,505.189
1121,28,1,8.896941233608787,151.39694861412713,504.535
1122,28,2,17.92086763671916,151.39694861412713,504.928
1123,28,3,26.946469143723476,151.39694861412713,506.265
1124,28,4,35.97300126400221,151.39694861412713,508.365
1125,28,5,44.999738289956035,151.39694861412713,510.991
1126,28,6,54.0259903724788,151.39694861412713,513.869
1127,28,7,63.051135964356014,151.39694861412713,516.72
1128,28,8,72.07462865045409,151.39694861412713,519.286
1129,28,9,81.09597665715279,151.3969349537488,521.354
1130,28,10,89.88518019434109,-28.60179451738004,522.779
1131,28,11,80.86918705595168,-28.603029074072516,523.492
1132,28,12,71.85625384231045,-28.60303761180898,523.512
1133,28,13,62.84658545909247,-28.603041026903565,522.934
1134,28,14,53.840311679892004,-28.603041026903565,521.925
1135,28,15,44.83749056131697,-28.603042734450856,520.696
1136,28,16,35.83818357506991,-28.603042734450856,519.485
1137,28,17,26.842409504171037,-28.60304444199815,518.526
1138,28,18,17.850100046728656,-28.60304444199815,518.026
1139,28,19,8.861189462172002,-28.60304444199815,518.143
1140,28,20,-0.12446430942953417,-28.60304444199815,518.966
1141,28,21,-9.107050659083074,-28.603046149545442,520.504
1142,28,22,-18.086875384496317,-28.603046149545442,522.687
1143,28,23,-27.06428649181161,-28.603046149545442,525.366
1144,28,24,-36.03973221219323,-28.603047857092736,528.329
1145,28,25,-45.01373334756539,-28.603047857092736,531.321
1146,28,26,-53.986942180993836,-28.603047857092736,534.064
1147,28,27,-62.959973429503854,-28.603049564640028,536.288
1148,28,28,-71.93361939503917,-28.603052979734613,537.752
1149,28,29,-80.90860407765183,-28.603061517471076,538.274
1150,28,30,-89.88568562833966,-28.604301196805434,537.746
1151,28,31,-81.13443062217996,151.3969759348838,536.146
1152,28,32,-72.15110627859073,151.39696227450548,533.544
1153,28,33,-63.16377944414787,151.39696227450548,530.097
1154,28,34,-54.1720573829741,151.39696227450548,526.036
1155,28,35,-45.17561566108387,151.39696227450548,521.645
1156,28,36,-36.17436207092335,151.39696227450548,517.238
1157,28,37,-27.16834271626946,151.39696227450548,513.129
1158,28,38,-18.157774455628342,151.39696227450548,509.606
1159,28,39,-9.14301843525236,151.39694861412713,506.905
1160,29,0,4.3858343670207915,160.39695227966953,504.728
1161,29,1,13.408649156843744,160.39695227966953,504.605
1162,29,2,22.433505319454884,160.39695227966953,505.488
1163,29,3,31.459663486876554,160.39695227966953,507.233
1164,29,4,40.48638685245205,160.39695227966953,509.629
1165,29,5,49.512963368960385,160.39695227966953,512.416
1166,29,6,58.53874416843041,160.39695227966953,515.315
1167,29,7,67.56311794893142,160.39695227966953,518.053
1168,29,8,76.58559293684317,160.39695227966953,520.393
1169,29,9,85.60573200005877,160.39692495891285,522.153
1170,29,10,85.37681821002579,-19.603010040604484,523.225
1171,29,11,76.36232088306461,-19.603030531171992,523.584
1172,29,12,67.35101325444585,-19.603035653813873,523.289
1173,29,13,58.3430250977637,-19.603037361361164,522.471
1174,29,14,49.3384656960449,-19.603039068908455,521.324
1175,29,15,40.33739652099197,-19.603039068908455,520.073
1176,29,16,31.339851723550776,-19.60304077645575,518.96
1177,29,17,22.345824473532137,-19.60304077645575,518.207
1178,29,18,13.355227686024135,-19.60304077645575,518
1179,29,19,4.367966165265215,-19.60304077645575,518.464
1180,29,20,-4.61611675620871,-19.60304248400304,519.648
1181,29,21,-13.597289590209387,-19.60304248400304,521.523
1182,29,22,-22.575856707041705,-19.60304248400304,523.976
1183,29,23,-31.552226210508568,-19.60304248400304,526.827
1184,29,24,-40.526869383662714,-19.603044191550335,529.839
1185,29,25,-49.500406066171315,-19.603044191550335,532.741
1186,29,26,-58.473413409019244,-19.603045899097626,535.257
1187,29,27,-67.44667688396105,-19.603047606644918,537.128
1188,29,28,-76.42089658538664,-19.603052729286794,538.14
1189,29,29,-85.3968374944831,-19.603073219854306,538.145
1190,29,30,-85.62476773727559,160.39699326080455,537.078
1191,29,31,-76.64323973343807,160.3969659400479,534.962
1192,29,32,-67.65796878593538,160.3969659400479,531.914
1193,29,33,-58.668476781525634,160.3969659400479,528.127
1194,29,34,-49.67443587112866,160.3969659400479,523.863
1195,29,35,-40.67558992265057,160.3969659400479,519.424
1196,29,36,-31.671938936091383,160.3969659400479,515.127
1197,29,37,-22.663607562403442,160.3969659400479,511.278
1198,29,38,-13.650891207268355,160.39695227966953,508.141
1199,29,39,-4.634221453264298,160.39695227966953,505.917
1200,30,0,-0.12458382439979618,169.39695594521194,505.189
1201,30,1,8.896941233608787,169.39695594521194,504.535
1202,30,2,17.92086763671916,169.39695594521194,504.928
1203,30,3,26.946469143723476,169.39695594521194,506.265
1204,30,4,35.97300126400221,169.39695594521194,508.365
1205,30,5,44.999738289956035,169.39695594521194,510.991
1206,30,6,54.0259903724788,169.39695594521194,513.869
1207,30,7,63.051135964356014,169.39695594521194,516.72
1208,30,8,72.07462865045409,169.39695594521194,519.286
1209,30,9,81.09597665715279,169.39694228483359,521.354
1210,30,10,89.88518019434109,-10.601787186295235,522.779
1211,30,11,80.86918705595168,-10.603022596761361,523.492
1212,30,12,71.85625384231045,-10.603030280724177,523.512
1213,30,13,62.84658545909247,-10.603032842045115,522.934
1214,30,14,53.840311679892004,-10.603034549592408,521.925
1215,30,15,44.83749056131697,-10.603035403366054,520.696
1216,30,16,35.83818357506991,-10.603036257139701,519.485
1217,30,17,26.842409504171037,-10.603036257139701,518.526
1218,30,18,17.850100046728656,-10.603037110913347,518.026
1219,30,19,8.861189462172002,-10.603037110913347,518.143
1220,30,20,-0.12446430942953417,-10.603037964686994,518.966
1221,30,21,-9.107050659083074,-10.603037964686994,520.504
1222,30,22,-18.086875384496317,-10.60303881846064,522.687
1223,30,23,-27.06428649181161,-10.60303881846064,525.366
1224,30,24,-36.03973221219323,-10.603039672234285,528.329
1225,30,25,-45.01373334756539,-10.603040526007932,531.321
1226,30,26,-53.986942180993836,-10.603041379781578,534.064
1227,30,27,-62.959973429503854,-10.60304308732887,536.288
1228,30,28,-71.93361939503917,-10.60304564864981,537.752
1229,30,29,-80.90860407765183,-10.603053332612626,538.274
1230,30,30,-89.88568562833966,-10.60429386572063,537.746
1231,30,31,-81.13443062217996,169.39698326596863,536.146
1232,30,32,-72.15110627859073,169.39696960559027,533.544
1233,30,33,-63.16377944414787,169.39696960559027,530.097
1234,30,34,-54.1720573829741,169.39696960559027,526.036
1235,30,35,-45.17561566108387,169.39696960559027,521.645
1236,30,36,-36.17436207092335,169.39696960559027,517.238
1237,30,37,-27.16834271626946,169.39696960559027,513.129
1238,30,38,-18.157774455628342,169.39696960559027,509.606
1239,30,39,-9.14301843525236,169.39695594521194,506.905
1240,31,0,4.3858343670207915,178.39695961075435,504.728
1241,31,1,13.408649156843744,178.39695961075435,504.605
1242,31,2,22.433505319454884,178.39695961075435,505.488
1243,31,3,31.459663486876554,178.39695961075435,507.233
1244,31,4,40.48638685245205,178.39695961075435,509.629
1245,31,5,49.512963368960385,178.39695961075435,512.416
1246,31,6,58.53874416843041,178.39695961075435,515.315
1247,31,7,67.56311794893142,178.39695961075435,518.053
1248,31,8,76.58559293684317,178.39695961075435,520.393
1249,31,9,85.60573200005877,178.39693228999766,522.153
1250,31,10,85.37681821002579,-1.603003243128209,523.225
1251,31,11,76.36232088306461,-1.6030238404174249,523.584
1252,31,12,67.35101325444585,-1.603028216007362,523.289
1253,31,13,58.3430250977637,-1.603030136998066,522.471
1254,31,14,49.3384656960449,-1.6030313109368295,521.324
1255,31,15,40.33739652099197,-1.60303205798877,520.073
1256,31,16,31.339851723550776,-1.6030326983190046,518.96
1257,31,17,22.345824473532137,-1.6030331252058279,518.207
1258,31,18,13.355227686024135,-1.6030335520926509,518
1259,31,19,4.367966165265215,-1.603033978979474,518.464
1260,31,20,-4.61611675620871,-1.603034405866297,519.648
1261,31,21,-13.597289590209387,-1.6030348327531203,521.523
1262,31,22,-22.575856707041705,-1.6030352596399433,523.976
1263,31,23,-31.552226210508568,-1.6030356865267665,526.827
1264,31,24,-40.526869383662714,-1.6030363268570011,529.839
1265,31,25,-49.500406066171315,-1.6030371806306474,532.741
1266,31,26,-58.473413409019244,-1.6030382478477052,535.257
1267,31,27,-67.44667688396105,-1.6030402755601152,537.128
1268,31,28,-76.42089658538664,-1.6030445444283463,538.14
1269,31,29,-85.3968374944831,-1.6030653551609737,538.145
1270,31,30,-85.62476773727559,178.39700059188937,537.078
1271,31,31,-76.64323973343807,178.39697327113268,534.962
1272,31,32,-67.65796878593538,178.39697327113268,531.914
1273,31,33,-58.668476781525634,178.39697327113268,528.127
1274,31,34,-49.67443587112866,178.39697327113268,523.863
1275,31,35,-40.67558992265057,178.39697327113268,519.424
1276,31,36,-31.671938936091383,178.39697327113268,515.127
1277,31,37,-22.663607562403442,178.39697327113268,511.278
1278,31,38,-13.650891207268355,178.39695961075435,508.141
1279,31,39,-4.634221453264298,178.39695961075435,505.917
1280,32,0,-0.12458382439979618,-172.60303308123758,505.189
1281,32,1,8.896941233608787,-172.60303308123758,504.535
1282,32,2,17.92086763671916,-172.60303308123758,504.928
1283,32,3,26.946469143723476,-172.60303308123758,506.265
1284,32,4,35.97300126400221,-172.60303308123758,508.365
1285,32,5,44.999738289956035,-172.60303308123758,510.991
1286,32,6,54.0259903724788,-172.60303308123758,513.869
1287,32,7,63.051135964356014,-172.60303308123758,516.72
1288,32,8,72.07462865045409,-172.60303308123758,519.286
1289,32,9,81.09597665715279,-172.6030467416159,521.354
1290,32,10,89.88518019434109,7.398220144789569,522.779
1291,32,11,80.86918705595168,7.396984734323443,523.492
1292,32,12,71.85625384231045,7.3969770503606265,523.512
1293,32,13,62.84658545909247,7.396974489039688,522.934
1294,32,14,53.840311679892004,7.396972781492395,521.925
1295,32,15,44.83749056131697,7.396971927718749,520.696
1296,32,16,35.83818357506991,7.396971073945103,519.485
1297,32,17,26.842409504171037,7.396971073945103,518.526
1298,32,18,17.850100046728656,7.396970220171457,518.026
1299,32,19,8.861189462172002,7.396970220171457,518.143
1300,32,20,-0.12446430942953417,7.39696936639781,518.966
1301,32,21,-9.107050659083074,7.39696936639781,520.504
1302,32,22,-18.086875384496317,7.396968512624164,522.687
1303,32,23,-27.06428649181161,7.396968512624164,525.366
1304,32,24,-36.03973221219323,7.396967658850518,528.329
1305,32,25,-45.01373334756539,7.396966805076872,531.321
1306,32,26,-53.986942180993836,7.396965951303225,534.064
1307,32,27,-62.959973429503854,7.396964243755932,536.288
1308,32,28,-71.93361939503917,7.396961682434994,537.752
1309,32,29,-80.90860407765183,7.396953998472178,538.274
1310,32,30,-89.88568562833966,7.3957134653641745,537.746
1311,32,31,-81.13443062217996,-172.60301942085925,536.146
1312,32,32,-72.15110627859073,-172.60301942085925,533.544
1313,32,33,-63.16377944414787,-172.60301942085925,530.097
1314,32,34,-54.1720573829741,-172.60303308123758,526.036
1315,32,35,-45.17561566108387,-172.60303308123758,521.645
1316,32,36,-36.17436207092335,-172.60303308123758,517.238
1317,32,37,-27.16834271626946,-172.60303308123758,513.129
1318,32,38,-18.157774455628342,-172.60303308123758,509.606
1319,32,39,-9.14301843525236,-172.60303308123758,506.905
1320,33,0,4.3858343670207915,-163.60302941569518,504.728
1321,33,1,13.408649156843744,-163.60302941569518,504.605
1322,33,2,22.433505319454884,-163.60302941569518,505.488
1323,33,3,31.459663486876554,-163.60302941569518,507.233
1324,33,4,40.48638685245205,-163.60302941569518,509.629
1325,33,5,49.512963368960385,-163.60302941569518,512.416
1326,33,6,58.53874416843041,-163.60302941569518,515.315
1327,33,7,67.56311794893142,-163.60302941569518,518.053
1328,33,8,76.58559293684317,-163.60304307607353,520.393
1329,33,9,85.60573200005877,-163.60305673645186,522.153
1330,33,10,85.37681821002579,16.397004621565124,523.225
1331,33,11,76.36232088306461,16.396984130997613,523.584
1332,33,12,67.35101325444585,16.396979008355736,523.289
1333,33,13,58.3430250977637,16.396977300808445,522.471
1334,33,14,49.3384656960449,16.39697559326115,521.324
1335,33,15,40.33739652099197,16.39697559326115,520.073
1336,33,16,31.339851723550776,16.39697388571386,518.96
1337,33,17,22.345824473532137,16.39697388571386,518.207
1338,33,18,13.355227686024135,16.39697388571386,518
1339,33,19,4.367966165265215,16.39697388571386,518.464
1340,33,20,-4.61611675620871,16.396972178166564,519.648
1341,33,21,-13.597289590209387,16.396972178166564,521.523
1342,33,22,-22.575856707041705,16.396972178166564,523.976
1343,33,23,-31.552226210508568,16.396972178166564,526.827
1344,33,24,-40.526869383662714,16.396970470619273,529.839
1345,33,25,-49.500406066171315,16.396970470619273,532.741
1346,33,26,-58.473413409019244,16.396968763071982,535.257
1347,33,27,-67.44667688396105,16.396967055524687,537.128
1348,33,28,-76.42089658538664,16.39696193288281,538.14
1349,33,29,-85.3968374944831,16.3969414423153,538.145
1350,33,30,-85.62476773727559,-163.60298843456016,537.078
1351,33,31,-76.64323973343807,-163.60301575531685,534.962
1352,33,32,-67.65796878593538,-163.60301575531685,531.914
1353,33,33,-58.668476781525634,-163.60302941569518,528.127
1354,33,34,-49.67443587112866,-163.60302941569518,523.863
1355,33,35,-40.67558992265057,-163.60302941569518,519.424
1356,33,36,-31.671938936091383,-163.60302941569518,515.127
1357,33,37,-22.663607562403442,-163.60302941569518,511.278
1358,33,38,-13.650891207268355,-163.60302941569518,508.141
1359,33,39,-4.634221453264298,-163.60302941569518,505.917
1360,34,0,-0.12458382439979618,-154.60305307090945,505.189
1361,34,1,8.896941233608787,-154.60305307090945,504.535
1362,34,2,17.92086763671916,-154.60305307090945,504.928
1363,34,3,26.946469143723476,-154.60305307090945,506.265
1364,34,4,35.97300126400221,-154.60305307090945,508.365
1365,34,5,44.999738289956035,-154.60305307090945,510.991
1366,34,6,54.0259903724788,-154.60305307090945,513.869
1367,34,7,63.051135964356014,-154.60305307090945,516.72
1368,34,8,72.07462865045409,-154.60305307090945,519.286
1369,34,9,81.09597665715279,-154.6030667312878,521.354
1370,34,10,89.88518019434109,25.398200155117692,522.779
1371,34,11,80.86918705595168,25.39696559842521,523.492
1372,34,12,71.85625384231045,25.39695706068875,523.512
1373,34,13,62.84658545909247,25.396953645594166,522.934
1374,34,14,53.840311679892004,25.396953645594166,521.925
1375,34,15,44.83749056131697,25.396951938046872,520.696
1376,34,16,35.83818357506991,25.396951938046872,519.485
1377,34,17,26.842409504171037,25.39695023049958,518.526
1378,34,18,17.850100046728656,25.39695023049958,518.026
1379,34,19,8.861189462172002,25.39695023049958,518.143
1380,34,20,-0.12446430942953417,25.39695023049958,518.966
1381,34,21,-9.107050659083074,25.396948522952286,520.504
1382,34,22,-18.086875384496317,25.396948522952286,522.687
1383,34,23,-27.06428649181161,25.396948522952286,525.366
1384,34,24,-36.03973221219323,25.396946815404995,528.329
1385,34,25,-45.01373334756539,25.396946815404995,531.321
1386,34,26,-53.986942180993836,25.396946815404995,534.064
1387,34,27,-62.959973429503854,25.396945107857704,536.288
1388,34,28,-71.93361939503917,25.396941692763118,537.752
1389,34,29,-80.90860407765183,25.396933155026655,538.274
1390,34,30,-89.88568562833966,25.395693475692298,537.746
1391,34,31,-81.13443062217996,-154.60303941053112,536.146
1392,34,32,-72.15110627859073,-154.60303941053112,533.544
1393,34,33,-63.16377944414787,-154.60303941053112,530.097
1394,34,34,-54.1720573829741,-154.60305307090945,526.036
1395,34,35,-45.17561566108387,-154.60305307090945,521.645
1396,34,36,-36.17436207092335,-154.60305307090945,517.238
1397,34,37,-27.16834271626946,-154.60305307090945,513.129
1398,34,38,-18.157774455628342,-154.60305307090945,509.606
1399,34,39,-9.14301843525236,-154.60305307090945,506.905
1400,35,0,4.3858343670207915,-145.60304940536707,504.728
1401,35,1,13.408649156843744,-145.60304940536707,504.605
1402,35,2,22.433505319454884,-145.60304940536707,505.488
1403,35,3,31.459663486876554,-145.60304940536707,507.233
1404,35,4,40.48638685245205,-145.60304940536707,509.629
1405,35,5,49.512963368960385,-145.60304940536707,512.416
1406,35,6,58.53874416843041,-145.60304940536707,515.315
1407,35,7,67.56311794893142,-145.60304940536707,518.053
1408,35,8,76.58559293684317,-145.6030630657454,520.393
1409,35,9,85.60573200005877,-145.60307672612373,522.153
1410,35,10,85.37681821002579,34.396982924345956,523.225
1411,35,11,76.36232088306461,34.39696243377844,523.584
1412,35,12,67.35101325444585,34.39695901868386,523.289
1413,35,13,58.3430250977637,34.39695560358928,522.471
1414,35,14,49.3384656960449,34.39695560358928,521.324
1415,35,15,40.33739652099197,34.39695560358928,520.073
1416,35,16,31.339851723550776,34.39695560358928,518.96
1417,35,17,22.345824473532137,34.39695560358928,518.207
1418,35,18,13.355227686024135,34.39695218849469,518
1419,35,19,4.367966165265215,34.39695218849469,518.464
1420,35,20,-4.61611675620871,34.39695218849469,519.648
1421,35,21,-13.597289590209387,34.39695218849469,521.523
1422,35,22,-22.575856707041705,34.39695218849469,523.976
1423,35,23,-31.552226210508568,34.39695218849469,526.827
1424,35,24,-40.526869383662714,34.39695218849469,529.839
1425,35,25,-49.500406066171315,34.396948773400105,532.741
1426,35,26,-58.473413409019244,34.396948773400105,535.257
1427,35,27,-67.44667688396105,34.396948773400105,537.128
1428,35,28,-76.42089658538664,34.39694194321093,538.14
1429,35,29,-85.3968374944831,34.396921452643426,538.145
1430,35,30,-85.62476773727559,-145.60300842423203,537.078
1431,35,31,-76.64323973343807,-145.60303574498872,534.962
1432,35,32,-67.65796878593538,-145.60303574498872,531.914
1433,35,33,-58.668476781525634,-145.60304940536707,528.127
1434,35,34,-49.67443587112866,-145.60304940536707,523.863
1435,35,35,-40.67558992265057,-145.60304940536707,519.424
1436,35,36,-31.671938936091383,-145.60304940536707,515.127
1437,35,37,-22.663607562403442,-145.60304940536707,511.278
1438,35,38,-13.650891207268355,-145.60304940536707,508.141
1439,35,39,-4.634221453264298,-145.60304940536707,505.917
1440,36,0,-0.12458382439979618,-136.60304573982467,505.189
1441,36,1,8.896941233608787,-136.60304573982467,504.535
1442,36,2,17.92086763671916,-136.60304573982467,504.928
1443,36,3,26.946469143723476,-136.60304573982467,506.265
1444,36,4,35.97300126400221,-136.60304573982467,508.365
1445,36,5,44.999738289956035,-136.60304573982467,510.991
1446,36,6,54.0259903724788,-136.60304573982467,513.869
1447,36,7,63.051135964356014,-136.60304573982467,516.72
1448,36,8,72.07462865045409,-136.60304573982467,519.286
1449,36,9,81.09597665715279,-136.603059400203,521.354
1450,36,10,89.88518019434109,43.3982057786552,522.779
1451,36,11,80.86918705595168,43.396972929510014,523.492
1452,36,12,71.85625384231045,43.39696609932085,523.512
1453,36,13,62.84658545909247,43.39696268422626,522.934
1454,36,14,53.840311679892004,43.39695926913168,521.925
1455,36,15,44.83749056131697,43.39695926913168,520.696
1456,36,16,35.83818357506991,43.39695926913168,519.485
1457,36,17,26.842409504171037,43.39695926913168,518.526
1458,36,18,17.850100046728656,43.39695926913168,518.026
1459,36,19,8.861189462172002,43.39695585403709,518.143
1460,36,20,-0.12446430942953417,43.39695585403709,518.966
1461,36,21,-9.107050659083074,43.39695585403709,520.504
1462,36,22,-18.086875384496317,43.39695585403709,522.687
1463,36,23,-27.06428649181161,43.39695585403709,525.366
1464,36,24,-36.03973221219323,43.39695585403709,528.329
1465,36,25,-45.01373334756539,43.39695585403709,531.321
1466,36,26,-53.986942180993836,43.396952438942506,534.064
1467,36,27,-62.959973429503854,43.396952438942506,536.288
1468,36,28,-71.93361939503917,43.396949023847924,537.752
1469,36,29,-80.90860407765183,43.39694219365875,538.274
1470,36,30,-89.88568562833966,43.39569909922981,537.746
1471,36,31,-81.13443062217996,-136.6030320794463,536.146
1472,36,32,-72.15110627859073,-136.6030320794463,533.544
1473,36,33,-63.16377944414787,-136.6030320794463,530.097
1474,36,34,-54.1720573829741,-136.60304573982467,526.036
1475,36,35,-45.17561566108387,-136.60304573982467,521.645
1476,36,36,-36.17436207092335,-136.60304573982467,517.238
1477,36,37,-27.16834271626946,-136.60304573982467,513.129
1478,36,38,-18.157774455628342,-136.60304573982467,509.606
1479,36,39,-9.14301843525236,-136.60304573982467,506.905
1480,37,0,4.3858343670207915,-127.60304207428226,504.728
1481,37,1,13.408649156843744,-127.60304207428226,504.605
1482,37,2,22.433505319454884,-127.60304207428226,505.488
1483,37,3,31.459663486876554,-127.60304207428226,507.233
1484,37,4,40.48638685245205,-127.60304207428226,509.629
1485,37,5,49.512963368960385,-127.60304207428226,512.416
1486,37,6,58.53874416843041,-127.60304207428226,515.315
1487,37,7,67.56311794893142,-127.60304207428226,518.053
1488,37,8,76.58559293684317,-127.6030557346606,520.393
1489,37,9,85.60573200005877,-127.60306939503894,522.153
1490,37,10,85.37681821002579,52.39699025543076,523.225
1491,37,11,76.36232088306461,52.39696976486325,523.584
1492,37,12,67.35101325444585,52.39696634976866,523.289
1493,37,13,58.3430250977637,52.39696293467408,522.471
1494,37,14,49.3384656960449,52.39696293467408,521.324
1495,37,15,40.33739652099197,52.39696293467408,520.073
1496,37,16,31.339851723550776,52.39696293467408,518.96
1497,37,17,22.345824473532137,52.39696293467408,518.207
1498,37,18,13.355227686024135,52.39695951957949,518
1499,37,19,4.367966165265215,52.39695951957949,518.464
1500,37,20,-4.61611675620871,52.39695951957949,519.648
1501,37,21,-13.597289590209387,52.39695951957949,521.523
1502,37,22,-22.575856707041705,52.39695951957949,523.976
1503,37,23,-31.552226210508568,52.39695951957949,526.827
1504,37,24,-40.526869383662714,52.39695951957949,529.839
1505,37,25,-49.500406066171315,52.39695610448491,532.741
1506,37,26,-58.473413409019244,52.39695610448491,535.257
1507,37,27,-67.44667688396105,52.39695610448491,537.128
1508,37,28,-76.42089658538664,52.396949274295736,538.14
1509,37,29,-85.3968374944831,52.39692878372823,538.145
1510,37,30,-85.62476773727559,-127.60300109314724,537.078
1511,37,31,-76.64323973343807,-127.60302841390391,534.962
1512,37,32,-67.65796878593538,-127.60302841390391,531.914
1513,37,33,-58.668476781525634,-127.60304207428226,528.127
1514,37,34,-49.67443587112866,-127.60304207428226,523.863
1515,37,35,-40.67558992265057,-127.60304207428226,519.424
1516,37,36,-31.671938936091383,-127.60304207428226,515.127
1517,37,37,-22.663607562403442,-127.60304207428226,511.278
1518,37,38,-13.650891207268355,-127.60304207428226,508.141
1519,37,39,-4.634221453264298,-127.60304207428226,505.917
1520,38,0,-0.12458382439979618,-118.60303840873985,505.189
1521,38,1,8.896941233608787,-118.60303840873985,504.535
1522,38,2,17.92086763671916,-118.60303840873985,504.928
1523,38,3,26.946469143723476,-118.60303840873985,506.265
1524,38,4,35.97300126400221,-118.60303840873985,508.365
1525,38,5,44.999738289956035,-118.60303840873985,510.991
1526,38,6,54.0259903724788,-118.60303840873985,513.869
1527,38,7,63.051135964356014,-118.60303840873985,516.72
1528,38,8,72.07462865045409,-118.60303840873985,519.286
1529,38,9,81.09597665715279,-118.60305206911819,521.354
1530,38,10,89.88518019434109,61.398216524834595,522.779
1531,38,11,80.86918705595168,61.396980260594816,523.492
1532,38,12,71.85625384231045,61.39697343040565,523.512
1533,38,13,62.84658545909247,61.39696660021648,522.934
1534,38,14,53.840311679892004,61.39696660021648,521.925
1535,38,15,44.83749056131697,61.39696660021648,520.696
1536,38,16,35.83818357506991,61.39696660021648,519.485
1537,38,17,26.842409504171037,61.39696660021648,518.526
1538,38,18,17.850100046728656,61.39696660021648,518.026
1539,38,19,8.861189462172002,61.39696660021648,518.143
1540,38,20,-0.12446430942953417,61.39696660021648,518.966
1541,38,21,-9.107050659083074,61.39696660021648,520.504
1542,38,22,-18.086875384496317,61.39696660021648,522.687
1543,38,23,-27.06428649181161,61.39695977002731,525.366
1544,38,24,-36.03973221219323,61.39695977002731,528.329
1545,38,25,-45.01373334756539,61.39695977002731,531.321
1546,38,26,-53.986942180993836,61.39695977002731,534.064
1547,38,27,-62.959973429503854,61.39695977002731,536.288
1548,38,28,-71.93361939503917,61.39695977002731,537.752
1549,38,29,-80.90860407765183,61.39694610964897,538.274
1550,38,30,-89.88568562833966,61.39570984540919,537.746
1551,38,31,-81.13443062217996,-118.60302474836152,536.146
1552,38,32,-72.15110627859073,-118.60302474836152,533.544
1553,38,33,-63.16377944414787,-118.60302474836152,530.097
1554,38,34,-54.1720573829741,-118.60303840873985,526.036
1555,38,35,-45.17561566108387,-118.60303840873985,521.645
1556,38,36,-36.17436207092335,-118.60303840873985,517.238
1557,38,37,-27.16834271626946,-118.60303840873985,513.129
1558,38,38,-18.157774455628342,-118.60303840873985,509.606
1559,38,39,-9.14301843525236,-118.60303840873985,506.905
1560,39,0,4.3858343670207915,-109.60303474319745,504.728
1561,39,1,13.408649156843744,-109.60303474319745,504.605
1562,39,2,22.433505319454884,-109.60303474319745,505.488
1563,39,3,31.459663486876554,-109.60303474319745,507.233
1564,39,4,40.48638685245205,-109.60303474319745,509.629
1565,39,5,49.512963368960385,-109.60303474319745,512.416
1566,39,6,58.53874416843041,-109.60303474319745,515.315
1567,39,7,67.56311794893142,-109.60304157338662,518.053
1568,39,8,76.58559293684317,-109.60304157338662,520.393
1569,39,9,85.60573200005877,-109.60306206395413,522.153
1570,39,10,85.37681821002579,70.39699758651557,523.225
1571,39,11,76.36232088306461,70.39697709594805,523.584
1572,39,12,67.35101325444585,70.39697709594805,523.289
1573,39,13,58.3430250977637,70.39697026575888,522.471
1574,39,14,49.3384656960449,70.39697026575888,521.324
1575,39,15,40.33739652099197,70.39697026575888,520.073
1576,39,16,31.339851723550776,70.39697026575888,518.96
1577,39,17,22.345824473532137,70.39697026575888,518.207
1578,39,18,13.355227686024135,70.39697026575888,518
1579,39,19,4.367966165265215,70.39697026575888,518.464
1580,39,20,-4.61611675620871,70.39697026575888,519.648
1581,39,21,-13.597289590209387,70.39697026575888,521.523
1582,39,22,-22.575856707041705,70.39696343556972,523.976
1583,39,23,-31.552226210508568,70.39696343556972,526.827
1584,39,24,-40.526869383662714,70.39696343556972,529.839
1585,39,25,-49.500406066171315,70.39696343556972,532.741
1586,39,26,-58.473413409019244,70.39696343556972,535.257
1587,39,27,-67.44667688396105,70.39696343556972,537.128
1588,39,28,-76.42089658538664,70.39695660538054,538.14
1589,39,29,-85.3968374944831,70.39693611481303,538.145
1590,39,30,-85.62476773727559,-109.6030005922516,537.078
1591,39,31,-76.64323973343807,-109.60302108281911,534.962
1592,39,32,-67.65796878593538,-109.60302791300828,531.914
1593,39,33,-58.668476781525634,-109.60302791300828,528.127
1594,39,34,-49.67443587112866,-109.60302791300828,523.863
1595,39,35,-40.67558992265057,-109.60302791300828,519.424
1596,39,36,-31.671938936091383,-109.60302791300828,515.127
1597,39,37,-22.663607562403442,-109.60302791300828,511.278
1598,39,38,-13.650891207268355,-109.60303474319745,508.141
1599,39,39,-4.634221453264298,-109.60303474319745,505.917
