0,0,0,15.092602414632768,-101.60577797989379,504.697
1,0,1,24.11775825179374,-101.60577797989379,505.754
2,0,2,33.14407692866091,-101.60577797989379,507.639
3,0,3,42.170820784803915,-101.60577797989379,510.128
4,0,4,51.1972948484747,-101.60577797989379,512.958
5,0,5,60.22285025170212,-101.60577797989379,515.847
6,0,6,69.2469098435013,-101.60578481008297,518.528
7,0,7,78.26897502006285,-101.60579164027213,520.771
8,0,8,87.28863597003655,-101.60583262140716,522.408
9,0,9,83.69445382499244,78.39424751963006,523.347
10,0,10,74.68054389429989,78.39423385925171,523.577
11,0,11,65.66984415251724,78.39422702906253,523.172
12,0,12,56.66248778833332,78.39422702906253,522.277
13,0,13,47.65857725458568,78.39422702906253,521.092
14,0,14,38.658184268260584,78.39422702906253,519.849
15,0,15,29.66129516897971,78.39422702906253,518.786
16,0,16,20.667904834101172,78.39422702906253,518.123
17,0,17,11.677954353243383,78.39422702906253,518.034
18,0,18,2.6912992252167127,78.39422702906253,518.63
19,0,19,-6.2922315181515,78.39422019887337,519.948
20,0,20,-15.272892087964424,78.39422019887337,521.941
21,0,21,-24.251003289669644,78.39422019887337,524.484
22,0,22,-33.22701250065779,78.39422019887337,527.384
23,0,23,-42.201416617190986,78.39422019887337,530.396
24,0,24,-51.17479962044326,78.39422019887337,533.247
25,0,25,-60.14781379348036,78.39422019887337,535.661
26,0,26,-69.1212070420164,78.39422019887337,537.386
27,0,27,-78.09567263025211,78.3942133686842,538.219
28,0,28,-87.07201652050959,78.39417238754918,538.027
29,0,29,-83.94904912630466,-101.60575065913712,536.759
30,0,30,-74.96685859411765,-101.60576431951546,534.458
31,0,31,-65.9808294956171,-101.60577114970462,531.255
32,0,32,-56.99050762322319,-101.60577114970462,527.358
33,0,33,-47.99555488257201,-101.60577114970462,523.037
34,0,34,-38.99583466988017,-101.60577114970462,518.601
35,0,35,-29.99129234363429,-101.60577797989379,514.366
36,0,36,-20.98211573403656,-101.60577797989379,510.631
37,0,37,-11.968622444883383,-101.60577797989379,507.651
38,0,38,-2.9512735139437347,-101.60577797989379,505.614
39,0,39,6.069359457326221,-101.60577797989379,504.625
40,1,0,19.604989087916493,-92.6057743143514,505.11
41,1,1,28.630817698710715,-92.6057743143514,506.606
42,1,2,37.657438611448654,-92.60578114454056,508.824
43,1,3,46.68413465626747,-92.60578114454056,511.518
44,1,4,55.710222814250145,-92.60578114454056,514.412
45,1,5,64.73509861365515,-92.60578114454056,517.229
46,1,6,73.75822246953804,-92.60578797472974,519.716
47,1,7,82.77912651394068,-92.6057948049189,521.673
48,1,8,88.2025494319301,87.39430582668581,522.967
49,1,9,79.18710953886347,87.39423752479411,523.548
50,1,10,70.17478421205837,87.39423069460494,523.446
51,1,11,61.16573737605487,87.39423069460494,522.774
52,1,12,52.16010221954179,87.39422386441578,521.707
53,1,13,43.15794704441083,87.39422386441578,520.463
54,1,14,34.15929917141868,87.39422386441578,519.281
55,1,15,25.164165430754498,87.39422386441578,518.393
56,1,16,16.17249971864139,87.39422386441578,517.998
57,1,17,7.1842234879039,87.39422386441578,518.242
58,1,18,-1.8008425539236843,87.39422386441578,519.2
59,1,19,-10.78290160496917,87.39422386441578,520.866
60,1,20,-19.762233702988528,87.39422386441578,523.154
61,1,21,-28.739243536690083,87.39422386441578,525.904
62,1,22,-37.714381898559054,87.39422386441578,528.893
63,1,23,-46.68819520372904,87.39422386441578,531.859
64,1,24,-55.66130158431993,87.3942170342266,534.525
65,1,25,-64.63442845547833,87.3942170342266,536.624
66,1,26,-73.60823834555373,87.3942170342266,537.924
67,1,27,-82.58356453762488,87.39420337384826,538.256
68,1,28,-88.43888080740172,-92.60568552189218,537.527
69,1,29,-79.45839782250721,-92.60576065397305,535.732
70,1,30,-70.47435630905512,-92.60576748416221,532.958
71,1,31,-61.486230342479374,-92.6057743143514,529.377
72,1,32,-52.493623771808096,-92.6057743143514,525.232
73,1,33,-43.496283880042,-92.6057743143514,520.814
74,1,34,-34.49415602566773,-92.6057743143514,516.439
75,1,35,-25.48726582189466,-92.6057743143514,512.418
76,1,36,-16.475883061195017,-92.6057743143514,509.033
77,1,37,-7.460397064351487,-92.6057743143514,506.506
78,1,38,1.55867243392877,-92.6057743143514,504.985
79,1,39,10.580702392327405,-92.6057743143514,504.531
80,2,0,15.092602414632768,-83.60577747899816,504.697
81,2,1,24.11775825179374,-83.60577747899816,505.754
82,2,2,33.14407692866091,-83.60577747899816,507.639
83,2,3,42.170820784803915,-83.60577747899816,510.128
84,2,4,51.1972948484747,-83.60577747899816,512.958
85,2,5,60.22285025170212,-83.60577747899816,515.847
86,2,6,69.2469098435013,-83.60578430918733,518.528
87,2,7,78.26897502006285,-83.6057911393765,520.771
88,2,8,87.28863597003655,-83.60583212051152,522.408
89,2,9,83.69445382499244,96.39424802052568,523.347
90,2,10,74.68054389429989,96.39423436014735,523.577
91,2,11,65.66984415251724,96.39422752995817,523.172
92,2,12,56.66248778833332,96.39422752995817,522.277
93,2,13,47.65857725458568,96.39422752995817,521.092
94,2,14,38.658184268260584,96.39422752995817,519.849
95,2,15,29.66129516897971,96.39422752995817,518.786
96,2,16,20.667904834101172,96.39422752995817,518.123
97,2,17,11.677954353243383,96.39422752995817,518.034
98,2,18,2.6912992252167127,96.39422752995817,518.63
99,2,19,-6.2922315181515,96.39422069976901,519.948
100,2,20,-15.272892087964424,96.39422069976901,521.941
101,2,21,-24.251003289669644,96.39422069976901,524.484
102,2,22,-33.22701250065779,96.39422069976901,527.384
103,2,23,-42.201416617190986,96.39422069976901,530.396
104,2,24,-51.17479962044326,96.39422069976901,533.247
105,2,25,-60.14781379348036,96.39422069976901,535.661
106,2,26,-69.1212070420164,96.39422069976901,537.386
107,2,27,-78.09567263025211,96.39421386957983,538.219
108,2,28,-87.07201652050959,96.39417288844481,538.027
109,2,29,-83.94904912630466,-83.60575015824148,536.759
110,2,30,-74.96685859411765,-83.60576381861982,534.458
111,2,31,-65.9808294956171,-83.60577064880898,531.255
112,2,32,-56.99050762322319,-83.60577064880898,527.358
113,2,33,-47.99555488257201,-83.60577064880898,523.037
114,2,34,-38.99583466988017,-83.60577064880898,518.601
115,2,35,-29.99129234363429,-83.60577747899816,514.366
116,2,36,-20.98211573403656,-83.60577747899816,510.631
117,2,37,-11.968622444883383,-83.60577747899816,507.651
118,2,38,-2.9512735139437347,-83.60577747899816,505.614
119,2,39,6.069359457326221,-83.60577747899816,504.625
120,3,0,19.604989087916493,-74.60577381345576,505.11
121,3,1,28.630817698710715,-74.60577381345576,506.606
122,3,2,37.657438611448654,-74.60578064364493,508.824
123,3,3,46.68413465626747,-74.60578064364493,511.518
124,3,4,55.710222814250145,-74.60578064364493,514.412
125,3,5,64.73509861365515,-74.60578064364493,517.229
126,3,6,73.75822246953804,-74.6057874738341,519.716
127,3,7,82.77912651394068,-74.60579430402326,521.673
128,3,8,88.2025494319301,105.39430632758145,522.967
129,3,9,79.18710953886347,105.39423802568975,523.548
130,3,10,70.17478421205837,105.39423119550058,523.446
131,3,11,61.16573737605487,105.39423119550058,522.774
132,3,12,52.16010221954179,105.3942243653114,521.707
133,3,13,43.15794704441083,105.3942243653114,520.463
134,3,14,34.15929917141868,105.3942243653114,519.281
135,3,15,25.164165430754498,105.3942243653114,518.393
136,3,16,16.17249971864139,105.3942243653114,517.998
137,3,17,7.1842234879039,105.3942243653114,518.242
138,3,18,-1.8008425539236843,105.3942243653114,519.2
139,3,19,-10.78290160496917,105.3942243653114,520.866
140,3,20,-19.762233702988528,105.3942243653114,523.154
141,3,21,-28.739243536690083,105.3942243653114,525.904
142,3,22,-37.714381898559054,105.3942243653114,528.893
143,3,23,-46.68819520372904,105.3942243653114,531.859
144,3,24,-55.66130158431993,105.39421753512224,534.525
145,3,25,-64.63442845547833,105.39421753512224,536.624
146,3,26,-73.60823834555373,105.39421753512224,537.924
147,3,27,-82.58356453762488,105.3942038747439,538.256
148,3,28,-88.43888080740172,-74.60568502099655,537.527
149,3,29,-79.45839782250721,-74.60576015307741,535.732
150,3,30,-70.47435630905512,-74.60576698326659,532.958
151,3,31,-61.486230342479374,-74.60577381345576,529.377
152,3,32,-52.493623771808096,-74.60577381345576,525.232
153,3,33,-43.496283880042,-74.60577381345576,520.814
154,3,34,-34.49415602566773,-74.60577381345576,516.439
155,3,35,-25.48726582189466,-74.60577381345576,512.418
156,3,36,-16.475883061195017,-74.60577381345576,509.033
157,3,37,-7.460397064351487,-74.60577381345576,506.506
158,3,38,1.55867243392877,-74.60577381345576,504.985
159,3,39,10.580702392327405,-74.60577381345576,504.531
160,4,0,15.092602414632768,-65.60577697810253,504.697
161,4,1,24.11775825179374,-65.60577697810253,505.754
162,4,2,33.14407692866091,-65.60577697810253,507.639
163,4,3,42.170820784803915,-65.60577697810253,510.128
164,4,4,51.1972948484747,-65.60577697810253,512.958
165,4,5,60.22285025170212,-65.60577697810253,515.847
166,4,6,69.2469098435013,-65.60578380829169,518.528
167,4,7,78.26897502006285,-65.60579063848087,520.771
168,4,8,87.28863597003655,-65.60583161961588,522.408
169,4,9,83.69445382499244,114.39424852142132,523.347
170,4,10,74.68054389429989,114.39423486104297,523.577
171,4,11,65.66984415251724,114.39422803085381,523.172
172,4,12,56.66248778833332,114.39422803085381,522.277
173,4,13,47.65857725458568,114.39422803085381,521.092
174,4,14,38.658184268260584,114.39422803085381,519.849
175,4,15,29.66129516897971,114.39422803085381,518.786
176,4,16,20.667904834101172,114.39422803085381,518.123
177,4,17,11.677954353243383,114.39422803085381,518.034
178,4,18,2.6912992252167127,114.39422803085381,518.63
179,4,19,-6.2922315181515,114.39422120066463,519.948
180,4,20,-15.272892087964424,114.39422120066463,521.941
181,4,21,-24.251003289669644,114.39422120066463,524.484
182,4,22,-33.22701250065779,114.39422120066463,527.384
183,4,23,-42.201416617190986,114.39422120066463,530.396
184,4,24,-51.17479962044326,114.39422120066463,533.247
185,4,25,-60.14781379348036,114.39422120066463,535.661
186,4,26,-69.1212070420164,114.39422120066463,537.386
187,4,27,-78.09567263025211,114.39421437047547,538.219
188,4,28,-87.07201652050959,114.39417338934045,538.027
189,4,29,-83.94904912630466,-65.60574965734584,536.759
190,4,30,-74.96685859411765,-65.60576331772418,534.458
191,4,31,-65.9808294956171,-65.60577014791336,531.255
192,4,32,-56.99050762322319,-65.60577014791336,527.358
193,4,33,-47.99555488257201,-65.60577014791336,523.037
194,4,34,-38.99583466988017,-65.60577014791336,518.601
195,4,35,-29.99129234363429,-65.60577697810253,514.366
196,4,36,-20.98211573403656,-65.60577697810253,510.631
197,4,37,-11.968622444883383,-65.60577697810253,507.651
198,4,38,-2.9512735139437347,-65.60577697810253,505.614
199,4,39,6.069359457326221,-65.60577697810253,504.625
200,5,0,19.604989087916493,-56.60577672765471,505.11
201,5,1,28.630817698710715,-56.60577672765471,506.606
202,5,2,37.657438611448654,-56.60577672765471,508.824
203,5,3,46.68413465626747,-56.60577672765471,511.518
204,5,4,55.710222814250145,-56.605780142749296,514.412
205,5,5,64.73509861365515,-56.605780142749296,517.229
206,5,6,73.75822246953804,-56.60578355784388,519.716
207,5,7,82.77912651394068,-56.60579380312763,521.673
208,5,8,88.2025494319301,123.39430682847708,522.967
209,5,9,79.18710953886347,123.39423852658538,523.548
210,5,10,70.17478421205837,123.39423852658538,523.446
211,5,11,61.16573737605487,123.39422486620704,522.774
212,5,12,52.16010221954179,123.39422486620704,521.707
213,5,13,43.15794704441083,123.39422486620704,520.463
214,5,14,34.15929917141868,123.39422486620704,519.281
215,5,15,25.164165430754498,123.39422486620704,518.393
216,5,16,16.17249971864139,123.39422486620704,517.998
217,5,17,7.1842234879039,123.39422486620704,518.242
218,5,18,-1.8008425539236843,123.39422486620704,519.2
219,5,19,-10.78290160496917,123.39422486620704,520.866
220,5,20,-19.762233702988528,123.39422486620704,523.154
221,5,21,-28.739243536690083,123.39422486620704,525.904
222,5,22,-37.714381898559054,123.39422486620704,528.893
223,5,23,-46.68819520372904,123.39422486620704,531.859
224,5,24,-55.66130158431993,123.39422486620704,534.525
225,5,25,-64.63442845547833,123.39422486620704,536.624
226,5,26,-73.60823834555373,123.3942112058287,537.924
227,5,27,-82.58356453762488,123.3942112058287,538.256
228,5,28,-88.43888080740172,-56.605684520100915,537.527
229,5,29,-79.45839782250721,-56.60576306727637,535.732
230,5,30,-70.47435630905512,-56.60576648237095,532.958
231,5,31,-61.486230342479374,-56.60576989746554,529.377
232,5,32,-52.493623771808096,-56.605773312560125,525.232
233,5,33,-43.496283880042,-56.605773312560125,520.814
234,5,34,-34.49415602566773,-56.605773312560125,516.439
235,5,35,-25.48726582189466,-56.605773312560125,512.418
236,5,36,-16.475883061195017,-56.605773312560125,509.033
237,5,37,-7.460397064351487,-56.605773312560125,506.506
238,5,38,1.55867243392877,-56.60577672765471,504.985
239,5,39,10.580702392327405,-56.60577672765471,504.531
240,6,0,15.092602414632768,-47.605776477206895,504.697
241,6,1,24.11775825179374,-47.605776477206895,505.754
242,6,2,33.14407692866091,-47.605776477206895,507.639
243,6,3,42.170820784803915,-47.605776477206895,510.128
244,6,4,51.1972948484747,-47.605776477206895,512.958
245,6,5,60.22285025170212,-47.60577989230148,515.847
246,6,6,69.2469098435013,-47.60577989230148,518.528
247,6,7,78.26897502006285,-47.60578672249065,520.771
248,6,8,87.28863597003655,-47.60582770362567,522.408
249,6,9,83.69445382499244,132.3942421921278,523.347
250,6,10,74.68054389429989,132.39422853174943,523.577
251,6,11,65.66984415251724,132.39422853174943,523.172
252,6,12,56.66248778833332,132.39422853174943,522.277
253,6,13,47.65857725458568,132.39422853174943,521.092
254,6,14,38.658184268260584,132.39422853174943,519.849
255,6,15,29.66129516897971,132.39422853174943,518.786
256,6,16,20.667904834101172,132.39422853174943,518.123
257,6,17,11.677954353243383,132.39422853174943,518.034
258,6,18,2.6912992252167127,132.39422853174943,518.63
259,6,19,-6.2922315181515,132.39422853174943,519.948
260,6,20,-15.272892087964424,132.39422853174943,521.941
261,6,21,-24.251003289669644,132.39422853174943,524.484
262,6,22,-33.22701250065779,132.39422853174943,527.384
263,6,23,-42.201416617190986,132.39422853174943,530.396
264,6,24,-51.17479962044326,132.39422853174943,533.247
265,6,25,-60.14781379348036,132.3942148713711,535.661
266,6,26,-69.1212070420164,132.3942148713711,537.386
267,6,27,-78.09567263025211,132.3942148713711,538.219
268,6,28,-87.07201652050959,132.3941738902361,538.027
269,6,29,-83.94904912630466,-47.6057525715448,536.759
270,6,30,-74.96685859411765,-47.60576623192314,534.458
271,6,31,-65.9808294956171,-47.60576964701772,531.255
272,6,32,-56.99050762322319,-47.60576964701772,527.358
273,6,33,-47.99555488257201,-47.605773062112306,523.037
274,6,34,-38.99583466988017,-47.605773062112306,518.601
275,6,35,-29.99129234363429,-47.605773062112306,514.366
276,6,36,-20.98211573403656,-47.605773062112306,510.631
277,6,37,-11.968622444883383,-47.605773062112306,507.651
278,6,38,-2.9512735139437347,-47.605776477206895,505.614
279,6,39,6.069359457326221,-47.605776477206895,504.625
280,7,0,19.604989087916493,-38.60577964185366,505.11
281,7,1,28.630817698710715,-38.60577964185366,506.606
282,7,2,37.657438611448654,-38.60577964185366,508.824
283,7,3,46.68413465626747,-38.60577964185366,511.518
284,7,4,55.710222814250145,-38.60578305694825,514.412
285,7,5,64.73509861365515,-38.60578305694825,517.229
286,7,6,73.75822246953804,-38.60578647204283,519.716
287,7,7,82.77912651394068,-38.605796717326584,521.673
288,7,8,88.2025494319301,141.39430049918354,522.967
289,7,9,79.18710953886347,141.39423219729184,523.548
290,7,10,70.17478421205837,141.39423219729184,523.446
291,7,11,61.16573737605487,141.39423219729184,522.774
292,7,12,52.16010221954179,141.3942185369135,521.707
293,7,13,43.15794704441083,141.3942185369135,520.463
294,7,14,34.15929917141868,141.3942185369135,519.281
295,7,15,25.164165430754498,141.3942185369135,518.393
296,7,16,16.17249971864139,141.3942185369135,517.998
297,7,17,7.1842234879039,141.3942185369135,518.242
298,7,18,-1.8008425539236843,141.3942185369135,519.2
299,7,19,-10.78290160496917,141.3942185369135,520.866
300,7,20,-19.762233702988528,141.3942185369135,523.154
301,7,21,-28.739243536690083,141.3942185369135,525.904
302,7,22,-37.714381898559054,141.3942185369135,528.893
303,7,23,-46.68819520372904,141.3942185369135,531.859
304,7,24,-55.66130158431993,141.3942185369135,534.525
305,7,25,-64.63442845547833,141.3942185369135,536.624
306,7,26,-73.60823834555373,141.3942185369135,537.924
307,7,27,-82.58356453762488,141.39420487653516,538.256
308,7,28,-88.43888080740172,-38.60568743429987,537.527
309,7,29,-79.45839782250721,-38.60576598147532,535.732
310,7,30,-70.47435630905512,-38.605769396569904,532.958
311,7,31,-61.486230342479374,-38.605772811664494,529.377
312,7,32,-52.493623771808096,-38.605776226759076,525.232
313,7,33,-43.496283880042,-38.605776226759076,520.814
314,7,34,-34.49415602566773,-38.605776226759076,516.439
315,7,35,-25.48726582189466,-38.605776226759076,512.418
316,7,36,-16.475883061195017,-38.605776226759076,509.033
317,7,37,-7.460397064351487,-38.605776226759076,506.506
318,7,38,1.55867243392877,-38.60577964185366,504.985
319,7,39,10.580702392327405,-38.60577964185366,504.531
320,8,0,15.092602414632768,-29.60577597631126,504.697
321,8,1,24.11775825179374,-29.60577597631126,505.754
322,8,2,33.14407692866091,-29.60577597631126,507.639
323,8,3,42.170820784803915,-29.60577597631126,510.128
324,8,4,51.1972948484747,-29.60577597631126,512.958
325,8,5,60.22285025170212,-29.605779391405843,515.847
326,8,6,69.2469098435013,-29.605779391405843,518.528
327,8,7,78.26897502006285,-29.605786221595014,520.771
328,8,8,87.28863597003655,-29.605827202730033,522.408
329,8,9,83.69445382499244,150.39424952321258,523.347
330,8,10,74.68054389429989,150.39423586283425,523.577
331,8,11,65.66984415251724,150.39423586283425,523.172
332,8,12,56.66248778833332,150.39423586283425,522.277
333,8,13,47.65857725458568,150.3942222024559,521.092
334,8,14,38.658184268260584,150.3942222024559,519.849
335,8,15,29.66129516897971,150.3942222024559,518.786
336,8,16,20.667904834101172,150.3942222024559,518.123
337,8,17,11.677954353243383,150.3942222024559,518.034
338,8,18,2.6912992252167127,150.3942222024559,518.63
339,8,19,-6.2922315181515,150.3942222024559,519.948
340,8,20,-15.272892087964424,150.3942222024559,521.941
341,8,21,-24.251003289669644,150.3942222024559,524.484
342,8,22,-33.22701250065779,150.3942222024559,527.384
343,8,23,-42.201416617190986,150.3942222024559,530.396
344,8,24,-51.17479962044326,150.3942222024559,533.247
345,8,25,-60.14781379348036,150.3942222024559,535.661
346,8,26,-69.1212070420164,150.3942222024559,537.386
347,8,27,-78.09567263025211,150.39420854207756,538.219
348,8,28,-87.07201652050959,150.39418122132088,538.027
349,8,29,-83.94904912630466,-29.605752070649164,536.759
350,8,30,-74.96685859411765,-29.605765731027503,534.458
351,8,31,-65.9808294956171,-29.60576914612209,531.255
352,8,32,-56.99050762322319,-29.60576914612209,527.358
353,8,33,-47.99555488257201,-29.605772561216675,523.037
354,8,34,-38.99583466988017,-29.605772561216675,518.601
355,8,35,-29.99129234363429,-29.605772561216675,514.366
356,8,36,-20.98211573403656,-29.605772561216675,510.631
357,8,37,-11.968622444883383,-29.605772561216675,507.651
358,8,38,-2.9512735139437347,-29.60577597631126,505.614
359,8,39,6.069359457326221,-29.60577597631126,504.625
360,9,0,19.604989087916493,-20.605779140958028,505.11
361,9,1,28.630817698710715,-20.605779140958028,506.606
362,9,2,37.657438611448654,-20.605779140958028,508.824
363,9,3,46.68413465626747,-20.605780848505322,511.518
364,9,4,55.710222814250145,-20.605780848505322,514.412
365,9,5,64.73509861365515,-20.605782556052613,517.229
366,9,6,73.75822246953804,-20.6057859711472,519.716
367,9,7,82.77912651394068,-20.605797923978244,521.673
368,9,8,88.2025494319301,159.39430783026833,522.967
369,9,9,79.18710953886347,159.39423952837666,523.548
370,9,10,70.17478421205837,159.3942258679983,523.446
371,9,11,61.16573737605487,159.3942258679983,522.774
372,9,12,52.16010221954179,159.3942258679983,521.707
373,9,13,43.15794704441083,159.3942258679983,520.463
374,9,14,34.15929917141868,159.3942258679983,519.281
375,9,15,25.164165430754498,159.3942258679983,518.393
376,9,16,16.17249971864139,159.3942258679983,517.998
377,9,17,7.1842234879039,159.3942258679983,518.242
378,9,18,-1.8008425539236843,159.3942258679983,519.2
379,9,19,-10.78290160496917,159.3942258679983,520.866
380,9,20,-19.762233702988528,159.3942258679983,523.154
381,9,21,-28.739243536690083,159.3942258679983,525.904
382,9,22,-37.714381898559054,159.3942258679983,528.893
383,9,23,-46.68819520372904,159.3942258679983,531.859
384,9,24,-55.66130158431993,159.39421220761997,534.525
385,9,25,-64.63442845547833,159.39421220761997,536.624
386,9,26,-73.60823834555373,159.39421220761997,537.924
387,9,27,-82.58356453762488,159.39419854724161,538.256
388,9,28,-88.43888080740172,-20.60568522585694,537.527
389,9,29,-79.45839782250721,-20.605763773032397,535.732
390,9,30,-70.47435630905512,-20.605770603221565,532.958
391,9,31,-61.486230342479374,-20.60577231076886,529.377
392,9,32,-52.493623771808096,-20.60577401831615,525.232
393,9,33,-43.496283880042,-20.60577572586344,520.814
394,9,34,-34.49415602566773,-20.60577572586344,516.439
395,9,35,-25.48726582189466,-20.60577572586344,512.418
396,9,36,-16.475883061195017,-20.605777433410736,509.033
397,9,37,-7.460397064351487,-20.605777433410736,506.506
398,9,38,1.55867243392877,-20.605777433410736,504.985
399,9,39,10.580702392327405,-20.605777433410736,504.531
400,10,0,15.092602414632768,-11.60577462164198,504.697
401,10,1,24.11775825179374,-11.605775475415626,505.754
402,10,2,33.14407692866091,-11.605775475415626,507.639
403,10,3,42.170820784803915,-11.605776329189272,510.128
404,10,4,51.1972948484747,-11.60577718296292,512.958
405,10,5,60.22285025170212,-11.605778036736565,515.847
406,10,6,69.2469098435013,-11.605780598057503,518.528
407,10,7,78.26897502006285,-11.605785720699382,520.771
408,10,8,87.28863597003655,-11.6058267018344,522.408
409,10,9,83.69445382499244,168.39424319391904,523.347
410,10,10,74.68054389429989,168.3942295335407,523.577
411,10,11,65.66984415251724,168.3942295335407,523.172
412,10,12,56.66248778833332,168.3942295335407,522.277
413,10,13,47.65857725458568,168.3942295335407,521.092
414,10,14,38.658184268260584,168.3942295335407,519.849
415,10,15,29.66129516897971,168.3942295335407,518.786
416,10,16,20.667904834101172,168.3942295335407,518.123
417,10,17,11.677954353243383,168.3942295335407,518.034
418,10,18,2.6912992252167127,168.3942295335407,518.63
419,10,19,-6.2922315181515,168.3942295335407,519.948
420,10,20,-15.272892087964424,168.3942295335407,521.941
421,10,21,-24.251003289669644,168.3942295335407,524.484
422,10,22,-33.22701250065779,168.3942295335407,527.384
423,10,23,-42.201416617190986,168.3942295335407,530.396
424,10,24,-51.17479962044326,168.3942295335407,533.247
425,10,25,-60.14781379348036,168.39421587316238,535.661
426,10,26,-69.1212070420164,168.39421587316238,537.386
427,10,27,-78.09567263025211,168.39421587316238,538.219
428,10,28,-87.07201652050959,168.39417489202734,538.027
429,10,29,-83.94904912630466,-11.605750715979886,536.759
430,10,30,-74.96685859411765,-11.605764376358225,534.458
431,10,31,-65.9808294956171,-11.605768645226457,531.255
432,10,32,-56.99050762322319,-11.60577035277375,527.358
433,10,33,-47.99555488257201,-11.605771206547395,523.037
434,10,34,-38.99583466988017,-11.60577206032104,518.601
435,10,35,-29.99129234363429,-11.605772914094688,514.366
436,10,36,-20.98211573403656,-11.605772914094688,510.631
437,10,37,-11.968622444883383,-11.605773767868333,507.651
438,10,38,-2.9512735139437347,-11.605773767868333,505.614
439,10,39,6.069359457326221,-11.60577462164198,504.625
440,11,0,19.604989087916493,-2.60577799973216,505.11
441,11,1,28.630817698710715,-2.605778426618983,506.606
442,11,2,37.657438611448654,-2.605779066949218,508.824
443,11,3,46.68413465626747,-2.6057797072794524,511.518
444,11,4,55.710222814250145,-2.6057807744965102,514.412
445,11,5,64.73509861365515,-2.6057824820438027,517.229
446,11,6,73.75822246953804,-2.605785683694976,519.716
447,11,7,82.77912651394068,-2.605796996195789,521.673
448,11,8,88.2025494319301,177.39430150097482,522.967
449,11,9,79.18710953886347,177.39423319908312,523.548
450,11,10,70.17478421205837,177.39423319908312,523.446
451,11,11,61.16573737605487,177.39423319908312,522.774
452,11,12,52.16010221954179,177.39421953870476,521.707
453,11,13,43.15794704441083,177.39421953870476,520.463
454,11,14,34.15929917141868,177.39421953870476,519.281
455,11,15,25.164165430754498,177.39421953870476,518.393
456,11,16,16.17249971864139,177.39421953870476,517.998
457,11,17,7.1842234879039,177.39421953870476,518.242
458,11,18,-1.8008425539236843,177.39421953870476,519.2
459,11,19,-10.78290160496917,177.39421953870476,520.866
460,11,20,-19.762233702988528,177.39421953870476,523.154
461,11,21,-28.739243536690083,177.39421953870476,525.904
462,11,22,-37.714381898559054,177.39421953870476,528.893
463,11,23,-46.68819520372904,177.39421953870476,531.859
464,11,24,-55.66130158431993,177.39421953870476,534.525
465,11,25,-64.63442845547833,177.39421953870476,536.624
466,11,26,-73.60823834555373,177.39421953870476,537.924
467,11,27,-82.58356453762488,177.39420587832643,538.256
468,11,28,-88.43888080740172,-2.60568515184813,537.527
469,11,29,-79.45839782250721,-2.6057636990235853,535.732
470,11,30,-70.47435630905512,-2.6057701023259323,532.958
471,11,31,-61.486230342479374,-2.6057724502034594,529.377
472,11,32,-52.493623771808096,-2.6057739443073404,525.232
473,11,33,-43.496283880042,-2.6057747980809864,520.814
474,11,34,-34.49415602566773,-2.605775438411221,516.439
475,11,35,-25.48726582189466,-2.6057758652980443,512.418
476,11,36,-16.475883061195017,-2.6057762921848675,509.033
477,11,37,-7.460397064351487,-2.6057767190716907,506.506
478,11,38,1.55867243392877,-2.6057771459585135,504.985
479,11,39,10.580702392327405,-2.6057775728453367,504.531
480,12,0,15.092602414632768,6.3942258792536535,504.697
481,12,1,24.11775825179374,6.39422545236683,505.754
482,12,2,33.14407692866091,6.394225025480007,507.639
483,12,3,42.170820784803915,6.394224171706361,510.128
484,12,4,51.1972948484747,6.394223317932714,512.958
485,12,5,60.22285025170212,6.394222037272245,515.847
486,12,6,69.2469098435013,6.394219902838129,518.528
487,12,7,78.26897502006285,6.394214353309429,520.771
488,12,8,87.28863597003655,6.394173799061232,522.408
489,12,9,83.69445382499244,-173.6057458325305,523.347
490,12,10,74.68054389429989,-173.60575949290882,523.577
491,12,11,65.66984415251724,-173.60577315328715,523.172
492,12,12,56.66248778833332,-173.60577315328715,522.277
493,12,13,47.65857725458568,-173.60577315328715,521.092
494,12,14,38.658184268260584,-173.60577315328715,519.849
495,12,15,29.66129516897971,-173.60577315328715,518.786
496,12,16,20.667904834101172,-173.60577315328715,518.123
497,12,17,11.677954353243383,-173.60577315328715,518.034
498,12,18,2.6912992252167127,-173.60577315328715,518.63
499,12,19,-6.2922315181515,-173.60577315328715,519.948
500,12,20,-15.272892087964424,-173.60577315328715,521.941
501,12,21,-24.251003289669644,-173.60577315328715,524.484
502,12,22,-33.22701250065779,-173.60577315328715,527.384
503,12,23,-42.201416617190986,-173.60577315328715,530.396
504,12,24,-51.17479962044326,-173.60577315328715,533.247
505,12,25,-60.14781379348036,-173.60577315328715,535.661
506,12,26,-69.1212070420164,-173.6057868136655,537.386
507,12,27,-78.09567263025211,-173.6057868136655,538.219
508,12,28,-87.07201652050959,-173.60582779480052,538.027
509,12,29,-83.94904912630466,6.3942502118025715,536.759
510,12,30,-74.96685859411765,6.394235697650585,534.458
511,12,31,-65.9808294956171,6.3942322825560005,531.255
512,12,32,-56.99050762322319,6.394230575008708,527.358
513,12,33,-47.99555488257201,6.394229294348238,523.037
514,12,34,-38.99583466988017,6.394228440574592,518.601
515,12,35,-29.99129234363429,6.394228013687769,514.366
516,12,36,-20.98211573403656,6.3942275868009455,510.631
517,12,37,-11.968622444883383,6.394227159914123,507.651
518,12,38,-2.9512735139437347,6.3942267330273,505.614
519,12,39,6.069359457326221,6.394226306140476,504.625
520,13,0,19.604989087916493,15.394228691022409,505.11
521,13,1,28.630817698710715,15.394228691022409,506.606
522,13,2,37.657438611448654,15.394228691022409,508.824
523,13,3,46.68413465626747,15.394226983475116,511.518
524,13,4,55.710222814250145,15.394226983475116,514.412
525,13,5,64.73509861365515,15.394225275927823,517.229
526,13,6,73.75822246953804,15.39422186083324,519.716
527,13,7,82.77912651394068,15.39420990800219,521.673
528,13,8,88.2025494319301,-164.6056875254747,522.967
529,13,9,79.18710953886347,-164.6057558273664,523.548
530,13,10,70.17478421205837,-164.60576948774477,523.446
531,13,11,61.16573737605487,-164.60576948774477,522.774
532,13,12,52.16010221954179,-164.60576948774477,521.707
533,13,13,43.15794704441083,-164.60576948774477,520.463
534,13,14,34.15929917141868,-164.60576948774477,519.281
535,13,15,25.164165430754498,-164.60576948774477,518.393
536,13,16,16.17249971864139,-164.60576948774477,517.998
537,13,17,7.1842234879039,-164.60576948774477,518.242
538,13,18,-1.8008425539236843,-164.60576948774477,519.2
539,13,19,-10.78290160496917,-164.60576948774477,520.866
540,13,20,-19.762233702988528,-164.60576948774477,523.154
541,13,21,-28.739243536690083,-164.60576948774477,525.904
542,13,22,-37.714381898559054,-164.60576948774477,528.893
543,13,23,-46.68819520372904,-164.60576948774477,531.859
544,13,24,-55.66130158431993,-164.60576948774477,534.525
545,13,25,-64.63442845547833,-164.60576948774477,536.624
546,13,26,-73.60823834555373,-164.6057831481231,537.924
547,13,27,-82.58356453762488,-164.6057831481231,538.256
548,13,28,-88.43888080740172,15.394322606123497,537.527
549,13,29,-79.45839782250721,15.394244058948042,535.732
550,13,30,-70.47435630905512,15.394237228758872,532.958
551,13,31,-61.486230342479374,15.394235521211579,529.377
552,13,32,-52.493623771808096,15.394233813664286,525.232
553,13,33,-43.496283880042,15.394232106116993,520.814
554,13,34,-34.49415602566773,15.394232106116993,516.439
555,13,35,-25.48726582189466,15.394232106116993,512.418
556,13,36,-16.475883061195017,15.394230398569702,509.033
557,13,37,-7.460397064351487,15.394230398569702,506.506
558,13,38,1.55867243392877,15.394230398569702,504.985
559,13,39,10.580702392327405,15.394230398569702,504.531
560,14,0,15.092602414632768,24.39422040373376,504.697
561,14,1,24.11775825179374,24.39421869618647,505.754
562,14,2,33.14407692866091,24.39421869618647,507.639
563,14,3,42.170820784803915,24.39421869618647,510.128
564,14,4,51.1972948484747,24.39421698863918,512.958
565,14,5,60.22285025170212,24.394215281091885,515.847
566,14,6,69.2469098435013,24.394213573544594,518.528
567,14,7,78.26897502006285,24.394208450902717,520.771
568,14,8,87.28863597003655,24.394167469767694,522.408
569,14,9,83.69445382499244,-155.605752161824,523.347
570,14,10,74.68054389429989,-155.60576582220236,523.577
571,14,11,65.66984415251724,-155.6057794825807,523.172
572,14,12,56.66248778833332,-155.6057794825807,522.277
573,14,13,47.65857725458568,-155.6057794825807,521.092
574,14,14,38.658184268260584,-155.6057794825807,519.849
575,14,15,29.66129516897971,-155.6057794825807,518.786
576,14,16,20.667904834101172,-155.6057794825807,518.123
577,14,17,11.677954353243383,-155.6057794825807,518.034
578,14,18,2.6912992252167127,-155.6057794825807,518.63
579,14,19,-6.2922315181515,-155.6057794825807,519.948
580,14,20,-15.272892087964424,-155.6057794825807,521.941
581,14,21,-24.251003289669644,-155.6057794825807,524.484
582,14,22,-33.22701250065779,-155.6057794825807,527.384
583,14,23,-42.201416617190986,-155.6057794825807,530.396
584,14,24,-51.17479962044326,-155.6057794825807,533.247
585,14,25,-60.14781379348036,-155.6057794825807,535.661
586,14,26,-69.1212070420164,-155.60579314295904,537.386
587,14,27,-78.09567263025211,-155.60579314295904,538.219
588,14,28,-87.07201652050959,-155.60583412409406,538.027
589,14,29,-83.94904912630466,24.39424430939586,536.759
590,14,30,-74.96685859411765,24.394228941470224,534.458
591,14,31,-65.9808294956171,24.394225526375642,531.255
592,14,32,-56.99050762322319,24.394223818828348,527.358
593,14,33,-47.99555488257201,24.394223818828348,523.037
594,14,34,-38.99583466988017,24.394222111281056,518.601
595,14,35,-29.99129234363429,24.394222111281056,514.366
596,14,36,-20.98211573403656,24.39422040373376,510.631
597,14,37,-11.968622444883383,24.39422040373376,507.651
598,14,38,-2.9512735139437347,24.39422040373376,505.614
599,14,39,6.069359457326221,24.39422040373376,504.625
600,15,0,19.604989087916493,33.39422236172887,505.11
601,15,1,28.630817698710715,33.39422236172887,506.606
602,15,2,37.657438611448654,33.39422236172887,508.824
603,15,3,46.68413465626747,33.39422236172887,511.518
604,15,4,55.710222814250145,33.39421894663429,514.412
605,15,5,64.73509861365515,33.39421894663429,517.229
606,15,6,73.75822246953804,33.3942155315397,519.716
607,15,7,82.77912651394068,33.394205286255946,521.673
608,15,8,88.2025494319301,-146.60569385476825,522.967
609,15,9,79.18710953886347,-146.60576215665995,523.548
610,15,10,70.17478421205837,-146.60577581703828,523.446
611,15,11,61.16573737605487,-146.60577581703828,522.774
612,15,12,52.16010221954179,-146.60577581703828,521.707
613,15,13,43.15794704441083,-146.60577581703828,520.463
614,15,14,34.15929917141868,-146.60577581703828,519.281
615,15,15,25.164165430754498,-146.60577581703828,518.393
616,15,16,16.17249971864139,-146.60577581703828,517.998
617,15,17,7.1842234879039,-146.60577581703828,518.242
618,15,18,-1.8008425539236843,-146.60577581703828,519.2
619,15,19,-10.78290160496917,-146.60577581703828,520.866
620,15,20,-19.762233702988528,-146.60577581703828,523.154
621,15,21,-28.739243536690083,-146.60577581703828,525.904
622,15,22,-37.714381898559054,-146.60577581703828,528.893
623,15,23,-46.68819520372904,-146.60577581703828,531.859
624,15,24,-55.66130158431993,-146.60577581703828,534.525
625,15,25,-64.63442845547833,-146.60577581703828,536.624
626,15,26,-73.60823834555373,-146.60578947741664,537.924
627,15,27,-82.58356453762488,-146.60578947741664,538.256
628,15,28,-88.43888080740172,33.39431456928267,537.527
629,15,29,-79.45839782250721,33.394236022107215,535.732
630,15,30,-70.47435630905512,33.394232607012626,532.958
631,15,31,-61.486230342479374,33.39422919191804,529.377
632,15,32,-52.493623771808096,33.394225776823454,525.232
633,15,33,-43.496283880042,33.394225776823454,520.814
634,15,34,-34.49415602566773,33.394225776823454,516.439
635,15,35,-25.48726582189466,33.394225776823454,512.418
636,15,36,-16.475883061195017,33.394225776823454,509.033
637,15,37,-7.460397064351487,33.394225776823454,506.506
638,15,38,1.55867243392877,33.39422236172887,504.985
639,15,39,10.580702392327405,33.39422236172887,504.531
640,16,0,15.092602414632768,42.39422602727127,504.697
641,16,1,24.11775825179374,42.39422602727127,505.754
642,16,2,33.14407692866091,42.39422602727127,507.639
643,16,3,42.170820784803915,42.39422602727127,510.128
644,16,4,51.1972948484747,42.39422602727127,512.958
645,16,5,60.22285025170212,42.39422261217669,515.847
646,16,6,69.2469098435013,42.39422261217669,518.528
647,16,7,78.26897502006285,42.39421578198752,520.771
648,16,8,87.28863597003655,42.3941748008525,522.408
649,16,9,83.69445382499244,-137.6057448307392,523.347
650,16,10,74.68054389429989,-137.60575849111754,523.577
651,16,11,65.66984415251724,-137.6057721514959,523.172
652,16,12,56.66248778833332,-137.6057721514959,522.277
653,16,13,47.65857725458568,-137.6057721514959,521.092
654,16,14,38.658184268260584,-137.6057721514959,519.849
655,16,15,29.66129516897971,-137.6057721514959,518.786
656,16,16,20.667904834101172,-137.6057721514959,518.123
657,16,17,11.677954353243383,-137.6057721514959,518.034
658,16,18,2.6912992252167127,-137.6057721514959,518.63
659,16,19,-6.2922315181515,-137.6057721514959,519.948
660,16,20,-15.272892087964424,-137.6057721514959,521.941
661,16,21,-24.251003289669644,-137.6057721514959,524.484
662,16,22,-33.22701250065779,-137.6057721514959,527.384
663,16,23,-42.201416617190986,-137.6057721514959,530.396
664,16,24,-51.17479962044326,-137.6057721514959,533.247
665,16,25,-60.14781379348036,-137.6057721514959,535.661
666,16,26,-69.1212070420164,-137.60578581187423,537.386
667,16,27,-78.09567263025211,-137.60578581187423,538.219
668,16,28,-87.07201652050959,-137.60582679300924,538.027
669,16,29,-83.94904912630466,42.39424993293337,536.759
670,16,30,-74.96685859411765,42.39423627255503,534.458
671,16,31,-65.9808294956171,42.394232857460445,531.255
672,16,32,-56.99050762322319,42.394232857460445,527.358
673,16,33,-47.99555488257201,42.39422944236586,523.037
674,16,34,-38.99583466988017,42.39422944236586,518.601
675,16,35,-29.99129234363429,42.39422944236586,514.366
676,16,36,-20.98211573403656,42.39422944236586,510.631
677,16,37,-11.968622444883383,42.39422944236586,507.651
678,16,38,-2.9512735139437347,42.39422602727127,505.614
679,16,39,6.069359457326221,42.39422602727127,504.625
680,17,0,19.604989087916493,51.39421603243534,505.11
681,17,1,28.630817698710715,51.39421603243534,506.606
682,17,2,37.657438611448654,51.39421603243534,508.824
683,17,3,46.68413465626747,51.39421603243534,511.518
684,17,4,55.710222814250145,51.39421261734075,514.412
685,17,5,64.73509861365515,51.39421261734075,517.229
686,17,6,73.75822246953804,51.39420920224617,519.716
687,17,7,82.77912651394068,51.39419895696241,521.673
688,17,8,88.2025494319301,-128.6057001840618,522.967
689,17,9,79.18710953886347,-128.6057684859535,523.548
690,17,10,70.17478421205837,-128.60578214633182,523.446
691,17,11,61.16573737605487,-128.60578214633182,522.774
692,17,12,52.16010221954179,-128.60578214633182,521.707
693,17,13,43.15794704441083,-128.60578214633182,520.463
694,17,14,34.15929917141868,-128.60578214633182,519.281
695,17,15,25.164165430754498,-128.60578214633182,518.393
696,17,16,16.17249971864139,-128.60578214633182,517.998
697,17,17,7.1842234879039,-128.60578214633182,518.242
698,17,18,-1.8008425539236843,-128.60578214633182,519.2
699,17,19,-10.78290160496917,-128.60578214633182,520.866
700,17,20,-19.762233702988528,-128.60578214633182,523.154
701,17,21,-28.739243536690083,-128.60578214633182,525.904
702,17,22,-37.714381898559054,-128.60578214633182,528.893
703,17,23,-46.68819520372904,-128.60578214633182,531.859
704,17,24,-55.66130158431993,-128.60578214633182,534.525
705,17,25,-64.63442845547833,-128.60578214633182,536.624
706,17,26,-73.60823834555373,-128.60579580671018,537.924
707,17,27,-82.58356453762488,-128.60579580671018,538.256
708,17,28,-88.43888080740172,51.39430823998913,537.527
709,17,29,-79.45839782250721,51.394229692813674,535.732
710,17,30,-70.47435630905512,51.39422627771909,532.958
711,17,31,-61.486230342479374,51.3942228626245,529.377
712,17,32,-52.493623771808096,51.39421944752992,525.232
713,17,33,-43.496283880042,51.39421944752992,520.814
714,17,34,-34.49415602566773,51.39421944752992,516.439
715,17,35,-25.48726582189466,51.39421944752992,512.418
716,17,36,-16.475883061195017,51.39421944752992,509.033
717,17,37,-7.460397064351487,51.39421944752992,506.506
718,17,38,1.55867243392877,51.39421603243534,504.985
719,17,39,10.580702392327405,51.39421603243534,504.531
720,18,0,15.092602414632768,60.39421969797774,504.697
721,18,1,24.11775825179374,60.39421969797774,505.754
722,18,2,33.14407692866091,60.39421969797774,507.639
723,18,3,42.170820784803915,60.39421969797774,510.128
724,18,4,51.1972948484747,60.39421969797774,512.958
725,18,5,60.22285025170212,60.39421969797774,515.847
726,18,6,69.2469098435013,60.39421286778857,518.528
727,18,7,78.26897502006285,60.394206037599396,520.771
728,18,8,87.28863597003655,60.394165056464374,522.408
729,18,9,83.69445382499244,-119.60575116003275,523.347
730,18,10,74.68054389429989,-119.60576482041108,523.577
731,18,11,65.66984415251724,-119.60577848078943,523.172
732,18,12,56.66248778833332,-119.60577848078943,522.277
733,18,13,47.65857725458568,-119.60577848078943,521.092
734,18,14,38.658184268260584,-119.60577848078943,519.849
735,18,15,29.66129516897971,-119.60577848078943,518.786
736,18,16,20.667904834101172,-119.60577848078943,518.123
737,18,17,11.677954353243383,-119.60577848078943,518.034
738,18,18,2.6912992252167127,-119.60577848078943,518.63
739,18,19,-6.2922315181515,-119.60577848078943,519.948
740,18,20,-15.272892087964424,-119.60577848078943,521.941
741,18,21,-24.251003289669644,-119.60577848078943,524.484
742,18,22,-33.22701250065779,-119.60577848078943,527.384
743,18,23,-42.201416617190986,-119.60577848078943,530.396
744,18,24,-51.17479962044326,-119.60577848078943,533.247
745,18,25,-60.14781379348036,-119.60577848078943,535.661
746,18,26,-69.1212070420164,-119.60579214116777,537.386
747,18,27,-78.09567263025211,-119.60579214116777,538.219
748,18,28,-87.07201652050959,-119.60583312230278,538.027
749,18,29,-83.94904912630466,60.39424701873442,536.759
750,18,30,-74.96685859411765,60.394233358356075,534.458
751,18,31,-65.9808294956171,60.394226528166904,531.255
752,18,32,-56.99050762322319,60.394226528166904,527.358
753,18,33,-47.99555488257201,60.394226528166904,523.037
754,18,34,-38.99583466988017,60.394226528166904,518.601
755,18,35,-29.99129234363429,60.39421969797774,514.366
756,18,36,-20.98211573403656,60.39421969797774,510.631
757,18,37,-11.968622444883383,60.39421969797774,507.651
758,18,38,-2.9512735139437347,60.39421969797774,505.614
759,18,39,6.069359457326221,60.39421969797774,504.625
760,19,0,19.604989087916493,69.39422336352014,505.11
761,19,1,28.630817698710715,69.39422336352014,506.606
762,19,2,37.657438611448654,69.39422336352014,508.824
763,19,3,46.68413465626747,69.39422336352014,511.518
764,19,4,55.710222814250145,69.39422336352014,514.412
765,19,5,64.73509861365515,69.39421653333098,517.229
766,19,6,73.75822246953804,69.39421653333098,519.716
767,19,7,82.77912651394068,69.39420287295263,521.673
768,19,8,88.2025494319301,-110.60569285297699,522.967
769,19,9,79.18710953886347,-110.60576115486869,523.548
770,19,10,70.17478421205837,-110.60576798505785,523.446
771,19,11,61.16573737605487,-110.60576798505785,522.774
772,19,12,52.16010221954179,-110.60577481524703,521.707
773,19,13,43.15794704441083,-110.60577481524703,520.463
774,19,14,34.15929917141868,-110.60577481524703,519.281
775,19,15,25.164165430754498,-110.60577481524703,518.393
776,19,16,16.17249971864139,-110.60577481524703,517.998
777,19,17,7.1842234879039,-110.60577481524703,518.242
778,19,18,-1.8008425539236843,-110.60577481524703,519.2
779,19,19,-10.78290160496917,-110.60577481524703,520.866
780,19,20,-19.762233702988528,-110.60577481524703,523.154
781,19,21,-28.739243536690083,-110.60577481524703,525.904
782,19,22,-37.714381898559054,-110.60577481524703,528.893
783,19,23,-46.68819520372904,-110.60577481524703,531.859
784,19,24,-55.66130158431993,-110.6057816454362,534.525
785,19,25,-64.63442845547833,-110.6057816454362,536.624
786,19,26,-73.60823834555373,-110.6057816454362,537.924
787,19,27,-82.58356453762488,-110.60579530581454,538.256
788,19,28,-88.43888080740172,69.39431898616851,537.527
789,19,29,-79.45839782250721,69.39423702389848,535.732
790,19,30,-70.47435630905512,69.3942301937093,532.958
791,19,31,-61.486230342479374,69.3942301937093,529.377
792,19,32,-52.493623771808096,69.3942301937093,525.232
793,19,33,-43.496283880042,69.3942301937093,520.814
794,19,34,-34.49415602566773,69.39422336352014,516.439
795,19,35,-25.48726582189466,69.39422336352014,512.418
796,19,36,-16.475883061195017,69.39422336352014,509.033
797,19,37,-7.460397064351487,69.39422336352014,506.506
798,19,38,1.55867243392877,69.39422336352014,504.985
799,19,39,10.580702392327405,69.39422336352014,504.531
800,20,0,15.092602414632768,78.39422702906253,504.697
801,20,1,24.11775825179374,78.39422702906253,505.754
802,20,2,33.14407692866091,78.39422702906253,507.639
803,20,3,42.170820784803915,78.39422702906253,510.128
804,20,4,51.1972948484747,78.39422702906253,512.958
805,20,5,60.22285025170212,78.39422702906253,515.847
806,20,6,69.2469098435013,78.39422019887337,518.528
807,20,7,78.26897502006285,78.3942133686842,520.771
808,20,8,87.28863597003655,78.39417238754918,522.408
809,20,9,83.69445382499244,-101.60575065913712,523.347
810,20,10,74.68054389429989,-101.60576431951546,523.577
811,20,11,65.66984415251724,-101.60576431951546,523.172
812,20,12,56.66248778833332,-101.60576431951546,522.277
813,20,13,47.65857725458568,-101.60577114970462,521.092
814,20,14,38.658184268260584,-101.60577114970462,519.849
815,20,15,29.66129516897971,-101.60577114970462,518.786
816,20,16,20.667904834101172,-101.60577114970462,518.123
817,20,17,11.677954353243383,-101.60577114970462,518.034
818,20,18,2.6912992252167127,-101.60577114970462,518.63
819,20,19,-6.2922315181515,-101.60577114970462,519.948
820,20,20,-15.272892087964424,-101.60577114970462,521.941
821,20,21,-24.251003289669644,-101.60577114970462,524.484
822,20,22,-33.22701250065779,-101.60577114970462,527.384
823,20,23,-42.201416617190986,-101.60577114970462,530.396
824,20,24,-51.17479962044326,-101.60577114970462,533.247
825,20,25,-60.14781379348036,-101.60577797989379,535.661
826,20,26,-69.1212070420164,-101.60577797989379,537.386
827,20,27,-78.09567263025211,-101.60578481008297,538.219
828,20,28,-87.07201652050959,-101.60581896102882,538.027
829,20,29,-83.94904912630466,78.39425434981922,536.759
830,20,30,-74.96685859411765,78.39424068944088,534.458
831,20,31,-65.9808294956171,78.39423385925171,531.255
832,20,32,-56.99050762322319,78.39423385925171,527.358
833,20,33,-47.99555488257201,78.39423385925171,523.037
834,20,34,-38.99583466988017,78.39423385925171,518.601
835,20,35,-29.99129234363429,78.39422702906253,514.366
836,20,36,-20.98211573403656,78.39422702906253,510.631
837,20,37,-11.968622444883383,78.39422702906253,507.651
838,20,38,-2.9512735139437347,78.39422702906253,505.614
839,20,39,6.069359457326221,78.39422702906253,504.625
840,21,0,19.604989087916493,87.3942170342266,505.11
841,21,1,28.630817698710715,87.3942170342266,506.606
842,21,2,37.657438611448654,87.3942170342266,508.824
843,21,3,46.68413465626747,87.3942170342266,511.518
844,21,4,55.710222814250145,87.3942170342266,514.412
845,21,5,64.73509861365515,87.39421020403744,517.229
846,21,6,73.75822246953804,87.39421020403744,519.716
847,21,7,82.77912651394068,87.39419654365909,521.673
848,21,8,88.2025494319301,-92.60569918227053,522.967
849,21,9,79.18710953886347,-92.60576748416221,523.548
850,21,10,70.17478421205837,-92.6057743143514,523.446
851,21,11,61.16573737605487,-92.6057743143514,522.774
852,21,12,52.16010221954179,-92.60578114454056,521.707
853,21,13,43.15794704441083,-92.60578114454056,520.463
854,21,14,34.15929917141868,-92.60578114454056,519.281
855,21,15,25.164165430754498,-92.60578114454056,518.393
856,21,16,16.17249971864139,-92.60578114454056,517.998
857,21,17,7.1842234879039,-92.60578114454056,518.242
858,21,18,-1.8008425539236843,-92.60578114454056,519.2
859,21,19,-10.78290160496917,-92.60578114454056,520.866
860,21,20,-19.762233702988528,-92.60578114454056,523.154
861,21,21,-28.739243536690083,-92.60578114454056,525.904
862,21,22,-37.714381898559054,-92.60578114454056,528.893
863,21,23,-46.68819520372904,-92.60578114454056,531.859
864,21,24,-55.66130158431993,-92.60578797472974,534.525
865,21,25,-64.63442845547833,-92.60578797472974,536.624
866,21,26,-73.60823834555373,-92.60578797472974,537.924
867,21,27,-82.58356453762488,-92.60580163510807,538.256
868,21,28,-88.43888080740172,87.39431265687499,537.527
869,21,29,-79.45839782250721,87.39423069460494,535.732
870,21,30,-70.47435630905512,87.39422386441578,532.958
871,21,31,-61.486230342479374,87.39422386441578,529.377
872,21,32,-52.493623771808096,87.39422386441578,525.232
873,21,33,-43.496283880042,87.39422386441578,520.814
874,21,34,-34.49415602566773,87.3942170342266,516.439
875,21,35,-25.48726582189466,87.3942170342266,512.418
876,21,36,-16.475883061195017,87.3942170342266,509.033
877,21,37,-7.460397064351487,87.3942170342266,506.506
878,21,38,1.55867243392877,87.3942170342266,504.985
879,21,39,10.580702392327405,87.3942170342266,504.531
880,22,0,15.092602414632768,96.39422069976901,504.697
881,22,1,24.11775825179374,96.39422069976901,505.754
882,22,2,33.14407692866091,96.39422069976901,507.639
883,22,3,42.170820784803915,96.39422069976901,510.128
884,22,4,51.1972948484747,96.39422069976901,512.958
885,22,5,60.22285025170212,96.39422069976901,515.847
886,22,6,69.2469098435013,96.39421386957983,518.528
887,22,7,78.26897502006285,96.39420703939066,520.771
888,22,8,87.28863597003655,96.39416605825565,522.408
889,22,9,83.69445382499244,-83.60575698843066,523.347
890,22,10,74.68054389429989,-83.60577064880898,523.577
891,22,11,65.66984415251724,-83.60577064880898,523.172
892,22,12,56.66248778833332,-83.60577064880898,522.277
893,22,13,47.65857725458568,-83.60577747899816,521.092
894,22,14,38.658184268260584,-83.60577747899816,519.849
895,22,15,29.66129516897971,-83.60577747899816,518.786
896,22,16,20.667904834101172,-83.60577747899816,518.123
897,22,17,11.677954353243383,-83.60577747899816,518.034
898,22,18,2.6912992252167127,-83.60577747899816,518.63
899,22,19,-6.2922315181515,-83.60577747899816,519.948
900,22,20,-15.272892087964424,-83.60577747899816,521.941
901,22,21,-24.251003289669644,-83.60577747899816,524.484
902,22,22,-33.22701250065779,-83.60577747899816,527.384
903,22,23,-42.201416617190986,-83.60577747899816,530.396
904,22,24,-51.17479962044326,-83.60577747899816,533.247
905,22,25,-60.14781379348036,-83.60578430918733,535.661
906,22,26,-69.1212070420164,-83.60578430918733,537.386
907,22,27,-78.09567263025211,-83.6057911393765,538.219
908,22,28,-87.07201652050959,-83.60582529032234,538.027
909,22,29,-83.94904912630466,96.39424802052568,536.759
910,22,30,-74.96685859411765,96.39423436014735,534.458
911,22,31,-65.9808294956171,96.39422752995817,531.255
912,22,32,-56.99050762322319,96.39422752995817,527.358
913,22,33,-47.99555488257201,96.39422752995817,523.037
914,22,34,-38.99583466988017,96.39422752995817,518.601
915,22,35,-29.99129234363429,96.39422069976901,514.366
916,22,36,-20.98211573403656,96.39422069976901,510.631
917,22,37,-11.968622444883383,96.39422069976901,507.651
918,22,38,-2.9512735139437347,96.39422069976901,505.614
919,22,39,6.069359457326221,96.39422069976901,504.625
920,23,0,19.604989087916493,105.3942243653114,505.11
921,23,1,28.630817698710715,105.3942243653114,506.606
922,23,2,37.657438611448654,105.3942243653114,508.824
923,23,3,46.68413465626747,105.3942243653114,511.518
924,23,4,55.710222814250145,105.3942243653114,514.412
925,23,5,64.73509861365515,105.39421753512224,517.229
926,23,6,73.75822246953804,105.39421753512224,519.716
927,23,7,82.77912651394068,105.3942038747439,521.673
928,23,8,88.2025494319301,-74.60569185118572,522.967
929,23,9,79.18710953886347,-74.60576015307741,523.548
930,23,10,70.17478421205837,-74.60576698326659,523.446
931,23,11,61.16573737605487,-74.60576698326659,522.774
932,23,12,52.16010221954179,-74.60577381345576,521.707
933,23,13,43.15794704441083,-74.60577381345576,520.463
934,23,14,34.15929917141868,-74.60577381345576,519.281
935,23,15,25.164165430754498,-74.60577381345576,518.393
936,23,16,16.17249971864139,-74.60577381345576,517.998
937,23,17,7.1842234879039,-74.60577381345576,518.242
938,23,18,-1.8008425539236843,-74.60577381345576,519.2
939,23,19,-10.78290160496917,-74.60577381345576,520.866
940,23,20,-19.762233702988528,-74.60577381345576,523.154
941,23,21,-28.739243536690083,-74.60577381345576,525.904
942,23,22,-37.714381898559054,-74.60577381345576,528.893
943,23,23,-46.68819520372904,-74.60577381345576,531.859
944,23,24,-55.66130158431993,-74.60578064364493,534.525
945,23,25,-64.63442845547833,-74.60578064364493,536.624
946,23,26,-73.60823834555373,-74.60578064364493,537.924
947,23,27,-82.58356453762488,-74.60579430402326,538.256
948,23,28,-88.43888080740172,105.39431998795979,537.527
949,23,29,-79.45839782250721,105.39423802568975,535.732
950,23,30,-70.47435630905512,105.39423119550058,532.958
951,23,31,-61.486230342479374,105.39423119550058,529.377
952,23,32,-52.493623771808096,105.39423119550058,525.232
953,23,33,-43.496283880042,105.39423119550058,520.814
954,23,34,-34.49415602566773,105.3942243653114,516.439
955,23,35,-25.48726582189466,105.3942243653114,512.418
956,23,36,-16.475883061195017,105.3942243653114,509.033
957,23,37,-7.460397064351487,105.3942243653114,506.506
958,23,38,1.55867243392877,105.3942243653114,504.985
959,23,39,10.580702392327405,105.3942243653114,504.531
960,24,0,15.092602414632768,114.39422803085381,504.697
961,24,1,24.11775825179374,114.39422803085381,505.754
962,24,2,33.14407692866091,114.39422803085381,507.639
963,24,3,42.170820784803915,114.39422803085381,510.128
964,24,4,51.1972948484747,114.39422803085381,512.958
965,24,5,60.22285025170212,114.39422803085381,515.847
966,24,6,69.2469098435013,114.39422120066463,518.528
967,24,7,78.26897502006285,114.39421437047547,520.771
968,24,8,87.28863597003655,114.39417338934045,522.408
969,24,9,83.69445382499244,-65.60574965734584,523.347
970,24,10,74.68054389429989,-65.60576331772418,523.577
971,24,11,65.66984415251724,-65.60576331772418,523.172
972,24,12,56.66248778833332,-65.60576331772418,522.277
973,24,13,47.65857725458568,-65.60577014791336,521.092
974,24,14,38.658184268260584,-65.60577014791336,519.849
975,24,15,29.66129516897971,-65.60577014791336,518.786
976,24,16,20.667904834101172,-65.60577014791336,518.123
977,24,17,11.677954353243383,-65.60577014791336,518.034
978,24,18,2.6912992252167127,-65.60577014791336,518.63
979,24,19,-6.2922315181515,-65.60577014791336,519.948
980,24,20,-15.272892087964424,-65.60577014791336,521.941
981,24,21,-24.251003289669644,-65.60577014791336,524.484
982,24,22,-33.22701250065779,-65.60577014791336,527.384
983,24,23,-42.201416617190986,-65.60577014791336,530.396
984,24,24,-51.17479962044326,-65.60577014791336,533.247
985,24,25,-60.14781379348036,-65.60577697810253,535.661
986,24,26,-69.1212070420164,-65.60577697810253,537.386
987,24,27,-78.09567263025211,-65.60578380829169,538.219
988,24,28,-87.07201652050959,-65.60581795923754,538.027
989,24,29,-83.94904912630466,114.39425535161048,536.759
990,24,30,-74.96685859411765,114.39424169123215,534.458
991,24,31,-65.9808294956171,114.39423486104297,531.255
992,24,32,-56.99050762322319,114.39423486104297,527.358
993,24,33,-47.99555488257201,114.39423486104297,523.037
994,24,34,-38.99583466988017,114.39423486104297,518.601
995,24,35,-29.99129234363429,114.39422803085381,514.366
996,24,36,-20.98211573403656,114.39422803085381,510.631
997,24,37,-11.968622444883383,114.39422803085381,507.651
998,24,38,-2.9512735139437347,114.39422803085381,505.614
999,24,39,6.069359457326221,114.39422803085381,504.625
1000,25,0,19.604989087916493,123.39422486620704,505.11
1001,25,1,28.630817698710715,123.39422486620704,506.606
1002,25,2,37.657438611448654,123.3942112058287,508.824
1003,25,3,46.68413465626747,123.3942112058287,511.518
1004,25,4,55.710222814250145,123.3942112058287,514.412
1005,25,5,64.73509861365515,123.3942112058287,517.229
1006,25,6,73.75822246953804,123.3942112058287,519.716
1007,25,7,82.77912651394068,123.39419754545035,521.673
1008,25,8,88.2025494319301,-56.60570159557384,522.967
1009,25,9,79.18710953886347,-56.60576648237095,523.548
1010,25,10,70.17478421205837,-56.605773312560125,523.446
1011,25,11,61.16573737605487,-56.60577672765471,522.774
1012,25,12,52.16010221954179,-56.60577672765471,521.707
1013,25,13,43.15794704441083,-56.60577672765471,520.463
1014,25,14,34.15929917141868,-56.605780142749296,519.281
1015,25,15,25.164165430754498,-56.605780142749296,518.393
1016,25,16,16.17249971864139,-56.605780142749296,517.998
1017,25,17,7.1842234879039,-56.605780142749296,518.242
1018,25,18,-1.8008425539236843,-56.605780142749296,519.2
1019,25,19,-10.78290160496917,-56.605780142749296,520.866
1020,25,20,-19.762233702988528,-56.605780142749296,523.154
1021,25,21,-28.739243536690083,-56.605780142749296,525.904
1022,25,22,-37.714381898559054,-56.60578355784388,528.893
1023,25,23,-46.68819520372904,-56.60578355784388,531.859
1024,25,24,-55.66130158431993,-56.60578355784388,534.525
1025,25,25,-64.63442845547833,-56.60578697293847,536.624
1026,25,26,-73.60823834555373,-56.60579038803305,537.924
1027,25,27,-82.58356453762488,-56.605800633316804,538.256
1028,25,28,-88.43888080740172,123.39430682847708,537.527
1029,25,29,-79.45839782250721,123.39423852658538,535.732
1030,25,30,-70.47435630905512,123.39422486620704,532.958
1031,25,31,-61.486230342479374,123.39422486620704,529.377
1032,25,32,-52.493623771808096,123.39422486620704,525.232
1033,25,33,-43.496283880042,123.39422486620704,520.814
1034,25,34,-34.49415602566773,123.39422486620704,516.439
1035,25,35,-25.48726582189466,123.39422486620704,512.418
1036,25,36,-16.475883061195017,123.39422486620704,509.033
1037,25,37,-7.460397064351487,123.39422486620704,506.506
1038,25,38,1.55867243392877,123.39422486620704,504.985
1039,25,39,10.580702392327405,123.39422486620704,504.531
1040,26,0,15.092602414632768,132.3942421921278,504.697
1041,26,1,24.11775825179374,132.3942421921278,505.754
1042,26,2,33.14407692866091,132.39422853174943,507.639
1043,26,3,42.170820784803915,132.39422853174943,510.128
1044,26,4,51.1972948484747,132.39422853174943,512.958
1045,26,5,60.22285025170212,132.39422853174943,515.847
1046,26,6,69.2469098435013,132.39422853174943,518.528
1047,26,7,78.26897502006285,132.39422853174943,520.771
1048,26,8,87.28863597003655,132.39418755061442,522.408
1049,26,9,83.69445382499244,-47.605738911166455,523.347
1050,26,10,74.68054389429989,-47.6057525715448,523.577
1051,26,11,65.66984415251724,-47.60575598663938,523.172
1052,26,12,56.66248778833332,-47.60575940173397,522.277
1053,26,13,47.65857725458568,-47.60575940173397,521.092
1054,26,14,38.658184268260584,-47.60575940173397,519.849
1055,26,15,29.66129516897971,-47.60576281682855,518.786
1056,26,16,20.667904834101172,-47.60576281682855,518.123
1057,26,17,11.677954353243383,-47.60576281682855,518.034
1058,26,18,2.6912992252167127,-47.60576281682855,518.63
1059,26,19,-6.2922315181515,-47.60576281682855,519.948
1060,26,20,-15.272892087964424,-47.60576281682855,521.941
1061,26,21,-24.251003289669644,-47.60576281682855,524.484
1062,26,22,-33.22701250065779,-47.60576623192314,527.384
1063,26,23,-42.201416617190986,-47.60576623192314,530.396
1064,26,24,-51.17479962044326,-47.60576623192314,533.247
1065,26,25,-60.14781379348036,-47.60576623192314,535.661
1066,26,26,-69.1212070420164,-47.60576964701772,537.386
1067,26,27,-78.09567263025211,-47.605776477206895,538.219
1068,26,28,-87.07201652050959,-47.605810628152746,538.027
1069,26,29,-83.94904912630466,132.39425585250612,536.759
1070,26,30,-74.96685859411765,132.3942421921278,534.458
1071,26,31,-65.9808294956171,132.3942421921278,531.255
1072,26,32,-56.99050762322319,132.3942421921278,527.358
1073,26,33,-47.99555488257201,132.3942421921278,523.037
1074,26,34,-38.99583466988017,132.3942421921278,518.601
1075,26,35,-29.99129234363429,132.3942421921278,514.366
1076,26,36,-20.98211573403656,132.3942421921278,510.631
1077,26,37,-11.968622444883383,132.3942421921278,507.651
1078,26,38,-2.9512735139437347,132.3942421921278,505.614
1079,26,39,6.069359457326221,132.3942421921278,504.625
1080,27,0,19.604989087916493,141.3942185369135,505.11
1081,27,1,28.630817698710715,141.3942185369135,506.606
1082,27,2,37.657438611448654,141.39420487653516,508.824
1083,27,3,46.68413465626747,141.39420487653516,511.518
1084,27,4,55.710222814250145,141.39420487653516,514.412
1085,27,5,64.73509861365515,141.39420487653516,517.229
1086,27,6,73.75822246953804,141.39420487653516,519.716
1087,27,7,82.77912651394068,141.39419121615683,521.673
1088,27,8,88.2025494319301,-38.605707924867374,522.967
1089,27,9,79.18710953886347,-38.605772811664494,523.548
1090,27,10,70.17478421205837,-38.60577964185366,523.446
1091,27,11,61.16573737605487,-38.60578305694825,522.774
1092,27,12,52.16010221954179,-38.60578305694825,521.707
1093,27,13,43.15794704441083,-38.60578305694825,520.463
1094,27,14,34.15929917141868,-38.60578647204283,519.281
1095,27,15,25.164165430754498,-38.60578647204283,518.393
1096,27,16,16.17249971864139,-38.60578647204283,517.998
1097,27,17,7.1842234879039,-38.60578647204283,518.242
1098,27,18,-1.8008425539236843,-38.60578647204283,519.2
1099,27,19,-10.78290160496917,-38.60578647204283,520.866
1100,27,20,-19.762233702988528,-38.60578647204283,523.154
1101,27,21,-28.739243536690083,-38.60578647204283,525.904
1102,27,22,-37.714381898559054,-38.60578988713742,528.893
1103,27,23,-46.68819520372904,-38.60578988713742,531.859
1104,27,24,-55.66130158431993,-38.60578988713742,534.525
1105,27,25,-64.63442845547833,-38.605793302232,536.624
1106,27,26,-73.60823834555373,-38.605796717326584,537.924
1107,27,27,-82.58356453762488,-38.605806962610345,538.256
1108,27,28,-88.43888080740172,141.39430049918354,537.527
1109,27,29,-79.45839782250721,141.39423219729184,535.732
1110,27,30,-70.47435630905512,141.3942185369135,532.958
1111,27,31,-61.486230342479374,141.3942185369135,529.377
1112,27,32,-52.493623771808096,141.3942185369135,525.232
1113,27,33,-43.496283880042,141.3942185369135,520.814
1114,27,34,-34.49415602566773,141.3942185369135,516.439
1115,27,35,-25.48726582189466,141.3942185369135,512.418
1116,27,36,-16.475883061195017,141.3942185369135,509.033
1117,27,37,-7.460397064351487,141.3942185369135,506.506
1118,27,38,1.55867243392877,141.3942185369135,504.985
1119,27,39,10.580702392327405,141.3942185369135,504.531
1120,28,0,15.092602414632768,150.3942222024559,504.697
1121,28,1,24.11775825179374,150.3942222024559,505.754
1122,28,2,33.14407692866091,150.39420854207756,507.639
1123,28,3,42.170820784803915,150.39420854207756,510.128
1124,28,4,51.1972948484747,150.39420854207756,512.958
1125,28,5,60.22285025170212,150.39420854207756,515.847
1126,28,6,69.2469098435013,150.39420854207756,518.528
1127,28,7,78.26897502006285,150.39420854207756,520.771
1128,28,8,87.28863597003655,150.39416756094255,522.408
1129,28,9,83.69445382499244,-29.605758900838335,523.347
1130,28,10,74.68054389429989,-29.605772561216675,523.577
1131,28,11,65.66984415251724,-29.60577597631126,523.172
1132,28,12,56.66248778833332,-29.605779391405843,522.277
1133,28,13,47.65857725458568,-29.605779391405843,521.092
1134,28,14,38.658184268260584,-29.605779391405843,519.849
1135,28,15,29.66129516897971,-29.60578280650043,518.786
1136,28,16,20.667904834101172,-29.60578280650043,518.123
1137,28,17,11.677954353243383,-29.60578280650043,518.034
1138,28,18,2.6912992252167127,-29.60578280650043,518.63
1139,28,19,-6.2922315181515,-29.60578280650043,519.948
1140,28,20,-15.272892087964424,-29.60578280650043,521.941
1141,28,21,-24.251003289669644,-29.60578280650043,524.484
1142,28,22,-33.22701250065779,-29.605786221595014,527.384
1143,28,23,-42.201416617190986,-29.605786221595014,530.396
1144,28,24,-51.17479962044326,-29.605786221595014,533.247
1145,28,25,-60.14781379348036,-29.605786221595014,535.661
1146,28,26,-69.1212070420164,-29.6057896366896,537.386
1147,28,27,-78.09567263025211,-29.60579646687877,538.219
1148,28,28,-87.07201652050959,-29.60583061782462,538.027
1149,28,29,-83.94904912630466,150.39423586283425,536.759
1150,28,30,-74.96685859411765,150.3942222024559,534.458
1151,28,31,-65.9808294956171,150.3942222024559,531.255
1152,28,32,-56.99050762322319,150.3942222024559,527.358
1153,28,33,-47.99555488257201,150.3942222024559,523.037
1154,28,34,-38.99583466988017,150.3942222024559,518.601
1155,28,35,-29.99129234363429,150.3942222024559,514.366
1156,28,36,-20.98211573403656,150.3942222024559,510.631
1157,28,37,-11.968622444883383,150.3942222024559,507.651
1158,28,38,-2.9512735139437347,150.3942222024559,505.614
1159,28,39,6.069359457326221,150.3942222024559,504.625
1160,29,0,19.604989087916493,159.3942258679983,505.11
1161,29,1,28.630817698710715,159.3942258679983,506.606
1162,29,2,37.657438611448654,159.39421220761997,508.824
1163,29,3,46.68413465626747,159.39421220761997,511.518
1164,29,4,55.710222814250145,159.39421220761997,514.412
1165,29,5,64.73509861365515,159.39421220761997,517.229
1166,29,6,73.75822246953804,159.39421220761997,519.716
1167,29,7,82.77912651394068,159.39419854724161,521.673
1168,29,8,88.2025494319301,-20.60569888623528,522.967
1169,29,9,79.18710953886347,-20.605765480579688,523.548
1170,29,10,70.17478421205837,-20.60577231076886,523.446
1171,29,11,61.16573737605487,-20.60577572586344,522.774
1172,29,12,52.16010221954179,-20.60577572586344,521.707
1173,29,13,43.15794704441083,-20.605777433410736,520.463
1174,29,14,34.15929917141868,-20.605777433410736,519.281
1175,29,15,25.164165430754498,-20.605777433410736,518.393
1176,29,16,16.17249971864139,-20.605779140958028,517.998
1177,29,17,7.1842234879039,-20.605779140958028,518.242
1178,29,18,-1.8008425539236843,-20.605779140958028,519.2
1179,29,19,-10.78290160496917,-20.605779140958028,520.866
1180,29,20,-19.762233702988528,-20.605780848505322,523.154
1181,29,21,-28.739243536690083,-20.605780848505322,525.904
1182,29,22,-37.714381898559054,-20.605780848505322,528.893
1183,29,23,-46.68819520372904,-20.605782556052613,531.859
1184,29,24,-55.66130158431993,-20.605782556052613,534.525
1185,29,25,-64.63442845547833,-20.605784263599904,536.624
1186,29,26,-73.60823834555373,-20.60578767869449,537.924
1187,29,27,-82.58356453762488,-20.605797923978244,538.256
1188,29,28,-88.43888080740172,159.39430783026833,537.527
1189,29,29,-79.45839782250721,159.39423952837666,535.732
1190,29,30,-70.47435630905512,159.3942258679983,532.958
1191,29,31,-61.486230342479374,159.3942258679983,529.377
1192,29,32,-52.493623771808096,159.3942258679983,525.232
1193,29,33,-43.496283880042,159.3942258679983,520.814
1194,29,34,-34.49415602566773,159.3942258679983,516.439
1195,29,35,-25.48726582189466,159.3942258679983,512.418
1196,29,36,-16.475883061195017,159.3942258679983,509.033
1197,29,37,-7.460397064351487,159.3942258679983,506.506
1198,29,38,1.55867243392877,159.3942258679983,504.985
1199,29,39,10.580702392327405,159.3942258679983,504.531
1200,30,0,15.092602414632768,168.3942295335407,504.697
1201,30,1,24.11775825179374,168.3942295335407,505.754
1202,30,2,33.14407692866091,168.39421587316238,507.639
1203,30,3,42.170820784803915,168.39421587316238,510.128
1204,30,4,51.1972948484747,168.39421587316238,512.958
1205,30,5,60.22285025170212,168.39421587316238,515.847
1206,30,6,69.2469098435013,168.39421587316238,518.528
1207,30,7,78.26897502006285,168.39421587316238,520.771
1208,30,8,87.28863597003655,168.39417489202734,522.408
1209,30,9,83.69445382499244,-11.605753277300824,523.347
1210,30,10,74.68054389429989,-11.605766937679164,523.577
1211,30,11,65.66984415251724,-11.60577035277375,523.172
1212,30,12,56.66248778833332,-11.60577206032104,522.277
1213,30,13,47.65857725458568,-11.605772914094688,521.092
1214,30,14,38.658184268260584,-11.605773767868333,519.849
1215,30,15,29.66129516897971,-11.60577462164198,518.786
1216,30,16,20.667904834101172,-11.60577462164198,518.123
1217,30,17,11.677954353243383,-11.605775475415626,518.034
1218,30,18,2.6912992252167127,-11.605775475415626,518.63
1219,30,19,-6.2922315181515,-11.605776329189272,519.948
1220,30,20,-15.272892087964424,-11.605776329189272,521.941
1221,30,21,-24.251003289669644,-11.60577718296292,524.484
1222,30,22,-33.22701250065779,-11.60577718296292,527.384
1223,30,23,-42.201416617190986,-11.605778036736565,530.396
1224,30,24,-51.17479962044326,-11.605778890510212,533.247
1225,30,25,-60.14781379348036,-11.605779744283858,535.661
1226,30,26,-69.1212070420164,-11.605782305604796,537.386
1227,30,27,-78.09567263025211,-11.605787428246673,538.219
1228,30,28,-87.07201652050959,-11.60582499428711,538.027
1229,30,29,-83.94904912630466,168.39424319391904,536.759
1230,30,30,-74.96685859411765,168.3942295335407,534.458
1231,30,31,-65.9808294956171,168.3942295335407,531.255
1232,30,32,-56.99050762322319,168.3942295335407,527.358
1233,30,33,-47.99555488257201,168.3942295335407,523.037
1234,30,34,-38.99583466988017,168.3942295335407,518.601
1235,30,35,-29.99129234363429,168.3942295335407,514.366
1236,30,36,-20.98211573403656,168.3942295335407,510.631
1237,30,37,-11.968622444883383,168.3942295335407,507.651
1238,30,38,-2.9512735139437347,168.3942295335407,505.614
1239,30,39,6.069359457326221,168.3942295335407,504.625
1240,31,0,19.604989087916493,177.39423319908312,505.11
1241,31,1,28.630817698710715,177.39423319908312,506.606
1242,31,2,37.657438611448654,177.39421953870476,508.824
1243,31,3,46.68413465626747,177.39421953870476,511.518
1244,31,4,55.710222814250145,177.39421953870476,514.412
1245,31,5,64.73509861365515,177.39421953870476,517.229
1246,31,6,73.75822246953804,177.39421953870476,519.716
1247,31,7,82.77912651394068,177.39420587832643,521.673
1248,31,8,88.2025494319301,-2.6056921954807115,522.967
1249,31,9,79.18710953886347,-2.6057590032685307,523.548
1250,31,10,70.17478421205837,-2.6057651931274664,523.446
1251,31,11,61.16573737605487,-2.6057675410049934,522.774
1252,31,12,52.16010221954179,-2.6057688216654626,521.707
1253,31,13,43.15794704441083,-2.605769675439109,520.463
1254,31,14,34.15929917141868,-2.6057703157693437,519.281
1255,31,15,25.164165430754498,-2.6057709560995783,518.393
1256,31,16,16.17249971864139,-2.6057713829864015,517.998
1257,31,17,7.1842234879039,-2.6057718098732248,518.242
1258,31,18,-1.8008425539236843,-2.6057722367600475,519.2
1259,31,19,-10.78290160496917,-2.6057726636468708,520.866
1260,31,20,-19.762233702988528,-2.605773090533694,523.154
1261,31,21,-28.739243536690083,-2.605773517420517,525.904
1262,31,22,-37.714381898559054,-2.6057739443073404,528.893
1263,31,23,-46.68819520372904,-2.6057747980809864,531.859
1264,31,24,-55.66130158431993,-2.6057758652980443,534.525
1265,31,25,-64.63442845547833,-2.6057773594019253,536.624
1266,31,26,-73.60823834555373,-2.605780561053099,537.924
1267,31,27,-82.58356453762488,-2.605791446667088,538.256
1268,31,28,-88.43888080740172,177.39431516135315,537.527
1269,31,29,-79.45839782250721,177.39424685946145,535.732
1270,31,30,-70.47435630905512,177.39423319908312,532.958
1271,31,31,-61.486230342479374,177.39423319908312,529.377
1272,31,32,-52.493623771808096,177.39423319908312,525.232
1273,31,33,-43.496283880042,177.39423319908312,520.814
1274,31,34,-34.49415602566773,177.39423319908312,516.439
1275,31,35,-25.48726582189466,177.39423319908312,512.418
1276,31,36,-16.475883061195017,177.39423319908312,509.033
1277,31,37,-7.460397064351487,177.39423319908312,506.506
1278,31,38,1.55867243392877,177.39423319908312,504.985
1279,31,39,10.580702392327405,177.39423319908312,504.531
1280,32,0,15.092602414632768,-173.60577315328715,504.697
1281,32,1,24.11775825179374,-173.60577315328715,505.754
1282,32,2,33.14407692866091,-173.60577315328715,507.639
1283,32,3,42.170820784803915,-173.60577315328715,510.128
1284,32,4,51.1972948484747,-173.60577315328715,512.958
1285,32,5,60.22285025170212,-173.60577315328715,515.847
1286,32,6,69.2469098435013,-173.60577315328715,518.528
1287,32,7,78.26897502006285,-173.6057868136655,520.771
1288,32,8,87.28863597003655,-173.60582779480052,522.408
1289,32,9,83.69445382499244,6.39425405378398,523.347
1290,32,10,74.68054389429989,6.394240820292462,523.577
1291,32,11,65.66984415251724,6.394236978311055,523.172
1292,32,12,56.66248778833332,6.394235270763762,522.277
1293,32,13,47.65857725458568,6.394234416990116,521.092
1294,32,14,38.658184268260584,6.39423356321647,519.849
1295,32,15,29.66129516897971,6.394233136329646,518.786
1296,32,16,20.667904834101172,6.394232709442823,518.123
1297,32,17,11.677954353243383,6.3942322825560005,518.034
1298,32,18,2.6912992252167127,6.394231855669177,518.63
1299,32,19,-6.2922315181515,6.394231428782354,519.948
1300,32,20,-15.272892087964424,6.394231001895531,521.941
1301,32,21,-24.251003289669644,6.394230575008708,524.484
1302,32,22,-33.22701250065779,6.394229721235061,527.384
1303,32,23,-42.201416617190986,6.394229294348238,530.396
1304,32,24,-51.17479962044326,6.394228440574592,533.247
1305,32,25,-60.14781379348036,6.394227159914123,535.661
1306,32,26,-69.1212070420164,6.394225025480007,537.386
1307,32,27,-78.09567263025211,6.3942194759513065,538.219
1308,32,28,-87.07201652050959,6.394182763684517,538.027
1309,32,29,-83.94904912630466,-173.6057458325305,536.759
1310,32,30,-74.96685859411765,-173.60575949290882,534.458
1311,32,31,-65.9808294956171,-173.60575949290882,531.255
1312,32,32,-56.99050762322319,-173.60575949290882,527.358
1313,32,33,-47.99555488257201,-173.60575949290882,523.037
1314,32,34,-38.99583466988017,-173.60577315328715,518.601
1315,32,35,-29.99129234363429,-173.60577315328715,514.366
1316,32,36,-20.98211573403656,-173.60577315328715,510.631
1317,32,37,-11.968622444883383,-173.60577315328715,507.651
1318,32,38,-2.9512735139437347,-173.60577315328715,505.614
1319,32,39,6.069359457326221,-173.60577315328715,504.625
1320,33,0,19.604989087916493,-164.60576948774477,505.11
1321,33,1,28.630817698710715,-164.60576948774477,506.606
1322,33,2,37.657438611448654,-164.60576948774477,508.824
1323,33,3,46.68413465626747,-164.60576948774477,511.518
1324,33,4,55.710222814250145,-164.60576948774477,514.412
1325,33,5,64.73509861365515,-164.60576948774477,517.229
1326,33,6,73.75822246953804,-164.60576948774477,519.716
1327,33,7,82.77912651394068,-164.6057831481231,521.673
1328,33,8,88.2025494319301,15.394315775934327,522.967
1329,33,9,79.18710953886347,15.394249181589919,523.548
1330,33,10,70.17478421205837,15.394242351400749,523.446
1331,33,11,61.16573737605487,15.394238936306163,522.774
1332,33,12,52.16010221954179,15.394238936306163,521.707
1333,33,13,43.15794704441083,15.394237228758872,520.463
1334,33,14,34.15929917141868,15.394237228758872,519.281
1335,33,15,25.164165430754498,15.394237228758872,518.393
1336,33,16,16.17249971864139,15.394235521211579,517.998
1337,33,17,7.1842234879039,15.394235521211579,518.242
1338,33,18,-1.8008425539236843,15.394235521211579,519.2
1339,33,19,-10.78290160496917,15.394235521211579,520.866
1340,33,20,-19.762233702988528,15.394233813664286,523.154
1341,33,21,-28.739243536690083,15.394233813664286,525.904
1342,33,22,-37.714381898559054,15.394233813664286,528.893
1343,33,23,-46.68819520372904,15.394232106116993,531.859
1344,33,24,-55.66130158431993,15.394232106116993,534.525
1345,33,25,-64.63442845547833,15.394230398569702,536.624
1346,33,26,-73.60823834555373,15.394226983475116,537.924
1347,33,27,-82.58356453762488,15.39421673819136,538.256
1348,33,28,-88.43888080740172,-164.60567386509638,537.527
1349,33,29,-79.45839782250721,-164.6057558273664,535.732
1350,33,30,-70.47435630905512,-164.6057558273664,532.958
1351,33,31,-61.486230342479374,-164.6057558273664,529.377
1352,33,32,-52.493623771808096,-164.6057558273664,525.232
1353,33,33,-43.496283880042,-164.6057558273664,520.814
1354,33,34,-34.49415602566773,-164.60576948774477,516.439
1355,33,35,-25.48726582189466,-164.60576948774477,512.418
1356,33,36,-16.475883061195017,-164.60576948774477,509.033
1357,33,37,-7.460397064351487,-164.60576948774477,506.506
1358,33,38,1.55867243392877,-164.60576948774477,504.985
1359,33,39,10.580702392327405,-164.60576948774477,504.531
1360,34,0,15.092602414632768,-155.60579314295904,504.697
1361,34,1,24.11775825179374,-155.60579314295904,505.754
1362,34,2,33.14407692866091,-155.60579314295904,507.639
1363,34,3,42.170820784803915,-155.60579314295904,510.128
1364,34,4,51.1972948484747,-155.60579314295904,512.958
1365,34,5,60.22285025170212,-155.60579314295904,515.847
1366,34,6,69.2469098435013,-155.60579314295904,518.528
1367,34,7,78.26897502006285,-155.60580680333737,520.771
1368,34,8,87.28863597003655,-155.6058477844724,522.408
1369,34,9,83.69445382499244,24.3942340641121,523.347
1370,34,10,74.68054389429989,24.39422040373376,523.577
1371,34,11,65.66984415251724,24.39421698863918,523.172
1372,34,12,56.66248778833332,24.394215281091885,522.277
1373,34,13,47.65857725458568,24.394213573544594,521.092
1374,34,14,38.658184268260584,24.394213573544594,519.849
1375,34,15,29.66129516897971,24.394213573544594,518.786
1376,34,16,20.667904834101172,24.3942118659973,518.123
1377,34,17,11.677954353243383,24.3942118659973,518.034
1378,34,18,2.6912992252167127,24.3942118659973,518.63
1379,34,19,-6.2922315181515,24.3942118659973,519.948
1380,34,20,-15.272892087964424,24.394210158450008,521.941
1381,34,21,-24.251003289669644,24.394210158450008,524.484
1382,34,22,-33.22701250065779,24.394210158450008,527.384
1383,34,23,-42.201416617190986,24.394208450902717,530.396
1384,34,24,-51.17479962044326,24.394208450902717,533.247
1385,34,25,-60.14781379348036,24.394206743355422,535.661
1386,34,26,-69.1212070420164,24.39420503580813,537.386
1387,34,27,-78.09567263025211,24.394199913166254,538.219
1388,34,28,-87.07201652050959,24.394162347125818,538.027
1389,34,29,-83.94904912630466,-155.60576582220236,536.759
1390,34,30,-74.96685859411765,-155.6057794825807,534.458
1391,34,31,-65.9808294956171,-155.6057794825807,531.255
1392,34,32,-56.99050762322319,-155.6057794825807,527.358
1393,34,33,-47.99555488257201,-155.6057794825807,523.037
1394,34,34,-38.99583466988017,-155.60579314295904,518.601
1395,34,35,-29.99129234363429,-155.60579314295904,514.366
1396,34,36,-20.98211573403656,-155.60579314295904,510.631
1397,34,37,-11.968622444883383,-155.60579314295904,507.651
1398,34,38,-2.9512735139437347,-155.60579314295904,505.614
1399,34,39,6.069359457326221,-155.60579314295904,504.625
1400,35,0,19.604989087916493,-146.60578947741664,505.11
1401,35,1,28.630817698710715,-146.60578947741664,506.606
1402,35,2,37.657438611448654,-146.60578947741664,508.824
1403,35,3,46.68413465626747,-146.60578947741664,511.518
1404,35,4,55.710222814250145,-146.60578947741664,514.412
1405,35,5,64.73509861365515,-146.60578947741664,517.229
1406,35,6,73.75822246953804,-146.60578947741664,519.716
1407,35,7,82.77912651394068,-146.60580313779496,521.673
1408,35,8,88.2025494319301,33.394294078715156,522.967
1409,35,9,79.18710953886347,33.39422919191804,523.548
1410,35,10,70.17478421205837,33.39422236172887,523.446
1411,35,11,61.16573737605487,33.39421894663429,522.774
1412,35,12,52.16010221954179,33.39421894663429,521.707
1413,35,13,43.15794704441083,33.39421894663429,520.463
1414,35,14,34.15929917141868,33.3942155315397,519.281
1415,35,15,25.164165430754498,33.3942155315397,518.393
1416,35,16,16.17249971864139,33.3942155315397,517.998
1417,35,17,7.1842234879039,33.3942155315397,518.242
1418,35,18,-1.8008425539236843,33.3942155315397,519.2
1419,35,19,-10.78290160496917,33.3942155315397,520.866
1420,35,20,-19.762233702988528,33.3942155315397,523.154
1421,35,21,-28.739243536690083,33.3942155315397,525.904
1422,35,22,-37.714381898559054,33.39421211644512,528.893
1423,35,23,-46.68819520372904,33.39421211644512,531.859
1424,35,24,-55.66130158431993,33.39421211644512,534.525
1425,35,25,-64.63442845547833,33.39420870135053,536.624
1426,35,26,-73.60823834555373,33.394205286255946,537.924
1427,35,27,-82.58356453762488,33.39419504097219,538.256
1428,35,28,-88.43888080740172,-146.60569385476825,537.527
1429,35,29,-79.45839782250721,-146.60577581703828,535.732
1430,35,30,-70.47435630905512,-146.60577581703828,532.958
1431,35,31,-61.486230342479374,-146.60577581703828,529.377
1432,35,32,-52.493623771808096,-146.60577581703828,525.232
1433,35,33,-43.496283880042,-146.60577581703828,520.814
1434,35,34,-34.49415602566773,-146.60578947741664,516.439
1435,35,35,-25.48726582189466,-146.60578947741664,512.418
1436,35,36,-16.475883061195017,-146.60578947741664,509.033
1437,35,37,-7.460397064351487,-146.60578947741664,506.506
1438,35,38,1.55867243392877,-146.60578947741664,504.985
1439,35,39,10.580702392327405,-146.60578947741664,504.531
1440,36,0,15.092602414632768,-137.60578581187423,504.697
1441,36,1,24.11775825179374,-137.60578581187423,505.754
1442,36,2,33.14407692866091,-137.60578581187423,507.639
1443,36,3,42.170820784803915,-137.60578581187423,510.128
1444,36,4,51.1972948484747,-137.60578581187423,512.958
1445,36,5,60.22285025170212,-137.60578581187423,515.847
1446,36,6,69.2469098435013,-137.60578581187423,518.528
1447,36,7,78.26897502006285,-137.60579947225256,520.771
1448,36,8,87.28863597003655,-137.6058404533876,522.408
1449,36,9,83.69445382499244,42.3942431027442,523.347
1450,36,10,74.68054389429989,42.39422944236586,523.577
1451,36,11,65.66984415251724,42.39422602727127,523.172
1452,36,12,56.66248778833332,42.39422261217669,522.277
1453,36,13,47.65857725458568,42.39422261217669,521.092
1454,36,14,38.658184268260584,42.39422261217669,519.849
1455,36,15,29.66129516897971,42.3942191970821,518.786
1456,36,16,20.667904834101172,42.3942191970821,518.123
1457,36,17,11.677954353243383,42.3942191970821,518.034
1458,36,18,2.6912992252167127,42.3942191970821,518.63
1459,36,19,-6.2922315181515,42.3942191970821,519.948
1460,36,20,-15.272892087964424,42.3942191970821,521.941
1461,36,21,-24.251003289669644,42.3942191970821,524.484
1462,36,22,-33.22701250065779,42.39421578198752,527.384
1463,36,23,-42.201416617190986,42.39421578198752,530.396
1464,36,24,-51.17479962044326,42.39421578198752,533.247
1465,36,25,-60.14781379348036,42.39421578198752,535.661
1466,36,26,-69.1212070420164,42.39421236689294,537.386
1467,36,27,-78.09567263025211,42.394205536703765,538.219
1468,36,28,-87.07201652050959,42.394171385757915,538.027
1469,36,29,-83.94904912630466,-137.60575849111754,536.759
1470,36,30,-74.96685859411765,-137.6057721514959,534.458
1471,36,31,-65.9808294956171,-137.6057721514959,531.255
1472,36,32,-56.99050762322319,-137.6057721514959,527.358
1473,36,33,-47.99555488257201,-137.6057721514959,523.037
1474,36,34,-38.99583466988017,-137.60578581187423,518.601
1475,36,35,-29.99129234363429,-137.60578581187423,514.366
1476,36,36,-20.98211573403656,-137.60578581187423,510.631
1477,36,37,-11.968622444883383,-137.60578581187423,507.651
1478,36,38,-2.9512735139437347,-137.60578581187423,505.614
1479,36,39,6.069359457326221,-137.60578581187423,504.625
1480,37,0,19.604989087916493,-128.60578214633182,505.11
1481,37,1,28.630817698710715,-128.60578214633182,506.606
1482,37,2,37.657438611448654,-128.60578214633182,508.824
1483,37,3,46.68413465626747,-128.60578214633182,511.518
1484,37,4,55.710222814250145,-128.60578214633182,514.412
1485,37,5,64.73509861365515,-128.60578214633182,517.229
1486,37,6,73.75822246953804,-128.60578214633182,519.716
1487,37,7,82.77912651394068,-128.60579580671018,521.673
1488,37,8,88.2025494319301,51.39430140979996,522.967
1489,37,9,79.18710953886347,51.394236523002846,523.548
1490,37,10,70.17478421205837,51.394229692813674,523.446
1491,37,11,61.16573737605487,51.39422627771909,522.774
1492,37,12,52.16010221954179,51.39422627771909,521.707
1493,37,13,43.15794704441083,51.39422627771909,520.463
1494,37,14,34.15929917141868,51.3942228626245,519.281
1495,37,15,25.164165430754498,51.3942228626245,518.393
1496,37,16,16.17249971864139,51.3942228626245,517.998
1497,37,17,7.1842234879039,51.3942228626245,518.242
1498,37,18,-1.8008425539236843,51.3942228626245,519.2
1499,37,19,-10.78290160496917,51.3942228626245,520.866
1500,37,20,-19.762233702988528,51.3942228626245,523.154
1501,37,21,-28.739243536690083,51.3942228626245,525.904
1502,37,22,-37.714381898559054,51.39421944752992,528.893
1503,37,23,-46.68819520372904,51.39421944752992,531.859
1504,37,24,-55.66130158431993,51.39421944752992,534.525
1505,37,25,-64.63442845547833,51.39421603243534,536.624
1506,37,26,-73.60823834555373,51.39421261734075,537.924
1507,37,27,-82.58356453762488,51.394202372056995,538.256
1508,37,28,-88.43888080740172,-128.60568652368346,537.527
1509,37,29,-79.45839782250721,-128.6057684859535,535.732
1510,37,30,-70.47435630905512,-128.6057684859535,532.958
1511,37,31,-61.486230342479374,-128.6057684859535,529.377
1512,37,32,-52.493623771808096,-128.6057684859535,525.232
1513,37,33,-43.496283880042,-128.6057684859535,520.814
1514,37,34,-34.49415602566773,-128.60578214633182,516.439
1515,37,35,-25.48726582189466,-128.60578214633182,512.418
1516,37,36,-16.475883061195017,-128.60578214633182,509.033
1517,37,37,-7.460397064351487,-128.60578214633182,506.506
1518,37,38,1.55867243392877,-128.60578214633182,504.985
1519,37,39,10.580702392327405,-128.60578214633182,504.531
1520,38,0,15.092602414632768,-119.60577848078943,504.697
1521,38,1,24.11775825179374,-119.60577848078943,505.754
1522,38,2,33.14407692866091,-119.60577848078943,507.639
1523,38,3,42.170820784803915,-119.60577848078943,510.128
1524,38,4,51.1972948484747,-119.60577848078943,512.958
1525,38,5,60.22285025170212,-119.60577848078943,515.847
1526,38,6,69.2469098435013,-119.60577848078943,518.528
1527,38,7,78.26897502006285,-119.60579214116777,520.771
1528,38,8,87.28863597003655,-119.60583312230278,522.408
1529,38,9,83.69445382499244,60.39424701873442,523.347
1530,38,10,74.68054389429989,60.394233358356075,523.577
1531,38,11,65.66984415251724,60.394233358356075,523.172
1532,38,12,56.66248778833332,60.394233358356075,522.277
1533,38,13,47.65857725458568,60.394226528166904,521.092
1534,38,14,38.658184268260584,60.394226528166904,519.849
1535,38,15,29.66129516897971,60.394226528166904,518.786
1536,38,16,20.667904834101172,60.394226528166904,518.123
1537,38,17,11.677954353243383,60.394226528166904,518.034
1538,38,18,2.6912992252167127,60.394226528166904,518.63
1539,38,19,-6.2922315181515,60.394226528166904,519.948
1540,38,20,-15.272892087964424,60.394226528166904,521.941
1541,38,21,-24.251003289669644,60.394226528166904,524.484
1542,38,22,-33.22701250065779,60.394226528166904,527.384
1543,38,23,-42.201416617190986,60.394226528166904,530.396
1544,38,24,-51.17479962044326,60.394226528166904,533.247
1545,38,25,-60.14781379348036,60.39421969797774,535.661
1546,38,26,-69.1212070420164,60.39421969797774,537.386
1547,38,27,-78.09567263025211,60.39421286778857,538.219
1548,38,28,-87.07201652050959,60.39417871684272,538.027
1549,38,29,-83.94904912630466,-119.60575116003275,536.759
1550,38,30,-74.96685859411765,-119.60576482041108,534.458
1551,38,31,-65.9808294956171,-119.60576482041108,531.255
1552,38,32,-56.99050762322319,-119.60576482041108,527.358
1553,38,33,-47.99555488257201,-119.60576482041108,523.037
1554,38,34,-38.99583466988017,-119.60577848078943,518.601
1555,38,35,-29.99129234363429,-119.60577848078943,514.366
1556,38,36,-20.98211573403656,-119.60577848078943,510.631
1557,38,37,-11.968622444883383,-119.60577848078943,507.651
1558,38,38,-2.9512735139437347,-119.60577848078943,505.614
1559,38,39,6.069359457326221,-119.60577848078943,504.625
1560,39,0,19.604989087916493,-110.60576798505785,505.11
1561,39,1,28.630817698710715,-110.60577481524703,506.606
1562,39,2,37.657438611448654,-110.60577481524703,508.824
1563,39,3,46.68413465626747,-110.60577481524703,511.518
1564,39,4,55.710222814250145,-110.60577481524703,514.412
1565,39,5,64.73509861365515,-110.60577481524703,517.229
1566,39,6,73.75822246953804,-110.6057816454362,519.716
1567,39,7,82.77912651394068,-110.60578847562536,521.673
1568,39,8,88.2025494319301,69.39431215597935,522.967
1569,39,9,79.18710953886347,69.39424385408765,523.548
1570,39,10,70.17478421205837,69.39423702389848,523.446
1571,39,11,61.16573737605487,69.39423702389848,522.774
1572,39,12,52.16010221954179,69.3942301937093,521.707
1573,39,13,43.15794704441083,69.3942301937093,520.463
1574,39,14,34.15929917141868,69.3942301937093,519.281
1575,39,15,25.164165430754498,69.3942301937093,518.393
1576,39,16,16.17249971864139,69.3942301937093,517.998
1577,39,17,7.1842234879039,69.3942301937093,518.242
1578,39,18,-1.8008425539236843,69.3942301937093,519.2
1579,39,19,-10.78290160496917,69.3942301937093,520.866
1580,39,20,-19.762233702988528,69.3942301937093,523.154
1581,39,21,-28.739243536690083,69.3942301937093,525.904
1582,39,22,-37.714381898559054,69.3942301937093,528.893
1583,39,23,-46.68819520372904,69.3942301937093,531.859
1584,39,24,-55.66130158431993,69.39422336352014,534.525
1585,39,25,-64.63442845547833,69.39422336352014,536.624
1586,39,26,-73.60823834555373,69.39422336352014,537.924
1587,39,27,-82.58356453762488,69.3942097031418,538.256
1588,39,28,-88.43888080740172,-110.60567919259864,537.527
1589,39,29,-79.45839782250721,-110.60575432467951,535.732
1590,39,30,-70.47435630905512,-110.60576115486869,532.958
1591,39,31,-61.486230342479374,-110.60576798505785,529.377
1592,39,32,-52.493623771808096,-110.60576798505785,525.232
1593,39,33,-43.496283880042,-110.60576798505785,520.814
1594,39,34,-34.49415602566773,-110.60576798505785,516.439
1595,39,35,-25.48726582189466,-110.60576798505785,512.418
1596,39,36,-16.475883061195017,-110.60576798505785,509.033
1597,39,37,-7.460397064351487,-110.60576798505785,506.506
1598,39,38,1.55867243392877,-110.60576798505785,504.985
1599,39,39,10.580702392327405,-110.60576798505785,504.531
