0,0,0,11.287662829916867,-101.35508954678681,504.54
1,0,1,20.312104912309575,-101.35508954678681,505.196
2,0,2,29.338022315563006,-101.35509637697598,506.756
3,0,3,38.3646773792468,-101.35509637697598,509.021
4,0,4,47.391349518403516,-101.35509637697598,511.741
5,0,5,56.41736595939991,-101.35509637697598,514.639
6,0,6,65.44211881539985,-101.35509637697598,517.438
7,0,7,74.46507874674266,-101.35510320716516,519.891
8,0,8,83.48580520622689,-101.3551168675435,521.8
9,0,9,87.49608930569734,78.64496327349372,523.038
10,0,10,78.48088163906249,78.64492229235869,523.563
11,0,11,69.46880902925668,78.64491546216952,523.412
12,0,12,60.46002857063081,78.64491546216952,522.702
13,0,13,51.454652961306195,78.64490863198034,521.612
14,0,14,42.45277782393121,78.64490863198034,520.364
15,0,15,33.45440657360044,78.64490863198034,519.197
16,0,16,24.459544332955765,78.64490863198034,518.341
17,0,17,15.468162073693211,78.64490863198034,517.993
18,0,18,6.480129595331727,78.64490863198034,518.291
19,0,19,-2.5046918403462057,78.64490863198034,519.305
20,0,20,-11.486526348922727,78.64490863198034,521.024
21,0,21,-20.465661225229802,78.64490863198034,523.356
22,0,22,-29.44250371929669,78.64490863198034,526.133
23,0,23,-38.4175191377606,78.64490863198034,529.13
24,0,24,-47.391253895755135,78.64490863198034,532.083
25,0,25,-56.36433295558935,78.64490180179118,534.714
26,0,26,-65.33748714750442,78.64490180179118,536.758
27,0,27,-74.31139266022821,78.64490180179118,537.987
28,0,28,-83.28686228627193,78.64488814141284,538.238
29,0,29,-87.73537815307957,-101.35502807508429,537.424
30,0,30,-78.75464245118577,-101.35508271659765,535.548
31,0,31,-69.77030040941021,-101.35508271659765,532.704
32,0,32,-60.78183293337596,-101.35508954678681,529.07
33,0,33,-51.788860947584084,-101.35508954678681,524.892
34,0,34,-42.791176131264905,-101.35508954678681,520.465
35,0,35,-33.7886452957296,-101.35508954678681,516.107
36,0,36,-24.78139309193052,-101.35508954678681,512.127
37,0,37,-15.769672236866962,-101.35508954678681,508.802
38,0,38,-6.753885284813131,-101.35508954678681,506.349
39,0,39,2.2654394917873564,-101.35508954678681,504.911
40,1,0,15.799653352228733,-92.35509271143358,504.745
41,1,1,24.824925302605596,-92.35509271143358,505.874
42,1,2,33.85130203608071,-92.35509271143358,507.815
43,1,3,42.87805272241288,-92.35509271143358,510.341
44,1,4,51.904475559664895,-92.35509271143358,513.185
45,1,5,60.92993192514935,-92.35509954162275,516.068
46,1,6,69.95386174335431,-92.35509954162275,518.722
47,1,7,78.97574933499743,-92.35510637181193,520.923
48,1,8,87.99519854910686,-92.35516101332529,522.508
49,1,9,82.98810981197556,87.6449259579011,523.389
50,1,10,73.97444576809313,87.64491912771192,523.566
51,1,11,64.96399874330979,87.64491229752275,523.117
52,1,12,55.956915586692666,87.64491229752275,522.191
53,1,13,46.95328509070099,87.64491229752275,520.993
54,1,14,37.953151651564355,87.64491229752275,519.756
55,1,15,28.95653917494487,87.64491229752275,518.717
56,1,16,19.963418632538545,87.64491229752275,518.093
57,1,17,10.973732821511096,87.64490546733359,518.055
58,1,18,1.9873297701534813,87.64490546733359,518.707
59,1,19,-6.995965545131777,87.64490546733359,520.081
60,1,20,-15.976399864928446,87.64490546733359,522.122
61,1,21,-24.954343726999,87.64490546733359,524.701
62,1,22,-33.930207796467286,87.64490546733359,527.619
63,1,23,-42.90450604506834,87.64490546733359,530.629
64,1,24,-51.877824161523506,87.64490546733359,533.456
65,1,25,-60.85086565531728,87.64490546733359,535.824
66,1,26,-69.82427939442083,87.64489863714441,537.486
67,1,27,-78.79888841662911,87.64489863714441,538.243
68,1,28,-87.77540989180501,87.64484399563105,537.966
69,1,29,-83.24542352857746,-92.35507222086608,536.615
70,1,30,-74.26295295863447,-92.35508588124442,534.238
71,1,31,-65.2766096714321,-92.35508588124442,530.972
72,1,32,-56.285929214106766,-92.35508588124442,527.031
73,1,33,-47.290607643240406,-92.35508588124442,522.69
74,1,34,-38.290511770144214,-92.35509271143358,518.258
75,1,35,-29.285597198588572,-92.35509271143358,514.052
76,1,36,-20.276068834248587,-92.35509271143358,510.367
77,1,37,-11.262256233751712,-92.35509271143358,507.456
78,1,38,-2.244628118829739,-92.35509271143358,505.498
79,1,39,6.776234944437881,-92.35509271143358,504.592
80,2,0,11.287662829916867,-83.35508904589118,504.54
81,2,1,20.312104912309575,-83.35508904589118,505.196
82,2,2,29.338022315563006,-83.35509587608036,506.756
83,2,3,38.3646773792468,-83.35509587608036,509.021
84,2,4,47.391349518403516,-83.35509587608036,511.741
85,2,5,56.41736595939991,-83.35509587608036,514.639
86,2,6,65.44211881539985,-83.35509587608036,517.438
87,2,7,74.46507874674266,-83.35510270626952,519.891
88,2,8,83.48580520622689,-83.35511636664786,521.8
89,2,9,87.49608930569734,96.64496377438934,523.038
90,2,10,78.48088163906249,96.64492279325432,523.563
91,2,11,69.46880902925668,96.64491596306515,523.412
92,2,12,60.46002857063081,96.64491596306515,522.702
93,2,13,51.454652961306195,96.64490913287598,521.612
94,2,14,42.45277782393121,96.64490913287598,520.364
95,2,15,33.45440657360044,96.64490913287598,519.197
96,2,16,24.459544332955765,96.64490913287598,518.341
97,2,17,15.468162073693211,96.64490913287598,517.993
98,2,18,6.480129595331727,96.64490913287598,518.291
99,2,19,-2.5046918403462057,96.64490913287598,519.305
100,2,20,-11.486526348922727,96.64490913287598,521.024
101,2,21,-20.465661225229802,96.64490913287598,523.356
102,2,22,-29.44250371929669,96.64490913287598,526.133
103,2,23,-38.4175191377606,96.64490913287598,529.13
104,2,24,-47.391253895755135,96.64490913287598,532.083
105,2,25,-56.36433295558935,96.64490230268682,534.714
106,2,26,-65.33748714750442,96.64490230268682,536.758
107,2,27,-74.31139266022821,96.64490230268682,537.987
108,2,28,-83.28686228627193,96.64488864230847,538.238
109,2,29,-87.73537815307957,-83.35502757418865,537.424
110,2,30,-78.75464245118577,-83.35508221570201,535.548
111,2,31,-69.77030040941021,-83.35508221570201,532.704
112,2,32,-60.78183293337596,-83.35508904589118,529.07
113,2,33,-51.788860947584084,-83.35508904589118,524.892
114,2,34,-42.791176131264905,-83.35508904589118,520.465
115,2,35,-33.7886452957296,-83.35508904589118,516.107
116,2,36,-24.78139309193052,-83.35508904589118,512.127
117,2,37,-15.769672236866962,-83.35508904589118,508.802
118,2,38,-6.753885284813131,-83.35508904589118,506.349
119,2,39,2.2654394917873564,-83.35508904589118,504.911
120,3,0,15.799653352228733,-74.35509221053795,504.745
121,3,1,24.824925302605596,-74.35509221053795,505.874
122,3,2,33.85130203608071,-74.35509221053795,507.815
123,3,3,42.87805272241288,-74.35509221053795,510.341
124,3,4,51.904475559664895,-74.35509221053795,513.185
125,3,5,60.92993192514935,-74.35509904072713,516.068
126,3,6,69.95386174335431,-74.35509904072713,518.722
127,3,7,78.97574933499743,-74.35510587091629,520.923
128,3,8,87.99519854910686,-74.35516051242965,522.508
129,3,9,82.98810981197556,105.64492645879672,523.389
130,3,10,73.97444576809313,105.64491962860755,523.566
131,3,11,64.96399874330979,105.64491279841839,523.117
132,3,12,55.956915586692666,105.64491279841839,522.191
133,3,13,46.95328509070099,105.64491279841839,520.993
134,3,14,37.953151651564355,105.64491279841839,519.756
135,3,15,28.95653917494487,105.64491279841839,518.717
136,3,16,19.963418632538545,105.64491279841839,518.093
137,3,17,10.973732821511096,105.64490596822921,518.055
138,3,18,1.9873297701534813,105.64490596822921,518.707
139,3,19,-6.995965545131777,105.64490596822921,520.081
140,3,20,-15.976399864928446,105.64490596822921,522.122
141,3,21,-24.954343726999,105.64490596822921,524.701
142,3,22,-33.930207796467286,105.64490596822921,527.619
143,3,23,-42.90450604506834,105.64490596822921,530.629
144,3,24,-51.877824161523506,105.64490596822921,533.456
145,3,25,-60.85086565531728,105.64490596822921,535.824
146,3,26,-69.82427939442083,105.64489913804005,537.486
147,3,27,-78.79888841662911,105.64489913804005,538.243
148,3,28,-87.77540989180501,105.64484449652669,537.966
149,3,29,-83.24542352857746,-74.35507171997044,536.615
150,3,30,-74.26295295863447,-74.35508538034878,534.238
151,3,31,-65.2766096714321,-74.35508538034878,530.972
152,3,32,-56.285929214106766,-74.35508538034878,527.031
153,3,33,-47.290607643240406,-74.35508538034878,522.69
154,3,34,-38.290511770144214,-74.35509221053795,518.258
155,3,35,-29.285597198588572,-74.35509221053795,514.052
156,3,36,-20.276068834248587,-74.35509221053795,510.367
157,3,37,-11.262256233751712,-74.35509221053795,507.456
158,3,38,-2.244628118829739,-74.35509221053795,505.498
159,3,39,6.776234944437881,-74.35509221053795,504.592
160,4,0,11.287662829916867,-65.35508854499555,504.54
161,4,1,20.312104912309575,-65.35508854499555,505.196
162,4,2,29.338022315563006,-65.35509537518472,506.756
163,4,3,38.3646773792468,-65.35509537518472,509.021
164,4,4,47.391349518403516,-65.35509537518472,511.741
165,4,5,56.41736595939991,-65.35509537518472,514.639
166,4,6,65.44211881539985,-65.35509537518472,517.438
167,4,7,74.46507874674266,-65.35510220537388,519.891
168,4,8,83.48580520622689,-65.35511586575223,521.8
169,4,9,87.49608930569734,114.64497110547414,523.038
170,4,10,78.48088163906249,114.64491646396078,523.563
171,4,11,69.46880902925668,114.64491646396078,523.412
172,4,12,60.46002857063081,114.64491646396078,522.702
173,4,13,51.454652961306195,114.64491646396078,521.612
174,4,14,42.45277782393121,114.64491646396078,520.364
175,4,15,33.45440657360044,114.64491646396078,519.197
176,4,16,24.459544332955765,114.64491646396078,518.341
177,4,17,15.468162073693211,114.64491646396078,517.993
178,4,18,6.480129595331727,114.64490280358244,518.291
179,4,19,-2.5046918403462057,114.64490280358244,519.305
180,4,20,-11.486526348922727,114.64490280358244,521.024
181,4,21,-20.465661225229802,114.64490280358244,523.356
182,4,22,-29.44250371929669,114.64490280358244,526.133
183,4,23,-38.4175191377606,114.64490280358244,529.13
184,4,24,-47.391253895755135,114.64490280358244,532.083
185,4,25,-56.36433295558935,114.64490280358244,534.714
186,4,26,-65.33748714750442,114.64490280358244,536.758
187,4,27,-74.31139266022821,114.64490280358244,537.987
188,4,28,-83.28686228627193,114.64488914320411,538.238
189,4,29,-87.73537815307957,-65.35502707329302,537.424
190,4,30,-78.75464245118577,-65.35508171480637,535.548
191,4,31,-69.77030040941021,-65.35508171480637,532.704
192,4,32,-60.78183293337596,-65.35508854499555,529.07
193,4,33,-51.788860947584084,-65.35508854499555,524.892
194,4,34,-42.791176131264905,-65.35508854499555,520.465
195,4,35,-33.7886452957296,-65.35508854499555,516.107
196,4,36,-24.78139309193052,-65.35508854499555,512.127
197,4,37,-15.769672236866962,-65.35508854499555,508.802
198,4,38,-6.753885284813131,-65.35508854499555,506.349
199,4,39,2.2654394917873564,-65.35508854499555,504.911
200,5,0,15.799653352228733,-56.355091709642316,504.745
201,5,1,24.824925302605596,-56.355091709642316,505.874
202,5,2,33.85130203608071,-56.355091709642316,507.815
203,5,3,42.87805272241288,-56.355091709642316,510.341
204,5,4,51.904475559664895,-56.3550951247369,513.185
205,5,5,60.92993192514935,-56.3550951247369,516.068
206,5,6,69.95386174335431,-56.35509853983149,518.722
207,5,7,78.97574933499743,-56.35510195492607,520.923
208,5,8,87.99519854910686,-56.3551634266286,522.508
209,5,9,82.98810981197556,123.64493378988152,523.389
210,5,10,73.97444576809313,123.64492012950319,523.566
211,5,11,64.96399874330979,123.64492012950319,523.117
212,5,12,55.956915586692666,123.64490646912485,522.191
213,5,13,46.95328509070099,123.64490646912485,520.993
214,5,14,37.953151651564355,123.64490646912485,519.756
215,5,15,28.95653917494487,123.64490646912485,518.717
216,5,16,19.963418632538545,123.64490646912485,518.093
217,5,17,10.973732821511096,123.64490646912485,518.055
218,5,18,1.9873297701534813,123.64490646912485,518.707
219,5,19,-6.995965545131777,123.64490646912485,520.081
220,5,20,-15.976399864928446,123.64490646912485,522.122
221,5,21,-24.954343726999,123.64490646912485,524.701
222,5,22,-33.930207796467286,123.64490646912485,527.619
223,5,23,-42.90450604506834,123.64490646912485,530.629
224,5,24,-51.877824161523506,123.64490646912485,533.456
225,5,25,-60.85086565531728,123.64490646912485,535.824
226,5,26,-69.82427939442083,123.64490646912485,537.486
227,5,27,-78.79888841662911,123.6448928087465,538.243
228,5,28,-87.77540989180501,123.64483816723315,537.966
229,5,29,-83.24542352857746,-56.35507121907481,536.615
230,5,30,-74.26295295863447,-56.35508146435856,534.238
231,5,31,-65.2766096714321,-56.355084879453145,530.972
232,5,32,-56.285929214106766,-56.355088294547734,527.031
233,5,33,-47.290607643240406,-56.355088294547734,522.69
234,5,34,-38.290511770144214,-56.355088294547734,518.258
235,5,35,-29.285597198588572,-56.355088294547734,514.052
236,5,36,-20.276068834248587,-56.355088294547734,510.367
237,5,37,-11.262256233751712,-56.355091709642316,507.456
238,5,38,-2.244628118829739,-56.355091709642316,505.498
239,5,39,6.776234944437881,-56.355091709642316,504.592
240,6,0,11.287662829916867,-47.3550914591945,504.54
241,6,1,20.312104912309575,-47.3550914591945,505.196
242,6,2,29.338022315563006,-47.3550914591945,506.756
243,6,3,38.3646773792468,-47.3550914591945,509.021
244,6,4,47.391349518403516,-47.35509487428909,511.741
245,6,5,56.41736595939991,-47.35509487428909,514.639
246,6,6,65.44211881539985,-47.35509487428909,517.438
247,6,7,74.46507874674266,-47.35509828938367,519.891
248,6,8,83.48580520622689,-47.35511194976201,521.8
249,6,9,87.49608930569734,132.64496477618061,523.038
250,6,10,78.48088163906249,132.6449237950456,523.563
251,6,11,69.46880902925668,132.64491013466724,523.412
252,6,12,60.46002857063081,132.64491013466724,522.702
253,6,13,51.454652961306195,132.64491013466724,521.612
254,6,14,42.45277782393121,132.64491013466724,520.364
255,6,15,33.45440657360044,132.64491013466724,519.197
256,6,16,24.459544332955765,132.64491013466724,518.341
257,6,17,15.468162073693211,132.64491013466724,517.993
258,6,18,6.480129595331727,132.64491013466724,518.291
259,6,19,-2.5046918403462057,132.64491013466724,519.305
260,6,20,-11.486526348922727,132.64491013466724,521.024
261,6,21,-20.465661225229802,132.64491013466724,523.356
262,6,22,-29.44250371929669,132.64491013466724,526.133
263,6,23,-38.4175191377606,132.64491013466724,529.13
264,6,24,-47.391253895755135,132.64491013466724,532.083
265,6,25,-56.36433295558935,132.64491013466724,534.714
266,6,26,-65.33748714750442,132.64491013466724,536.758
267,6,27,-74.31139266022821,132.6448964742889,537.987
268,6,28,-83.28686228627193,132.64488281391056,538.238
269,6,29,-87.73537815307957,-47.355026572397385,537.424
270,6,30,-78.75464245118577,-47.35507779881616,535.548
271,6,31,-69.77030040941021,-47.35508462900533,532.704
272,6,32,-60.78183293337596,-47.35508462900533,529.07
273,6,33,-51.788860947584084,-47.355088044099915,524.892
274,6,34,-42.791176131264905,-47.355088044099915,520.465
275,6,35,-33.7886452957296,-47.355088044099915,516.107
276,6,36,-24.78139309193052,-47.355088044099915,512.127
277,6,37,-15.769672236866962,-47.3550914591945,508.802
278,6,38,-6.753885284813131,-47.3550914591945,506.349
279,6,39,2.2654394917873564,-47.3550914591945,504.911
280,7,0,15.799653352228733,-38.35509462384127,504.745
281,7,1,24.824925302605596,-38.35509462384127,505.874
282,7,2,33.85130203608071,-38.35509462384127,507.815
283,7,3,42.87805272241288,-38.35509462384127,510.341
284,7,4,51.904475559664895,-38.35509803893585,513.185
285,7,5,60.92993192514935,-38.35509803893585,516.068
286,7,6,69.95386174335431,-38.35510145403044,518.722
287,7,7,78.97574933499743,-38.35510486912502,520.923
288,7,8,87.99519854910686,-38.35516634082755,522.508
289,7,9,82.98810981197556,141.64492746058798,523.389
290,7,10,73.97444576809313,141.64491380020965,523.566
291,7,11,64.96399874330979,141.64491380020965,523.117
292,7,12,55.956915586692666,141.64491380020965,522.191
293,7,13,46.95328509070099,141.64491380020965,520.993
294,7,14,37.953151651564355,141.64491380020965,519.756
295,7,15,28.95653917494487,141.64491380020965,518.717
296,7,16,19.963418632538545,141.64491380020965,518.093
297,7,17,10.973732821511096,141.64490013983132,518.055
298,7,18,1.9873297701534813,141.64490013983132,518.707
299,7,19,-6.995965545131777,141.64490013983132,520.081
300,7,20,-15.976399864928446,141.64490013983132,522.122
301,7,21,-24.954343726999,141.64490013983132,524.701
302,7,22,-33.930207796467286,141.64490013983132,527.619
303,7,23,-42.90450604506834,141.64490013983132,530.629
304,7,24,-51.877824161523506,141.64490013983132,533.456
305,7,25,-60.85086565531728,141.64490013983132,535.824
306,7,26,-69.82427939442083,141.64490013983132,537.486
307,7,27,-78.79888841662911,141.64490013983132,538.243
308,7,28,-87.77540989180501,141.64484549831795,537.966
309,7,29,-83.24542352857746,-38.35507413327376,536.615
310,7,30,-74.26295295863447,-38.355084378557514,534.238
311,7,31,-65.2766096714321,-38.355087793652096,530.972
312,7,32,-56.285929214106766,-38.355091208746686,527.031
313,7,33,-47.290607643240406,-38.355091208746686,522.69
314,7,34,-38.290511770144214,-38.355091208746686,518.258
315,7,35,-29.285597198588572,-38.355091208746686,514.052
316,7,36,-20.276068834248587,-38.355091208746686,510.367
317,7,37,-11.262256233751712,-38.35509462384127,507.456
318,7,38,-2.244628118829739,-38.35509462384127,505.498
319,7,39,6.776234944437881,-38.35509462384127,504.592
320,8,0,11.287662829916867,-29.355090958298867,504.54
321,8,1,20.312104912309575,-29.355090958298867,505.196
322,8,2,29.338022315563006,-29.355090958298867,506.756
323,8,3,38.3646773792468,-29.355090958298867,509.021
324,8,4,47.391349518403516,-29.355094373393452,511.741
325,8,5,56.41736595939991,-29.355094373393452,514.639
326,8,6,65.44211881539985,-29.355094373393452,517.438
327,8,7,74.46507874674266,-29.355097788488038,519.891
328,8,8,83.48580520622689,-29.355111448866378,521.8
329,8,9,87.49608930569734,150.6449721072654,523.038
330,8,10,78.48088163906249,150.64491746575206,523.563
331,8,11,69.46880902925668,150.64491746575206,523.412
332,8,12,60.46002857063081,150.64491746575206,522.702
333,8,13,51.454652961306195,150.64491746575206,521.612
334,8,14,42.45277782393121,150.64491746575206,520.364
335,8,15,33.45440657360044,150.64491746575206,519.197
336,8,16,24.459544332955765,150.64491746575206,518.341
337,8,17,15.468162073693211,150.64491746575206,517.993
338,8,18,6.480129595331727,150.6449038053737,518.291
339,8,19,-2.5046918403462057,150.6449038053737,519.305
340,8,20,-11.486526348922727,150.6449038053737,521.024
341,8,21,-20.465661225229802,150.6449038053737,523.356
342,8,22,-29.44250371929669,150.6449038053737,526.133
343,8,23,-38.4175191377606,150.6449038053737,529.13
344,8,24,-47.391253895755135,150.6449038053737,532.083
345,8,25,-56.36433295558935,150.6449038053737,534.714
346,8,26,-65.33748714750442,150.6449038053737,536.758
347,8,27,-74.31139266022821,150.6449038053737,537.987
348,8,28,-83.28686228627193,150.64489014499537,538.238
349,8,29,-87.73537815307957,-29.35502607150175,537.424
350,8,30,-78.75464245118577,-29.355077297920527,535.548
351,8,31,-69.77030040941021,-29.355084128109695,532.704
352,8,32,-60.78183293337596,-29.355084128109695,529.07
353,8,33,-51.788860947584084,-29.35508754320428,524.892
354,8,34,-42.791176131264905,-29.35508754320428,520.465
355,8,35,-33.7886452957296,-29.35508754320428,516.107
356,8,36,-24.78139309193052,-29.35508754320428,512.127
357,8,37,-15.769672236866962,-29.355090958298867,508.802
358,8,38,-6.753885284813131,-29.355090958298867,506.349
359,8,39,2.2654394917873564,-29.355090958298867,504.911
360,9,0,15.799653352228733,-20.355094122945633,504.745
361,9,1,24.824925302605596,-20.355094122945633,505.874
362,9,2,33.85130203608071,-20.355094122945633,507.815
363,9,3,42.87805272241288,-20.355095830492928,510.341
364,9,4,51.904475559664895,-20.355095830492928,513.185
365,9,5,60.92993192514935,-20.35509753804022,516.068
366,9,6,69.95386174335431,-20.355099245587514,518.722
367,9,7,78.97574933499743,-20.355106075776682,520.923
368,9,8,87.99519854910686,-20.355164132384626,522.508
369,9,9,82.98810981197556,159.64492113129447,523.389
370,9,10,73.97444576809313,159.64492113129447,523.566
371,9,11,64.96399874330979,159.6449074709161,523.117
372,9,12,55.956915586692666,159.6449074709161,522.191
373,9,13,46.95328509070099,159.6449074709161,520.993
374,9,14,37.953151651564355,159.6449074709161,519.756
375,9,15,28.95653917494487,159.6449074709161,518.717
376,9,16,19.963418632538545,159.6449074709161,518.093
377,9,17,10.973732821511096,159.6449074709161,518.055
378,9,18,1.9873297701534813,159.6449074709161,518.707
379,9,19,-6.995965545131777,159.6449074709161,520.081
380,9,20,-15.976399864928446,159.6449074709161,522.122
381,9,21,-24.954343726999,159.6449074709161,524.701
382,9,22,-33.930207796467286,159.6449074709161,527.619
383,9,23,-42.90450604506834,159.6449074709161,530.629
384,9,24,-51.877824161523506,159.6449074709161,533.456
385,9,25,-60.85086565531728,159.6449074709161,535.824
386,9,26,-69.82427939442083,159.64489381053778,537.486
387,9,27,-78.79888841662911,159.64489381053778,538.243
388,9,28,-87.77540989180501,159.6448391690244,537.966
389,9,29,-83.24542352857746,-20.35507192483083,536.615
390,9,30,-74.26295295863447,-20.35508387766188,534.238
391,9,31,-65.2766096714321,-20.355087292756465,530.972
392,9,32,-56.285929214106766,-20.355089000303757,527.031
393,9,33,-47.290607643240406,-20.35509070785105,522.69
394,9,34,-38.290511770144214,-20.35509070785105,518.258
395,9,35,-29.285597198588572,-20.355092415398342,514.052
396,9,36,-20.276068834248587,-20.355092415398342,510.367
397,9,37,-11.262256233751712,-20.355092415398342,507.456
398,9,38,-2.244628118829739,-20.355092415398342,505.498
399,9,39,6.776234944437881,-20.355094122945633,504.592
400,10,0,11.287662829916867,-11.355089603629587,504.54
401,10,1,20.312104912309575,-11.355090457403234,505.196
402,10,2,29.338022315563006,-11.355090457403234,506.756
403,10,3,38.3646773792468,-11.35509131117688,509.021
404,10,4,47.391349518403516,-11.355092164950525,511.741
405,10,5,56.41736595939991,-11.355093018724173,514.639
406,10,6,65.44211881539985,-11.355094726271465,517.438
407,10,7,74.46507874674266,-11.35509814136605,519.891
408,10,8,83.48580520622689,-11.355111801744389,521.8
409,10,9,87.49608930569734,168.64496577797186,523.038
410,10,10,78.48088163906249,168.64492479683685,523.563
411,10,11,69.46880902925668,168.64491113645852,523.412
412,10,12,60.46002857063081,168.64491113645852,522.702
413,10,13,51.454652961306195,168.64491113645852,521.612
414,10,14,42.45277782393121,168.64491113645852,520.364
415,10,15,33.45440657360044,168.64491113645852,519.197
416,10,16,24.459544332955765,168.64491113645852,518.341
417,10,17,15.468162073693211,168.64491113645852,517.993
418,10,18,6.480129595331727,168.64491113645852,518.291
419,10,19,-2.5046918403462057,168.64491113645852,519.305
420,10,20,-11.486526348922727,168.64491113645852,521.024
421,10,21,-20.465661225229802,168.64491113645852,523.356
422,10,22,-29.44250371929669,168.64491113645852,526.133
423,10,23,-38.4175191377606,168.64491113645852,529.13
424,10,24,-47.391253895755135,168.64491113645852,532.083
425,10,25,-56.36433295558935,168.64491113645852,534.714
426,10,26,-65.33748714750442,168.64491113645852,536.758
427,10,27,-74.31139266022821,168.6448974760802,537.987
428,10,28,-83.28686228627193,168.64488381570183,538.238
429,10,29,-87.73537815307957,-11.355026424379764,537.424
430,10,30,-78.75464245118577,-11.355076797024893,535.548
431,10,31,-69.77030040941021,-11.355082773440417,532.704
432,10,32,-60.78183293337596,-11.355085334761355,529.07
433,10,33,-51.788860947584084,-11.355086188535003,524.892
434,10,34,-42.791176131264905,-11.355087042308648,520.465
435,10,35,-33.7886452957296,-11.355087896082294,516.107
436,10,36,-24.78139309193052,-11.355087896082294,512.127
437,10,37,-15.769672236866962,-11.355088749855941,508.802
438,10,38,-6.753885284813131,-11.355088749855941,506.349
439,10,39,2.2654394917873564,-11.355089603629587,504.911
440,11,0,15.799653352228733,-2.35509340860659,504.745
441,11,1,24.824925302605596,-2.3550938354934132,505.874
442,11,2,33.85130203608071,-2.3550942623802364,507.815
443,11,3,42.87805272241288,-2.355094902710471,510.341
444,11,4,51.904475559664895,-2.355095756484117,513.185
445,11,5,60.92993192514935,-2.3550970371445867,516.068
446,11,6,69.95386174335431,-2.355099598465525,518.722
447,11,7,78.97574933499743,-2.355105574881049,520.923
448,11,8,87.99519854910686,-2.3551642718192287,522.508
449,11,9,82.98810981197556,177.64492846237926,523.389
450,11,10,73.97444576809313,177.64491480200093,523.566
451,11,11,64.96399874330979,177.64491480200093,523.117
452,11,12,55.956915586692666,177.64491480200093,522.191
453,11,13,46.95328509070099,177.64491480200093,520.993
454,11,14,37.953151651564355,177.64491480200093,519.756
455,11,15,28.95653917494487,177.64491480200093,518.717
456,11,16,19.963418632538545,177.64491480200093,518.093
457,11,17,10.973732821511096,177.64490114162257,518.055
458,11,18,1.9873297701534813,177.64490114162257,518.707
459,11,19,-6.995965545131777,177.64490114162257,520.081
460,11,20,-15.976399864928446,177.64490114162257,522.122
461,11,21,-24.954343726999,177.64490114162257,524.701
462,11,22,-33.930207796467286,177.64490114162257,527.619
463,11,23,-42.90450604506834,177.64490114162257,530.629
464,11,24,-51.877824161523506,177.64490114162257,533.456
465,11,25,-60.85086565531728,177.64490114162257,535.824
466,11,26,-69.82427939442083,177.64490114162257,537.486
467,11,27,-78.79888841662911,177.64490114162257,538.243
468,11,28,-87.77540989180501,177.64484650010922,537.966
469,11,29,-83.24542352857746,-2.355071423935199,536.615
470,11,30,-74.26295295863447,-2.35508380365307,534.238
471,11,31,-65.2766096714321,-2.355087218747655,530.972
472,11,32,-56.285929214106766,-2.3550889262949473,527.031
473,11,33,-47.290607643240406,-2.355089993512005,522.69
474,11,34,-38.290511770144214,-2.3550906338422397,518.258
475,11,35,-29.285597198588572,-2.3550912741724743,514.052
476,11,36,-20.276068834248587,-2.3550917010592975,510.367
477,11,37,-11.262256233751712,-2.3550921279461208,507.456
478,11,38,-2.244628118829739,-2.355092554832944,505.498
479,11,39,6.776234944437881,-2.3550929817197668,504.592
480,12,0,11.287662829916867,6.644910470379223,504.54
481,12,1,20.312104912309575,6.6449100434924,505.196
482,12,2,29.338022315563006,6.6449096166055766,506.756
483,12,3,38.3646773792468,6.644909189718754,509.021
484,12,4,47.391349518403516,6.644908335945107,511.741
485,12,5,56.41736595939991,6.644907055284638,514.639
486,12,6,65.44211881539985,6.644905347737346,517.438
487,12,7,74.46507874674266,6.64490193264276,519.891
488,12,8,83.48580520622689,6.644889126038067,521.8
489,12,9,87.49608930569734,-173.355036908856,523.038
490,12,10,78.48088163906249,-173.355077889991,523.563
491,12,11,69.46880902925668,-173.355077889991,523.412
492,12,12,60.46002857063081,-173.355077889991,522.702
493,12,13,51.454652961306195,-173.35509155036934,521.612
494,12,14,42.45277782393121,-173.35509155036934,520.364
495,12,15,33.45440657360044,-173.35509155036934,519.197
496,12,16,24.459544332955765,-173.35509155036934,518.341
497,12,17,15.468162073693211,-173.35509155036934,517.993
498,12,18,6.480129595331727,-173.35509155036934,518.291
499,12,19,-2.5046918403462057,-173.35509155036934,519.305
500,12,20,-11.486526348922727,-173.35509155036934,521.024
501,12,21,-20.465661225229802,-173.35509155036934,523.356
502,12,22,-29.44250371929669,-173.35509155036934,526.133
503,12,23,-38.4175191377606,-173.35509155036934,529.13
504,12,24,-47.391253895755135,-173.35509155036934,532.083
505,12,25,-56.36433295558935,-173.35509155036934,534.714
506,12,26,-65.33748714750442,-173.35509155036934,536.758
507,12,27,-74.31139266022821,-173.35509155036934,537.987
508,12,28,-83.28686228627193,-173.3551052107477,538.238
509,12,29,-87.73537815307957,6.644974503402692,537.424
510,12,30,-78.75464245118577,6.64492370387074,535.548
511,12,31,-69.77030040941021,6.6449177274552165,532.704
512,12,32,-60.78183293337596,6.644915593021101,529.07
513,12,33,-51.788860947584084,6.644914312360632,524.892
514,12,34,-42.791176131264905,6.644913458586985,520.465
515,12,35,-33.7886452957296,6.644912604813339,516.107
516,12,36,-24.78139309193052,6.644912177926516,512.127
517,12,37,-15.769672236866962,6.644911751039692,508.802
518,12,38,-6.753885284813131,6.6449113241528694,506.349
519,12,39,2.2654394917873564,6.644910897266047,504.911
520,13,0,15.799653352228733,15.644913709034801,504.745
521,13,1,24.824925302605596,15.644913709034801,505.874
522,13,2,33.85130203608071,15.644913709034801,507.815
523,13,3,42.87805272241288,15.644912001487508,510.341
524,13,4,51.904475559664895,15.644912001487508,513.185
525,13,5,60.92993192514935,15.644910293940217,516.068
526,13,6,69.95386174335431,15.644908586392924,518.722
527,13,7,78.97574933499743,15.644901756203755,520.923
528,13,8,87.99519854910686,15.644843699595809,522.508
529,13,9,82.98810981197556,-164.35506056407027,523.389
530,13,10,73.97444576809313,-164.3550742244486,523.566
531,13,11,64.96399874330979,-164.3550742244486,523.117
532,13,12,55.956915586692666,-164.35508788482696,522.191
533,13,13,46.95328509070099,-164.35508788482696,520.993
534,13,14,37.953151651564355,-164.35508788482696,519.756
535,13,15,28.95653917494487,-164.35508788482696,518.717
536,13,16,19.963418632538545,-164.35508788482696,518.093
537,13,17,10.973732821511096,-164.35508788482696,518.055
538,13,18,1.9873297701534813,-164.35508788482696,518.707
539,13,19,-6.995965545131777,-164.35508788482696,520.081
540,13,20,-15.976399864928446,-164.35508788482696,522.122
541,13,21,-24.954343726999,-164.35508788482696,524.701
542,13,22,-33.930207796467286,-164.35508788482696,527.619
543,13,23,-42.90450604506834,-164.35508788482696,530.629
544,13,24,-51.877824161523506,-164.35508788482696,533.456
545,13,25,-60.85086565531728,-164.35508788482696,535.824
546,13,26,-69.82427939442083,-164.35508788482696,537.486
547,13,27,-78.79888841662911,-164.3551015452053,538.243
548,13,28,-87.77540989180501,-164.35515618671866,537.966
549,13,29,-83.24542352857746,15.644935907149604,536.615
550,13,30,-74.26295295863447,15.644923954318557,534.238
551,13,31,-65.2766096714321,15.644920539223971,530.972
552,13,32,-56.285929214106766,15.64491883167668,527.031
553,13,33,-47.290607643240406,15.644917124129387,522.69
554,13,34,-38.290511770144214,15.644917124129387,518.258
555,13,35,-29.285597198588572,15.644915416582094,514.052
556,13,36,-20.276068834248587,15.644915416582094,510.367
557,13,37,-11.262256233751712,15.644915416582094,507.456
558,13,38,-2.244628118829739,15.644915416582094,505.498
559,13,39,6.776234944437881,15.644913709034801,504.592
560,14,0,11.287662829916867,24.644903714198865,504.54
561,14,1,20.312104912309575,24.644903714198865,505.196
562,14,2,29.338022315563006,24.644903714198865,506.756
563,14,3,38.3646773792468,24.64490200665157,509.021
564,14,4,47.391349518403516,24.64490200665157,511.741
565,14,5,56.41736595939991,24.64490029910428,514.639
566,14,6,65.44211881539985,24.644898591556984,517.438
567,14,7,74.46507874674266,24.644895176462402,519.891
568,14,8,83.48580520622689,24.644883223631354,521.8
569,14,9,87.49608930569734,-155.35504323814953,523.038
570,14,10,78.48088163906249,-155.35508421928455,523.563
571,14,11,69.46880902925668,-155.35508421928455,523.412
572,14,12,60.46002857063081,-155.35508421928455,522.702
573,14,13,51.454652961306195,-155.35509787966288,521.612
574,14,14,42.45277782393121,-155.35509787966288,520.364
575,14,15,33.45440657360044,-155.35509787966288,519.197
576,14,16,24.459544332955765,-155.35509787966288,518.341
577,14,17,15.468162073693211,-155.35509787966288,517.993
578,14,18,6.480129595331727,-155.35509787966288,518.291
579,14,19,-2.5046918403462057,-155.35509787966288,519.305
580,14,20,-11.486526348922727,-155.35509787966288,521.024
581,14,21,-20.465661225229802,-155.35509787966288,523.356
582,14,22,-29.44250371929669,-155.35509787966288,526.133
583,14,23,-38.4175191377606,-155.35509787966288,529.13
584,14,24,-47.391253895755135,-155.35509787966288,532.083
585,14,25,-56.36433295558935,-155.35509787966288,534.714
586,14,26,-65.33748714750442,-155.35509787966288,536.758
587,14,27,-74.31139266022821,-155.35509787966288,537.987
588,14,28,-83.28686228627193,-155.35511154004124,538.238
589,14,29,-87.73537815307957,24.644968600995977,537.424
590,14,30,-78.75464245118577,24.644917374577204,535.548
591,14,31,-69.77030040941021,24.644912251935327,532.704
592,14,32,-60.78183293337596,24.64490883684074,529.07
593,14,33,-51.788860947584084,24.644907129293447,524.892
594,14,34,-42.791176131264905,24.644907129293447,520.465
595,14,35,-33.7886452957296,24.644907129293447,516.107
596,14,36,-24.78139309193052,24.644905421746156,512.127
597,14,37,-15.769672236866962,24.644905421746156,508.802
598,14,38,-6.753885284813131,24.644905421746156,506.349
599,14,39,2.2654394917873564,24.644905421746156,504.911
600,15,0,15.799653352228733,33.64490737974126,504.745
601,15,1,24.824925302605596,33.64490737974126,505.874
602,15,2,33.85130203608071,33.64490737974126,507.815
603,15,3,42.87805272241288,33.64490737974126,510.341
604,15,4,51.904475559664895,33.64490396464668,513.185
605,15,5,60.92993192514935,33.64490396464668,516.068
606,15,6,69.95386174335431,33.6449005495521,518.722
607,15,7,78.97574933499743,33.64489713445751,520.923
608,15,8,87.99519854910686,33.64483566275498,522.508
609,15,9,82.98810981197556,-146.3550668933638,523.389
610,15,10,73.97444576809313,-146.35508055374214,523.566
611,15,11,64.96399874330979,-146.35508055374214,523.117
612,15,12,55.956915586692666,-146.35509421412047,522.191
613,15,13,46.95328509070099,-146.35509421412047,520.993
614,15,14,37.953151651564355,-146.35509421412047,519.756
615,15,15,28.95653917494487,-146.35509421412047,518.717
616,15,16,19.963418632538545,-146.35509421412047,518.093
617,15,17,10.973732821511096,-146.35509421412047,518.055
618,15,18,1.9873297701534813,-146.35509421412047,518.707
619,15,19,-6.995965545131777,-146.35509421412047,520.081
620,15,20,-15.976399864928446,-146.35509421412047,522.122
621,15,21,-24.954343726999,-146.35509421412047,524.701
622,15,22,-33.930207796467286,-146.35509421412047,527.619
623,15,23,-42.90450604506834,-146.35509421412047,530.629
624,15,24,-51.877824161523506,-146.35509421412047,533.456
625,15,25,-60.85086565531728,-146.35509421412047,535.824
626,15,26,-69.82427939442083,-146.35509421412047,537.486
627,15,27,-78.79888841662911,-146.35510787449883,538.243
628,15,28,-87.77540989180501,-146.35516251601217,537.966
629,15,29,-83.24542352857746,33.64492787030878,536.615
630,15,30,-74.26295295863447,33.64491762502502,534.238
631,15,31,-65.2766096714321,33.644914209930434,530.972
632,15,32,-56.285929214106766,33.64491079483585,527.031
633,15,33,-47.290607643240406,33.64491079483585,522.69
634,15,34,-38.290511770144214,33.64491079483585,518.258
635,15,35,-29.285597198588572,33.64491079483585,514.052
636,15,36,-20.276068834248587,33.64491079483585,510.367
637,15,37,-11.262256233751712,33.64490737974126,507.456
638,15,38,-2.244628118829739,33.64490737974126,505.498
639,15,39,6.776234944437881,33.64490737974126,504.592
640,16,0,11.287662829916867,42.64491104528366,504.54
641,16,1,20.312104912309575,42.64491104528366,505.196
642,16,2,29.338022315563006,42.64491104528366,506.756
643,16,3,38.3646773792468,42.64491104528366,509.021
644,16,4,47.391349518403516,42.64490763018908,511.741
645,16,5,56.41736595939991,42.64490763018908,514.639
646,16,6,65.44211881539985,42.64490763018908,517.438
647,16,7,74.46507874674266,42.6449042150945,519.891
648,16,8,83.48580520622689,42.644890554716156,521.8
649,16,9,87.49608930569734,-137.35503590706472,523.038
650,16,10,78.48088163906249,-137.35507688819973,523.563
651,16,11,69.46880902925668,-137.35507688819973,523.412
652,16,12,60.46002857063081,-137.35507688819973,522.702
653,16,13,51.454652961306195,-137.3550905485781,521.612
654,16,14,42.45277782393121,-137.3550905485781,520.364
655,16,15,33.45440657360044,-137.3550905485781,519.197
656,16,16,24.459544332955765,-137.3550905485781,518.341
657,16,17,15.468162073693211,-137.3550905485781,517.993
658,16,18,6.480129595331727,-137.3550905485781,518.291
659,16,19,-2.5046918403462057,-137.3550905485781,519.305
660,16,20,-11.486526348922727,-137.3550905485781,521.024
661,16,21,-20.465661225229802,-137.3550905485781,523.356
662,16,22,-29.44250371929669,-137.3550905485781,526.133
663,16,23,-38.4175191377606,-137.3550905485781,529.13
664,16,24,-47.391253895755135,-137.3550905485781,532.083
665,16,25,-56.36433295558935,-137.3550905485781,534.714
666,16,26,-65.33748714750442,-137.3550905485781,536.758
667,16,27,-74.31139266022821,-137.3550905485781,537.987
668,16,28,-83.28686228627193,-137.35510420895642,538.238
669,16,29,-87.73537815307957,42.64497593208078,537.424
670,16,30,-78.75464245118577,42.64492470566201,535.548
671,16,31,-69.77030040941021,42.644917875472835,532.704
672,16,32,-60.78183293337596,42.644917875472835,529.07
673,16,33,-51.788860947584084,42.64491446037825,524.892
674,16,34,-42.791176131264905,42.64491446037825,520.465
675,16,35,-33.7886452957296,42.64491446037825,516.107
676,16,36,-24.78139309193052,42.64491446037825,512.127
677,16,37,-15.769672236866962,42.64491104528366,508.802
678,16,38,-6.753885284813131,42.64491104528366,506.349
679,16,39,2.2654394917873564,42.64491104528366,504.911
680,17,0,15.799653352228733,51.64490105044773,504.745
681,17,1,24.824925302605596,51.64490105044773,505.874
682,17,2,33.85130203608071,51.64490105044773,507.815
683,17,3,42.87805272241288,51.64490105044773,510.341
684,17,4,51.904475559664895,51.644897635353146,513.185
685,17,5,60.92993192514935,51.644897635353146,516.068
686,17,6,69.95386174335431,51.64489422025856,518.722
687,17,7,78.97574933499743,51.644890805163975,520.923
688,17,8,87.99519854910686,51.644829333461445,522.508
689,17,9,82.98810981197556,-128.35507322265735,523.389
690,17,10,73.97444576809313,-128.35508688303568,523.566
691,17,11,64.96399874330979,-128.35508688303568,523.117
692,17,12,55.956915586692666,-128.355100543414,522.191
693,17,13,46.95328509070099,-128.355100543414,520.993
694,17,14,37.953151651564355,-128.355100543414,519.756
695,17,15,28.95653917494487,-128.355100543414,518.717
696,17,16,19.963418632538545,-128.355100543414,518.093
697,17,17,10.973732821511096,-128.355100543414,518.055
698,17,18,1.9873297701534813,-128.355100543414,518.707
699,17,19,-6.995965545131777,-128.355100543414,520.081
700,17,20,-15.976399864928446,-128.355100543414,522.122
701,17,21,-24.954343726999,-128.355100543414,524.701
702,17,22,-33.930207796467286,-128.355100543414,527.619
703,17,23,-42.90450604506834,-128.355100543414,530.629
704,17,24,-51.877824161523506,-128.355100543414,533.456
705,17,25,-60.85086565531728,-128.355100543414,535.824
706,17,26,-69.82427939442083,-128.355100543414,537.486
707,17,27,-78.79888841662911,-128.35511420379237,538.243
708,17,28,-87.77540989180501,-128.3551688453057,537.966
709,17,29,-83.24542352857746,51.644921541015236,536.615
710,17,30,-74.26295295863447,51.64491129573148,534.238
711,17,31,-65.2766096714321,51.6449078806369,530.972
712,17,32,-56.285929214106766,51.64490446554231,527.031
713,17,33,-47.290607643240406,51.64490446554231,522.69
714,17,34,-38.290511770144214,51.64490446554231,518.258
715,17,35,-29.285597198588572,51.64490446554231,514.052
716,17,36,-20.276068834248587,51.64490446554231,510.367
717,17,37,-11.262256233751712,51.64490105044773,507.456
718,17,38,-2.244628118829739,51.64490105044773,505.498
719,17,39,6.776234944437881,51.64490105044773,504.592
720,18,0,11.287662829916867,60.64490813108471,504.54
721,18,1,20.312104912309575,60.64490813108471,505.196
722,18,2,29.338022315563006,60.64490130089555,506.756
723,18,3,38.3646773792468,60.64490130089555,509.021
724,18,4,47.391349518403516,60.64490130089555,511.741
725,18,5,56.41736595939991,60.64490130089555,514.639
726,18,6,65.44211881539985,60.64490130089555,517.438
727,18,7,74.46507874674266,60.644894470706376,519.891
728,18,8,83.48580520622689,60.64488081032803,521.8
729,18,9,87.49608930569734,-119.35504223635826,523.038
730,18,10,78.48088163906249,-119.35508321749327,523.563
731,18,11,69.46880902925668,-119.35508321749327,523.412
732,18,12,60.46002857063081,-119.35508321749327,522.702
733,18,13,51.454652961306195,-119.35509687787162,521.612
734,18,14,42.45277782393121,-119.35509687787162,520.364
735,18,15,33.45440657360044,-119.35509687787162,519.197
736,18,16,24.459544332955765,-119.35509687787162,518.341
737,18,17,15.468162073693211,-119.35509687787162,517.993
738,18,18,6.480129595331727,-119.35509687787162,518.291
739,18,19,-2.5046918403462057,-119.35509687787162,519.305
740,18,20,-11.486526348922727,-119.35509687787162,521.024
741,18,21,-20.465661225229802,-119.35509687787162,523.356
742,18,22,-29.44250371929669,-119.35509687787162,526.133
743,18,23,-38.4175191377606,-119.35509687787162,529.13
744,18,24,-47.391253895755135,-119.35509687787162,532.083
745,18,25,-56.36433295558935,-119.35509687787162,534.714
746,18,26,-65.33748714750442,-119.35509687787162,536.758
747,18,27,-74.31139266022821,-119.35509687787162,537.987
748,18,28,-83.28686228627193,-119.35511053824996,538.238
749,18,29,-87.73537815307957,60.64496960278724,537.424
750,18,30,-78.75464245118577,60.644914961273884,535.548
751,18,31,-69.77030040941021,60.644914961273884,532.704
752,18,32,-60.78183293337596,60.64490813108471,529.07
753,18,33,-51.788860947584084,60.64490813108471,524.892
754,18,34,-42.791176131264905,60.64490813108471,520.465
755,18,35,-33.7886452957296,60.64490813108471,516.107
756,18,36,-24.78139309193052,60.64490813108471,512.127
757,18,37,-15.769672236866962,60.64490813108471,508.802
758,18,38,-6.753885284813131,60.64490813108471,506.349
759,18,39,2.2654394917873564,60.64490813108471,504.911
760,19,0,15.799653352228733,69.64491179662711,504.745
761,19,1,24.824925302605596,69.64490496643795,505.874
762,19,2,33.85130203608071,69.64490496643795,507.815
763,19,3,42.87805272241288,69.64490496643795,510.341
764,19,4,51.904475559664895,69.64490496643795,513.185
765,19,5,60.92993192514935,69.64490496643795,516.068
766,19,6,69.95386174335431,69.64490496643795,518.722
767,19,7,78.97574933499743,69.64489813624877,520.923
768,19,8,87.99519854910686,69.64483666454625,522.508
769,19,9,82.98810981197556,-110.3550727217617,523.389
770,19,10,73.97444576809313,-110.35507955195088,523.566
771,19,11,64.96399874330979,-110.35508638214004,523.117
772,19,12,55.956915586692666,-110.35508638214004,522.191
773,19,13,46.95328509070099,-110.35508638214004,520.993
774,19,14,37.953151651564355,-110.35508638214004,519.756
775,19,15,28.95653917494487,-110.35508638214004,518.717
776,19,16,19.963418632538545,-110.35508638214004,518.093
777,19,17,10.973732821511096,-110.35509321232922,518.055
778,19,18,1.9873297701534813,-110.35509321232922,518.707
779,19,19,-6.995965545131777,-110.35509321232922,520.081
780,19,20,-15.976399864928446,-110.35509321232922,522.122
781,19,21,-24.954343726999,-110.35509321232922,524.701
782,19,22,-33.930207796467286,-110.35509321232922,527.619
783,19,23,-42.90450604506834,-110.35509321232922,530.629
784,19,24,-51.877824161523506,-110.35509321232922,533.456
785,19,25,-60.85086565531728,-110.35509321232922,535.824
786,19,26,-69.82427939442083,-110.35510004251839,537.486
787,19,27,-78.79888841662911,-110.35510004251839,538.243
788,19,28,-87.77540989180501,-110.35515468403175,537.966
789,19,29,-83.24542352857746,69.64493228719462,536.615
790,19,30,-74.26295295863447,69.64491862681629,534.238
791,19,31,-65.2766096714321,69.64491179662711,530.972
792,19,32,-56.285929214106766,69.64491179662711,527.031
793,19,33,-47.290607643240406,69.64491179662711,522.69
794,19,34,-38.290511770144214,69.64491179662711,518.258
795,19,35,-29.285597198588572,69.64491179662711,514.052
796,19,36,-20.276068834248587,69.64491179662711,510.367
797,19,37,-11.262256233751712,69.64491179662711,507.456
798,19,38,-2.244628118829739,69.64491179662711,505.498
799,19,39,6.776234944437881,69.64491179662711,504.592
800,20,0,11.287662829916867,78.64491546216952,504.54
801,20,1,20.312104912309575,78.64491546216952,505.196
802,20,2,29.338022315563006,78.64490863198034,506.756
803,20,3,38.3646773792468,78.64490863198034,509.021
804,20,4,47.391349518403516,78.64490863198034,511.741
805,20,5,56.41736595939991,78.64490863198034,514.639
806,20,6,65.44211881539985,78.64490863198034,517.438
807,20,7,74.46507874674266,78.64490180179118,519.891
808,20,8,83.48580520622689,78.64488814141284,521.8
809,20,9,87.49608930569734,-101.35502807508429,523.038
810,20,10,78.48088163906249,-101.35507588640847,523.563
811,20,11,69.46880902925668,-101.35508271659765,523.412
812,20,12,60.46002857063081,-101.35508271659765,522.702
813,20,13,51.454652961306195,-101.35508271659765,521.612
814,20,14,42.45277782393121,-101.35508271659765,520.364
815,20,15,33.45440657360044,-101.35508271659765,519.197
816,20,16,24.459544332955765,-101.35508271659765,518.341
817,20,17,15.468162073693211,-101.35508954678681,517.993
818,20,18,6.480129595331727,-101.35508954678681,518.291
819,20,19,-2.5046918403462057,-101.35508954678681,519.305
820,20,20,-11.486526348922727,-101.35508954678681,521.024
821,20,21,-20.465661225229802,-101.35508954678681,523.356
822,20,22,-29.44250371929669,-101.35508954678681,526.133
823,20,23,-38.4175191377606,-101.35508954678681,529.13
824,20,24,-47.391253895755135,-101.35508954678681,532.083
825,20,25,-56.36433295558935,-101.35508954678681,534.714
826,20,26,-65.33748714750442,-101.35508954678681,536.758
827,20,27,-74.31139266022821,-101.35509637697598,537.987
828,20,28,-83.28686228627193,-101.35511003735432,538.238
829,20,29,-87.73537815307957,78.64497693387204,537.424
830,20,30,-78.75464245118577,78.64492229235869,535.548
831,20,31,-69.77030040941021,78.64492229235869,532.704
832,20,32,-60.78183293337596,78.64491546216952,529.07
833,20,33,-51.788860947584084,78.64491546216952,524.892
834,20,34,-42.791176131264905,78.64491546216952,520.465
835,20,35,-33.7886452957296,78.64491546216952,516.107
836,20,36,-24.78139309193052,78.64491546216952,512.127
837,20,37,-15.769672236866962,78.64491546216952,508.802
838,20,38,-6.753885284813131,78.64491546216952,506.349
839,20,39,2.2654394917873564,78.64491546216952,504.911
840,21,0,15.799653352228733,87.64490546733359,504.745
841,21,1,24.824925302605596,87.64489863714441,505.874
842,21,2,33.85130203608071,87.64489863714441,507.815
843,21,3,42.87805272241288,87.64489863714441,510.341
844,21,4,51.904475559664895,87.64489863714441,513.185
845,21,5,60.92993192514935,87.64489863714441,516.068
846,21,6,69.95386174335431,87.64489863714441,518.722
847,21,7,78.97574933499743,87.64489180695524,520.923
848,21,8,87.99519854910686,87.6448303352527,522.508
849,21,9,82.98810981197556,-92.35507905105524,523.389
850,21,10,73.97444576809313,-92.35508588124442,523.566
851,21,11,64.96399874330979,-92.35509271143358,523.117
852,21,12,55.956915586692666,-92.35509271143358,522.191
853,21,13,46.95328509070099,-92.35509271143358,520.993
854,21,14,37.953151651564355,-92.35509271143358,519.756
855,21,15,28.95653917494487,-92.35509271143358,518.717
856,21,16,19.963418632538545,-92.35509271143358,518.093
857,21,17,10.973732821511096,-92.35509954162275,518.055
858,21,18,1.9873297701534813,-92.35509954162275,518.707
859,21,19,-6.995965545131777,-92.35509954162275,520.081
860,21,20,-15.976399864928446,-92.35509954162275,522.122
861,21,21,-24.954343726999,-92.35509954162275,524.701
862,21,22,-33.930207796467286,-92.35509954162275,527.619
863,21,23,-42.90450604506834,-92.35509954162275,530.629
864,21,24,-51.877824161523506,-92.35509954162275,533.456
865,21,25,-60.85086565531728,-92.35509954162275,535.824
866,21,26,-69.82427939442083,-92.35510637181193,537.486
867,21,27,-78.79888841662911,-92.35510637181193,538.243
868,21,28,-87.77540989180501,-92.35516101332529,537.966
869,21,29,-83.24542352857746,87.6449259579011,536.615
870,21,30,-74.26295295863447,87.64491229752275,534.238
871,21,31,-65.2766096714321,87.64490546733359,530.972
872,21,32,-56.285929214106766,87.64490546733359,527.031
873,21,33,-47.290607643240406,87.64490546733359,522.69
874,21,34,-38.290511770144214,87.64490546733359,518.258
875,21,35,-29.285597198588572,87.64490546733359,514.052
876,21,36,-20.276068834248587,87.64490546733359,510.367
877,21,37,-11.262256233751712,87.64490546733359,507.456
878,21,38,-2.244628118829739,87.64490546733359,505.498
879,21,39,6.776234944437881,87.64490546733359,504.592
880,22,0,11.287662829916867,96.64490913287598,504.54
881,22,1,20.312104912309575,96.64490913287598,505.196
882,22,2,29.338022315563006,96.64490230268682,506.756
883,22,3,38.3646773792468,96.64490230268682,509.021
884,22,4,47.391349518403516,96.64490230268682,511.741
885,22,5,56.41736595939991,96.64490230268682,514.639
886,22,6,65.44211881539985,96.64490230268682,517.438
887,22,7,74.46507874674266,96.64489547249764,519.891
888,22,8,83.48580520622689,96.64488181211931,521.8
889,22,9,87.49608930569734,-83.35503440437782,523.038
890,22,10,78.48088163906249,-83.35508221570201,523.563
891,22,11,69.46880902925668,-83.35508904589118,523.412
892,22,12,60.46002857063081,-83.35508904589118,522.702
893,22,13,51.454652961306195,-83.35508904589118,521.612
894,22,14,42.45277782393121,-83.35508904589118,520.364
895,22,15,33.45440657360044,-83.35508904589118,519.197
896,22,16,24.459544332955765,-83.35508904589118,518.341
897,22,17,15.468162073693211,-83.35509587608036,517.993
898,22,18,6.480129595331727,-83.35509587608036,518.291
899,22,19,-2.5046918403462057,-83.35509587608036,519.305
900,22,20,-11.486526348922727,-83.35509587608036,521.024
901,22,21,-20.465661225229802,-83.35509587608036,523.356
902,22,22,-29.44250371929669,-83.35509587608036,526.133
903,22,23,-38.4175191377606,-83.35509587608036,529.13
904,22,24,-47.391253895755135,-83.35509587608036,532.083
905,22,25,-56.36433295558935,-83.35509587608036,534.714
906,22,26,-65.33748714750442,-83.35509587608036,536.758
907,22,27,-74.31139266022821,-83.35510270626952,537.987
908,22,28,-83.28686228627193,-83.35511636664786,538.238
909,22,29,-87.73537815307957,96.64497060457852,537.424
910,22,30,-78.75464245118577,96.64491596306515,535.548
911,22,31,-69.77030040941021,96.64491596306515,532.704
912,22,32,-60.78183293337596,96.64490913287598,529.07
913,22,33,-51.788860947584084,96.64490913287598,524.892
914,22,34,-42.791176131264905,96.64490913287598,520.465
915,22,35,-33.7886452957296,96.64490913287598,516.107
916,22,36,-24.78139309193052,96.64490913287598,512.127
917,22,37,-15.769672236866962,96.64490913287598,508.802
918,22,38,-6.753885284813131,96.64490913287598,506.349
919,22,39,2.2654394917873564,96.64490913287598,504.911
920,23,0,15.799653352228733,105.64491279841839,504.745
921,23,1,24.824925302605596,105.64490596822921,505.874
922,23,2,33.85130203608071,105.64490596822921,507.815
923,23,3,42.87805272241288,105.64490596822921,510.341
924,23,4,51.904475559664895,105.64490596822921,513.185
925,23,5,60.92993192514935,105.64490596822921,516.068
926,23,6,69.95386174335431,105.64490596822921,518.722
927,23,7,78.97574933499743,105.64489913804005,520.923
928,23,8,87.99519854910686,105.64483766633751,522.508
929,23,9,82.98810981197556,-74.35507171997044,523.389
930,23,10,73.97444576809313,-74.3550785501596,523.566
931,23,11,64.96399874330979,-74.35508538034878,523.117
932,23,12,55.956915586692666,-74.35508538034878,522.191
933,23,13,46.95328509070099,-74.35508538034878,520.993
934,23,14,37.953151651564355,-74.35508538034878,519.756
935,23,15,28.95653917494487,-74.35508538034878,518.717
936,23,16,19.963418632538545,-74.35508538034878,518.093
937,23,17,10.973732821511096,-74.35509221053795,518.055
938,23,18,1.9873297701534813,-74.35509221053795,518.707
939,23,19,-6.995965545131777,-74.35509221053795,520.081
940,23,20,-15.976399864928446,-74.35509221053795,522.122
941,23,21,-24.954343726999,-74.35509221053795,524.701
942,23,22,-33.930207796467286,-74.35509221053795,527.619
943,23,23,-42.90450604506834,-74.35509221053795,530.629
944,23,24,-51.877824161523506,-74.35509221053795,533.456
945,23,25,-60.85086565531728,-74.35509221053795,535.824
946,23,26,-69.82427939442083,-74.35509904072713,537.486
947,23,27,-78.79888841662911,-74.35509904072713,538.243
948,23,28,-87.77540989180501,-74.35515368224048,537.966
949,23,29,-83.24542352857746,105.6449332889859,536.615
950,23,30,-74.26295295863447,105.64491962860755,534.238
951,23,31,-65.2766096714321,105.64491279841839,530.972
952,23,32,-56.285929214106766,105.64491279841839,527.031
953,23,33,-47.290607643240406,105.64491279841839,522.69
954,23,34,-38.290511770144214,105.64491279841839,518.258
955,23,35,-29.285597198588572,105.64491279841839,514.052
956,23,36,-20.276068834248587,105.64491279841839,510.367
957,23,37,-11.262256233751712,105.64491279841839,507.456
958,23,38,-2.244628118829739,105.64491279841839,505.498
959,23,39,6.776234944437881,105.64491279841839,504.592
960,24,0,11.287662829916867,114.64491646396078,504.54
961,24,1,20.312104912309575,114.64491646396078,505.196
962,24,2,29.338022315563006,114.64491646396078,506.756
963,24,3,38.3646773792468,114.64491646396078,509.021
964,24,4,47.391349518403516,114.64491646396078,511.741
965,24,5,56.41736595939991,114.64491646396078,514.639
966,24,6,65.44211881539985,114.64490280358244,517.438
967,24,7,74.46507874674266,114.64490280358244,519.891
968,24,8,83.48580520622689,114.64488914320411,521.8
969,24,9,87.49608930569734,-65.35502707329302,523.038
970,24,10,78.48088163906249,-65.35507488461721,523.563
971,24,11,69.46880902925668,-65.35508171480637,523.412
972,24,12,60.46002857063081,-65.35508171480637,522.702
973,24,13,51.454652961306195,-65.35508171480637,521.612
974,24,14,42.45277782393121,-65.35508171480637,520.364
975,24,15,33.45440657360044,-65.35508171480637,519.197
976,24,16,24.459544332955765,-65.35508171480637,518.341
977,24,17,15.468162073693211,-65.35508854499555,517.993
978,24,18,6.480129595331727,-65.35508854499555,518.291
979,24,19,-2.5046918403462057,-65.35508854499555,519.305
980,24,20,-11.486526348922727,-65.35508854499555,521.024
981,24,21,-20.465661225229802,-65.35508854499555,523.356
982,24,22,-29.44250371929669,-65.35508854499555,526.133
983,24,23,-38.4175191377606,-65.35508854499555,529.13
984,24,24,-47.391253895755135,-65.35508854499555,532.083
985,24,25,-56.36433295558935,-65.35508854499555,534.714
986,24,26,-65.33748714750442,-65.35508854499555,536.758
987,24,27,-74.31139266022821,-65.35509537518472,537.987
988,24,28,-83.28686228627193,-65.35510903556306,538.238
989,24,29,-87.73537815307957,114.64497110547414,537.424
990,24,30,-78.75464245118577,114.64493012433913,535.548
991,24,31,-69.77030040941021,114.64491646396078,532.704
992,24,32,-60.78183293337596,114.64491646396078,529.07
993,24,33,-51.788860947584084,114.64491646396078,524.892
994,24,34,-42.791176131264905,114.64491646396078,520.465
995,24,35,-33.7886452957296,114.64491646396078,516.107
996,24,36,-24.78139309193052,114.64491646396078,512.127
997,24,37,-15.769672236866962,114.64491646396078,508.802
998,24,38,-6.753885284813131,114.64491646396078,506.349
999,24,39,2.2654394917873564,114.64491646396078,504.911
1000,25,0,15.799653352228733,123.64490646912485,504.745
1001,25,1,24.824925302605596,123.64490646912485,505.874
1002,25,2,33.85130203608071,123.64490646912485,507.815
1003,25,3,42.87805272241288,123.64490646912485,510.341
1004,25,4,51.904475559664895,123.64490646912485,513.185
1005,25,5,60.92993192514935,123.6448928087465,516.068
1006,25,6,69.95386174335431,123.6448928087465,518.722
1007,25,7,78.97574933499743,123.6448928087465,520.923
1008,25,8,87.99519854910686,123.64483816723315,522.508
1009,25,9,82.98810981197556,-56.35507463416939,523.389
1010,25,10,73.97444576809313,-56.355088294547734,523.566
1011,25,11,64.96399874330979,-56.355091709642316,523.117
1012,25,12,55.956915586692666,-56.355091709642316,522.191
1013,25,13,46.95328509070099,-56.355091709642316,520.993
1014,25,14,37.953151651564355,-56.3550951247369,519.756
1015,25,15,28.95653917494487,-56.3550951247369,518.717
1016,25,16,19.963418632538545,-56.3550951247369,518.093
1017,25,17,10.973732821511096,-56.3550951247369,518.055
1018,25,18,1.9873297701534813,-56.3550951247369,518.707
1019,25,19,-6.995965545131777,-56.3550951247369,520.081
1020,25,20,-15.976399864928446,-56.3550951247369,522.122
1021,25,21,-24.954343726999,-56.35509853983149,524.701
1022,25,22,-33.930207796467286,-56.35509853983149,527.619
1023,25,23,-42.90450604506834,-56.35509853983149,530.629
1024,25,24,-51.877824161523506,-56.35509853983149,533.456
1025,25,25,-60.85086565531728,-56.35510195492607,535.824
1026,25,26,-69.82427939442083,-56.35510195492607,537.486
1027,25,27,-78.79888841662911,-56.35510878511524,538.243
1028,25,28,-87.77540989180501,-56.35516001153402,537.966
1029,25,29,-83.24542352857746,123.64492012950319,536.615
1030,25,30,-74.26295295863447,123.64490646912485,534.238
1031,25,31,-65.2766096714321,123.64490646912485,530.972
1032,25,32,-56.285929214106766,123.64490646912485,527.031
1033,25,33,-47.290607643240406,123.64490646912485,522.69
1034,25,34,-38.290511770144214,123.64490646912485,518.258
1035,25,35,-29.285597198588572,123.64490646912485,514.052
1036,25,36,-20.276068834248587,123.64490646912485,510.367
1037,25,37,-11.262256233751712,123.64490646912485,507.456
1038,25,38,-2.244628118829739,123.64490646912485,505.498
1039,25,39,6.776234944437881,123.64490646912485,504.592
1040,26,0,11.287662829916867,132.6449237950456,504.54
1041,26,1,20.312104912309575,132.6449237950456,505.196
1042,26,2,29.338022315563006,132.6449237950456,506.756
1043,26,3,38.3646773792468,132.6449237950456,509.021
1044,26,4,47.391349518403516,132.6449237950456,511.741
1045,26,5,56.41736595939991,132.6449237950456,514.639
1046,26,6,65.44211881539985,132.64491013466724,517.438
1047,26,7,74.46507874674266,132.64491013466724,519.891
1048,26,8,83.48580520622689,132.6448964742889,521.8
1049,26,9,87.49608930569734,-47.35501974220821,523.038
1050,26,10,78.48088163906249,-47.35506755353241,523.563
1051,26,11,69.46880902925668,-47.35507096862699,523.412
1052,26,12,60.46002857063081,-47.35507438372157,522.702
1053,26,13,51.454652961306195,-47.35507438372157,521.612
1054,26,14,42.45277782393121,-47.35507779881616,520.364
1055,26,15,33.45440657360044,-47.35507779881616,519.197
1056,26,16,24.459544332955765,-47.35507779881616,518.341
1057,26,17,15.468162073693211,-47.35507779881616,517.993
1058,26,18,6.480129595331727,-47.35507779881616,518.291
1059,26,19,-2.5046918403462057,-47.35507779881616,519.305
1060,26,20,-11.486526348922727,-47.35507779881616,521.024
1061,26,21,-20.465661225229802,-47.35508121391074,523.356
1062,26,22,-29.44250371929669,-47.35508121391074,526.133
1063,26,23,-38.4175191377606,-47.35508121391074,529.13
1064,26,24,-47.391253895755135,-47.35508121391074,532.083
1065,26,25,-56.36433295558935,-47.35508121391074,534.714
1066,26,26,-65.33748714750442,-47.35508462900533,536.758
1067,26,27,-74.31139266022821,-47.355088044099915,537.987
1068,26,28,-83.28686228627193,-47.35509828938367,538.238
1069,26,29,-87.73537815307957,132.64497843655894,537.424
1070,26,30,-78.75464245118577,132.64493745542393,535.548
1071,26,31,-69.77030040941021,132.6449237950456,532.704
1072,26,32,-60.78183293337596,132.6449237950456,529.07
1073,26,33,-51.788860947584084,132.6449237950456,524.892
1074,26,34,-42.791176131264905,132.6449237950456,520.465
1075,26,35,-33.7886452957296,132.6449237950456,516.107
1076,26,36,-24.78139309193052,132.6449237950456,512.127
1077,26,37,-15.769672236866962,132.6449237950456,508.802
1078,26,38,-6.753885284813131,132.6449237950456,506.349
1079,26,39,2.2654394917873564,132.6449237950456,504.911
1080,27,0,15.799653352228733,141.64490013983132,504.745
1081,27,1,24.824925302605596,141.64490013983132,505.874
1082,27,2,33.85130203608071,141.64490013983132,507.815
1083,27,3,42.87805272241288,141.64490013983132,510.341
1084,27,4,51.904475559664895,141.64490013983132,513.185
1085,27,5,60.92993192514935,141.64488647945296,516.068
1086,27,6,69.95386174335431,141.64488647945296,518.722
1087,27,7,78.97574933499743,141.64488647945296,520.923
1088,27,8,87.99519854910686,141.64483183793962,522.508
1089,27,9,82.98810981197556,-38.35508096346293,523.389
1090,27,10,73.97444576809313,-38.35509462384127,523.566
1091,27,11,64.96399874330979,-38.35509803893585,523.117
1092,27,12,55.956915586692666,-38.35509803893585,522.191
1093,27,13,46.95328509070099,-38.35509803893585,520.993
1094,27,14,37.953151651564355,-38.35510145403044,519.756
1095,27,15,28.95653917494487,-38.35510145403044,518.717
1096,27,16,19.963418632538545,-38.35510145403044,518.093
1097,27,17,10.973732821511096,-38.35510145403044,518.055
1098,27,18,1.9873297701534813,-38.35510145403044,518.707
1099,27,19,-6.995965545131777,-38.35510145403044,520.081
1100,27,20,-15.976399864928446,-38.35510145403044,522.122
1101,27,21,-24.954343726999,-38.35510486912502,524.701
1102,27,22,-33.930207796467286,-38.35510486912502,527.619
1103,27,23,-42.90450604506834,-38.35510486912502,530.629
1104,27,24,-51.877824161523506,-38.35510486912502,533.456
1105,27,25,-60.85086565531728,-38.35510828421961,535.824
1106,27,26,-69.82427939442083,-38.35510828421961,537.486
1107,27,27,-78.79888841662911,-38.355115114408775,538.243
1108,27,28,-87.77540989180501,-38.35516634082755,537.966
1109,27,29,-83.24542352857746,141.64491380020965,536.615
1110,27,30,-74.26295295863447,141.64490013983132,534.238
1111,27,31,-65.2766096714321,141.64490013983132,530.972
1112,27,32,-56.285929214106766,141.64490013983132,527.031
1113,27,33,-47.290607643240406,141.64490013983132,522.69
1114,27,34,-38.290511770144214,141.64490013983132,518.258
1115,27,35,-29.285597198588572,141.64490013983132,514.052
1116,27,36,-20.276068834248587,141.64490013983132,510.367
1117,27,37,-11.262256233751712,141.64490013983132,507.456
1118,27,38,-2.244628118829739,141.64490013983132,505.498
1119,27,39,6.776234944437881,141.64490013983132,504.592
1120,28,0,11.287662829916867,150.6449038053737,504.54
1121,28,1,20.312104912309575,150.6449038053737,505.196
1122,28,2,29.338022315563006,150.6449038053737,506.756
1123,28,3,38.3646773792468,150.6449038053737,509.021
1124,28,4,47.391349518403516,150.6449038053737,511.741
1125,28,5,56.41736595939991,150.6449038053737,514.639
1126,28,6,65.44211881539985,150.64489014499537,517.438
1127,28,7,74.46507874674266,150.64489014499537,519.891
1128,28,8,83.48580520622689,150.64487648461704,521.8
1129,28,9,87.49608930569734,-29.35503973188009,523.038
1130,28,10,78.48088163906249,-29.35508754320428,523.563
1131,28,11,69.46880902925668,-29.355090958298867,523.412
1132,28,12,60.46002857063081,-29.355094373393452,522.702
1133,28,13,51.454652961306195,-29.355094373393452,521.612
1134,28,14,42.45277782393121,-29.355097788488038,520.364
1135,28,15,33.45440657360044,-29.355097788488038,519.197
1136,28,16,24.459544332955765,-29.355097788488038,518.341
1137,28,17,15.468162073693211,-29.355097788488038,517.993
1138,28,18,6.480129595331727,-29.355097788488038,518.291
1139,28,19,-2.5046918403462057,-29.355097788488038,519.305
1140,28,20,-11.486526348922727,-29.355097788488038,521.024
1141,28,21,-20.465661225229802,-29.35510120358262,523.356
1142,28,22,-29.44250371929669,-29.35510120358262,526.133
1143,28,23,-38.4175191377606,-29.35510120358262,529.13
1144,28,24,-47.391253895755135,-29.35510120358262,532.083
1145,28,25,-56.36433295558935,-29.35510120358262,534.714
1146,28,26,-65.33748714750442,-29.355104618677206,536.758
1147,28,27,-74.31139266022821,-29.355108033771792,537.987
1148,28,28,-83.28686228627193,-29.355118279055546,538.238
1149,28,29,-87.73537815307957,150.64495844688707,537.424
1150,28,30,-78.75464245118577,150.64491746575206,535.548
1151,28,31,-69.77030040941021,150.6449038053737,532.704
1152,28,32,-60.78183293337596,150.6449038053737,529.07
1153,28,33,-51.788860947584084,150.6449038053737,524.892
1154,28,34,-42.791176131264905,150.6449038053737,520.465
1155,28,35,-33.7886452957296,150.6449038053737,516.107
1156,28,36,-24.78139309193052,150.6449038053737,512.127
1157,28,37,-15.769672236866962,150.6449038053737,508.802
1158,28,38,-6.753885284813131,150.6449038053737,506.349
1159,28,39,2.2654394917873564,150.6449038053737,504.911
1160,29,0,15.799653352228733,159.6449074709161,504.745
1161,29,1,24.824925302605596,159.6449074709161,505.874
1162,29,2,33.85130203608071,159.6449074709161,507.815
1163,29,3,42.87805272241288,159.6449074709161,510.341
1164,29,4,51.904475559664895,159.6449074709161,513.185
1165,29,5,60.92993192514935,159.64489381053778,516.068
1166,29,6,69.95386174335431,159.64489381053778,518.722
1167,29,7,78.97574933499743,159.64489381053778,520.923
1168,29,8,87.99519854910686,159.6448391690244,522.508
1169,29,9,82.98810981197556,-20.355075339925417,523.389
1170,29,10,73.97444576809313,-20.35508558520917,523.566
1171,29,11,64.96399874330979,-20.355089000303757,523.117
1172,29,12,55.956915586692666,-20.35509070785105,522.191
1173,29,13,46.95328509070099,-20.355092415398342,520.993
1174,29,14,37.953151651564355,-20.355092415398342,519.756
1175,29,15,28.95653917494487,-20.355094122945633,518.717
1176,29,16,19.963418632538545,-20.355094122945633,518.093
1177,29,17,10.973732821511096,-20.355094122945633,518.055
1178,29,18,1.9873297701534813,-20.355094122945633,518.707
1179,29,19,-6.995965545131777,-20.355095830492928,520.081
1180,29,20,-15.976399864928446,-20.355095830492928,522.122
1181,29,21,-24.954343726999,-20.355095830492928,524.701
1182,29,22,-33.930207796467286,-20.355095830492928,527.619
1183,29,23,-42.90450604506834,-20.35509753804022,530.629
1184,29,24,-51.877824161523506,-20.35509753804022,533.456
1185,29,25,-60.85086565531728,-20.355099245587514,535.824
1186,29,26,-69.82427939442083,-20.355100953134805,537.486
1187,29,27,-78.79888841662911,-20.355107783323977,538.243
1188,29,28,-87.77540989180501,-20.35515900974275,537.966
1189,29,29,-83.24542352857746,159.64492113129447,536.615
1190,29,30,-74.26295295863447,159.6449074709161,534.238
1191,29,31,-65.2766096714321,159.6449074709161,530.972
1192,29,32,-56.285929214106766,159.6449074709161,527.031
1193,29,33,-47.290607643240406,159.6449074709161,522.69
1194,29,34,-38.290511770144214,159.6449074709161,518.258
1195,29,35,-29.285597198588572,159.6449074709161,514.052
1196,29,36,-20.276068834248587,159.6449074709161,510.367
1197,29,37,-11.262256233751712,159.6449074709161,507.456
1198,29,38,-2.244628118829739,159.6449074709161,505.498
1199,29,39,6.776234944437881,159.6449074709161,504.592
1200,30,0,11.287662829916867,168.64491113645852,504.54
1201,30,1,20.312104912309575,168.64491113645852,505.196
1202,30,2,29.338022315563006,168.64491113645852,506.756
1203,30,3,38.3646773792468,168.64491113645852,509.021
1204,30,4,47.391349518403516,168.64491113645852,511.741
1205,30,5,56.41736595939991,168.64491113645852,514.639
1206,30,6,65.44211881539985,168.6448974760802,517.438
1207,30,7,74.46507874674266,168.6448974760802,519.891
1208,30,8,83.48580520622689,168.64488381570183,521.8
1209,30,9,87.49608930569734,-11.355034108342581,523.038
1210,30,10,78.48088163906249,-11.355079358345831,523.563
1211,30,11,69.46880902925668,-11.35508448098771,523.412
1212,30,12,60.46002857063081,-11.355087042308648,522.702
1213,30,13,51.454652961306195,-11.355087896082294,521.612
1214,30,14,42.45277782393121,-11.355088749855941,520.364
1215,30,15,33.45440657360044,-11.355089603629587,519.197
1216,30,16,24.459544332955765,-11.355090457403234,518.341
1217,30,17,15.468162073693211,-11.355090457403234,517.993
1218,30,18,6.480129595331727,-11.35509131117688,518.291
1219,30,19,-2.5046918403462057,-11.35509131117688,519.305
1220,30,20,-11.486526348922727,-11.355092164950525,521.024
1221,30,21,-20.465661225229802,-11.355092164950525,523.356
1222,30,22,-29.44250371929669,-11.355093018724173,526.133
1223,30,23,-38.4175191377606,-11.355093018724173,529.13
1224,30,24,-47.391253895755135,-11.355093872497818,532.083
1225,30,25,-56.36433295558935,-11.355094726271465,534.714
1226,30,26,-65.33748714750442,-11.355096433818757,536.758
1227,30,27,-74.31139266022821,-11.355099848913342,537.987
1228,30,28,-83.28686228627193,-11.355112655518036,538.238
1229,30,29,-87.73537815307957,168.64496577797186,537.424
1230,30,30,-78.75464245118577,168.64492479683685,535.548
1231,30,31,-69.77030040941021,168.64491113645852,532.704
1232,30,32,-60.78183293337596,168.64491113645852,529.07
1233,30,33,-51.788860947584084,168.64491113645852,524.892
1234,30,34,-42.791176131264905,168.64491113645852,520.465
1235,30,35,-33.7886452957296,168.64491113645852,516.107
1236,30,36,-24.78139309193052,168.64491113645852,512.127
1237,30,37,-15.769672236866962,168.64491113645852,508.802
1238,30,38,-6.753885284813131,168.64491113645852,506.349
1239,30,39,2.2654394917873564,168.64491113645852,504.911
1240,31,0,15.799653352228733,177.64491480200093,504.745
1241,31,1,24.824925302605596,177.64491480200093,505.874
1242,31,2,33.85130203608071,177.64491480200093,507.815
1243,31,3,42.87805272241288,177.64491480200093,510.341
1244,31,4,51.904475559664895,177.64491480200093,513.185
1245,31,5,60.92993192514935,177.64490114162257,516.068
1246,31,6,69.95386174335431,177.64490114162257,518.722
1247,31,7,78.97574933499743,177.64490114162257,520.923
1248,31,8,87.99519854910686,177.64484650010922,522.508
1249,31,9,82.98810981197556,-2.3550671550669677,523.389
1250,31,10,73.97444576809313,-2.355078894454604,523.566
1251,31,11,64.96399874330979,-2.355082309549189,523.117
1252,31,12,55.956915586692666,-2.3550840170964813,522.191
1253,31,13,46.95328509070099,-2.3550848708701277,520.993
1254,31,14,37.953151651564355,-2.3550857246437737,519.756
1255,31,15,28.95653917494487,-2.355086151530597,518.717
1256,31,16,19.963418632538545,-2.3550867918608316,518.093
1257,31,17,10.973732821511096,-2.355087218747655,518.055
1258,31,18,1.9873297701534813,-2.355087432191066,518.707
1259,31,19,-6.995965545131777,-2.3550878590778894,520.081
1260,31,20,-15.976399864928446,-2.3550882859647126,522.122
1261,31,21,-24.954343726999,-2.355088712851536,524.701
1262,31,22,-33.930207796467286,-2.3550893531817705,527.619
1263,31,23,-42.90450604506834,-2.355089993512005,530.629
1264,31,24,-51.877824161523506,-2.355090847285651,533.456
1265,31,25,-60.85086565531728,-2.3550921279461208,535.824
1266,31,26,-69.82427939442083,-2.355094475823648,537.486
1267,31,27,-78.79888841662911,-2.3551002387957602,538.243
1268,31,28,-87.77540989180501,-2.3551521055447697,537.966
1269,31,29,-83.24542352857746,177.64492846237926,536.615
1270,31,30,-74.26295295863447,177.64491480200093,534.238
1271,31,31,-65.2766096714321,177.64491480200093,530.972
1272,31,32,-56.285929214106766,177.64491480200093,527.031
1273,31,33,-47.290607643240406,177.64491480200093,522.69
1274,31,34,-38.290511770144214,177.64491480200093,518.258
1275,31,35,-29.285597198588572,177.64491480200093,514.052
1276,31,36,-20.276068834248587,177.64491480200093,510.367
1277,31,37,-11.262256233751712,177.64491480200093,507.456
1278,31,38,-2.244628118829739,177.64491480200093,505.498
1279,31,39,6.776234944437881,177.64491480200093,504.592
1280,32,0,11.287662829916867,-173.355077889991,504.54
1281,32,1,20.312104912309575,-173.35509155036934,505.196
1282,32,2,29.338022315563006,-173.35509155036934,506.756
1283,32,3,38.3646773792468,-173.35509155036934,509.021
1284,32,4,47.391349518403516,-173.35509155036934,511.741
1285,32,5,56.41736595939991,-173.35509155036934,514.639
1286,32,6,65.44211881539985,-173.35509155036934,517.438
1287,32,7,74.46507874674266,-173.35509155036934,519.891
1288,32,8,83.48580520622689,-173.3551052107477,521.8
1289,32,9,87.49608930569734,6.644973222742223,523.038
1290,32,10,78.48088163906249,6.644928399625795,523.563
1291,32,11,69.46880902925668,6.644922850097094,523.412
1292,32,12,60.46002857063081,6.644920288776155,522.702
1293,32,13,51.454652961306195,6.644919008115686,521.612
1294,32,14,42.45277782393121,6.644918154342039,520.364
1295,32,15,33.45440657360044,6.6449177274552165,519.197
1296,32,16,24.459544332955765,6.644917300568393,518.341
1297,32,17,15.468162073693211,6.64491687368157,517.993
1298,32,18,6.480129595331727,6.644916446794747,518.291
1299,32,19,-2.5046918403462057,6.644916019907924,519.305
1300,32,20,-11.486526348922727,6.644915593021101,521.024
1301,32,21,-20.465661225229802,6.644915166134278,523.356
1302,32,22,-29.44250371929669,6.644914739247454,526.133
1303,32,23,-38.4175191377606,6.644913885473808,529.13
1304,32,24,-47.391253895755135,6.644913458586985,532.083
1305,32,25,-56.36433295558935,6.644912177926516,534.714
1306,32,26,-65.33748714750442,6.644910470379223,536.758
1307,32,27,-74.31139266022821,6.644907055284638,537.987
1308,32,28,-83.28686228627193,6.644894675566768,538.238
1309,32,29,-87.73537815307957,-173.35502324847764,537.424
1310,32,30,-78.75464245118577,-173.355077889991,535.548
1311,32,31,-69.77030040941021,-173.355077889991,532.704
1312,32,32,-60.78183293337596,-173.355077889991,529.07
1313,32,33,-51.788860947584084,-173.355077889991,524.892
1314,32,34,-42.791176131264905,-173.355077889991,520.465
1315,32,35,-33.7886452957296,-173.355077889991,516.107
1316,32,36,-24.78139309193052,-173.355077889991,512.127
1317,32,37,-15.769672236866962,-173.355077889991,508.802
1318,32,38,-6.753885284813131,-173.355077889991,506.349
1319,32,39,2.2654394917873564,-173.355077889991,504.911
1320,33,0,15.799653352228733,-164.3550742244486,504.745
1321,33,1,24.824925302605596,-164.35508788482696,505.874
1322,33,2,33.85130203608071,-164.35508788482696,507.815
1323,33,3,42.87805272241288,-164.35508788482696,510.341
1324,33,4,51.904475559664895,-164.35508788482696,513.185
1325,33,5,60.92993192514935,-164.35508788482696,516.068
1326,33,6,69.95386174335431,-164.35508788482696,518.722
1327,33,7,78.97574933499743,-164.35508788482696,520.923
1328,33,8,87.99519854910686,-164.35515618671866,522.508
1329,33,9,82.98810981197556,15.64493932224419,523.389
1330,33,10,73.97444576809313,15.644929076960434,523.566
1331,33,11,64.96399874330979,15.64492566186585,523.117
1332,33,12,55.956915586692666,15.644923954318557,522.191
1333,33,13,46.95328509070099,15.644922246771264,520.993
1334,33,14,37.953151651564355,15.644922246771264,519.756
1335,33,15,28.95653917494487,15.644920539223971,518.717
1336,33,16,19.963418632538545,15.644920539223971,518.093
1337,33,17,10.973732821511096,15.644920539223971,518.055
1338,33,18,1.9873297701534813,15.644920539223971,518.707
1339,33,19,-6.995965545131777,15.64491883167668,520.081
1340,33,20,-15.976399864928446,15.64491883167668,522.122
1341,33,21,-24.954343726999,15.64491883167668,524.701
1342,33,22,-33.930207796467286,15.64491883167668,527.619
1343,33,23,-42.90450604506834,15.644917124129387,530.629
1344,33,24,-51.877824161523506,15.644917124129387,533.456
1345,33,25,-60.85086565531728,15.644915416582094,535.824
1346,33,26,-69.82427939442083,15.644913709034801,537.486
1347,33,27,-78.79888841662911,15.644906878845632,538.243
1348,33,28,-87.77540989180501,15.644855652426857,537.966
1349,33,29,-83.24542352857746,-164.35506056407027,536.615
1350,33,30,-74.26295295863447,-164.3550742244486,534.238
1351,33,31,-65.2766096714321,-164.3550742244486,530.972
1352,33,32,-56.285929214106766,-164.3550742244486,527.031
1353,33,33,-47.290607643240406,-164.3550742244486,522.69
1354,33,34,-38.290511770144214,-164.3550742244486,518.258
1355,33,35,-29.285597198588572,-164.3550742244486,514.052
1356,33,36,-20.276068834248587,-164.3550742244486,510.367
1357,33,37,-11.262256233751712,-164.3550742244486,507.456
1358,33,38,-2.244628118829739,-164.3550742244486,505.498
1359,33,39,6.776234944437881,-164.3550742244486,504.592
1360,34,0,11.287662829916867,-155.35509787966288,504.54
1361,34,1,20.312104912309575,-155.35511154004124,505.196
1362,34,2,29.338022315563006,-155.35511154004124,506.756
1363,34,3,38.3646773792468,-155.35511154004124,509.021
1364,34,4,47.391349518403516,-155.35511154004124,511.741
1365,34,5,56.41736595939991,-155.35511154004124,514.639
1366,34,6,65.44211881539985,-155.35511154004124,517.438
1367,34,7,74.46507874674266,-155.35511154004124,519.891
1368,34,8,83.48580520622689,-155.35512520041956,521.8
1369,34,9,87.49608930569734,24.644953233070346,523.038
1370,34,10,78.48088163906249,24.64490883684074,523.563
1371,34,11,69.46880902925668,24.64490200665157,523.412
1372,34,12,60.46002857063081,24.64490029910428,522.702
1373,34,13,51.454652961306195,24.644898591556984,521.612
1374,34,14,42.45277782393121,24.644898591556984,520.364
1375,34,15,33.45440657360044,24.644896884009693,519.197
1376,34,16,24.459544332955765,24.644896884009693,518.341
1377,34,17,15.468162073693211,24.644896884009693,517.993
1378,34,18,6.480129595331727,24.644896884009693,518.291
1379,34,19,-2.5046918403462057,24.644895176462402,519.305
1380,34,20,-11.486526348922727,24.644895176462402,521.024
1381,34,21,-20.465661225229802,24.644895176462402,523.356
1382,34,22,-29.44250371929669,24.644895176462402,526.133
1383,34,23,-38.4175191377606,24.644893468915107,529.13
1384,34,24,-47.391253895755135,24.644893468915107,532.083
1385,34,25,-56.36433295558935,24.644891761367816,534.714
1386,34,26,-65.33748714750442,24.644890053820525,536.758
1387,34,27,-74.31139266022821,24.64488663872594,537.987
1388,34,28,-83.28686228627193,24.64487468589489,538.238
1389,34,29,-87.73537815307957,-155.35504323814953,537.424
1390,34,30,-78.75464245118577,-155.35509787966288,535.548
1391,34,31,-69.77030040941021,-155.35509787966288,532.704
1392,34,32,-60.78183293337596,-155.35509787966288,529.07
1393,34,33,-51.788860947584084,-155.35509787966288,524.892
1394,34,34,-42.791176131264905,-155.35509787966288,520.465
1395,34,35,-33.7886452957296,-155.35509787966288,516.107
1396,34,36,-24.78139309193052,-155.35509787966288,512.127
1397,34,37,-15.769672236866962,-155.35509787966288,508.802
1398,34,38,-6.753885284813131,-155.35509787966288,506.349
1399,34,39,2.2654394917873564,-155.35509787966288,504.911
1400,35,0,15.799653352228733,-146.35509421412047,504.745
1401,35,1,24.824925302605596,-146.35510787449883,505.874
1402,35,2,33.85130203608071,-146.35510787449883,507.815
1403,35,3,42.87805272241288,-146.35510787449883,510.341
1404,35,4,51.904475559664895,-146.35510787449883,513.185
1405,35,5,60.92993192514935,-146.35510787449883,516.068
1406,35,6,69.95386174335431,-146.35510787449883,518.722
1407,35,7,78.97574933499743,-146.35510787449883,520.923
1408,35,8,87.99519854910686,-146.35517617639053,522.508
1409,35,9,82.98810981197556,33.644921040119605,523.389
1410,35,10,73.97444576809313,33.64490737974126,523.566
1411,35,11,64.96399874330979,33.64490396464668,523.117
1412,35,12,55.956915586692666,33.64490396464668,522.191
1413,35,13,46.95328509070099,33.64490396464668,520.993
1414,35,14,37.953151651564355,33.6449005495521,519.756
1415,35,15,28.95653917494487,33.6449005495521,518.717
1416,35,16,19.963418632538545,33.6449005495521,518.093
1417,35,17,10.973732821511096,33.6449005495521,518.055
1418,35,18,1.9873297701534813,33.6449005495521,518.707
1419,35,19,-6.995965545131777,33.6449005495521,520.081
1420,35,20,-15.976399864928446,33.6449005495521,522.122
1421,35,21,-24.954343726999,33.64489713445751,524.701
1422,35,22,-33.930207796467286,33.64489713445751,527.619
1423,35,23,-42.90450604506834,33.64489713445751,530.629
1424,35,24,-51.877824161523506,33.64489713445751,533.456
1425,35,25,-60.85086565531728,33.644893719362926,535.824
1426,35,26,-69.82427939442083,33.644893719362926,537.486
1427,35,27,-78.79888841662911,33.644886889173755,538.243
1428,35,28,-87.77540989180501,33.64483566275498,537.966
1429,35,29,-83.24542352857746,-146.35508055374214,536.615
1430,35,30,-74.26295295863447,-146.35509421412047,534.238
1431,35,31,-65.2766096714321,-146.35509421412047,530.972
1432,35,32,-56.285929214106766,-146.35509421412047,527.031
1433,35,33,-47.290607643240406,-146.35509421412047,522.69
1434,35,34,-38.290511770144214,-146.35509421412047,518.258
1435,35,35,-29.285597198588572,-146.35509421412047,514.052
1436,35,36,-20.276068834248587,-146.35509421412047,510.367
1437,35,37,-11.262256233751712,-146.35509421412047,507.456
1438,35,38,-2.244628118829739,-146.35509421412047,505.498
1439,35,39,6.776234944437881,-146.35509421412047,504.592
1440,36,0,11.287662829916867,-137.3550905485781,504.54
1441,36,1,20.312104912309575,-137.35510420895642,505.196
1442,36,2,29.338022315563006,-137.35510420895642,506.756
1443,36,3,38.3646773792468,-137.35510420895642,509.021
1444,36,4,47.391349518403516,-137.35510420895642,511.741
1445,36,5,56.41736595939991,-137.35510420895642,514.639
1446,36,6,65.44211881539985,-137.35510420895642,517.438
1447,36,7,74.46507874674266,-137.35510420895642,519.891
1448,36,8,83.48580520622689,-137.35511786933475,521.8
1449,36,9,87.49608930569734,42.64496227170244,523.038
1450,36,10,78.48088163906249,42.64491446037825,523.563
1451,36,11,69.46880902925668,42.64491104528366,523.412
1452,36,12,60.46002857063081,42.64490763018908,522.702
1453,36,13,51.454652961306195,42.64490763018908,521.612
1454,36,14,42.45277782393121,42.6449042150945,520.364
1455,36,15,33.45440657360044,42.6449042150945,519.197
1456,36,16,24.459544332955765,42.6449042150945,518.341
1457,36,17,15.468162073693211,42.6449042150945,517.993
1458,36,18,6.480129595331727,42.6449042150945,518.291
1459,36,19,-2.5046918403462057,42.6449042150945,519.305
1460,36,20,-11.486526348922727,42.6449042150945,521.024
1461,36,21,-20.465661225229802,42.64490079999991,523.356
1462,36,22,-29.44250371929669,42.64490079999991,526.133
1463,36,23,-38.4175191377606,42.64490079999991,529.13
1464,36,24,-47.391253895755135,42.64490079999991,532.083
1465,36,25,-56.36433295558935,42.64490079999991,534.714
1466,36,26,-65.33748714750442,42.64489738490533,536.758
1467,36,27,-74.31139266022821,42.644893969810745,537.987
1468,36,28,-83.28686228627193,42.644883724526984,538.238
1469,36,29,-87.73537815307957,-137.35503590706472,537.424
1470,36,30,-78.75464245118577,-137.3550905485781,535.548
1471,36,31,-69.77030040941021,-137.3550905485781,532.704
1472,36,32,-60.78183293337596,-137.3550905485781,529.07
1473,36,33,-51.788860947584084,-137.3550905485781,524.892
1474,36,34,-42.791176131264905,-137.3550905485781,520.465
1475,36,35,-33.7886452957296,-137.3550905485781,516.107
1476,36,36,-24.78139309193052,-137.3550905485781,512.127
1477,36,37,-15.769672236866962,-137.3550905485781,508.802
1478,36,38,-6.753885284813131,-137.3550905485781,506.349
1479,36,39,2.2654394917873564,-137.3550905485781,504.911
1480,37,0,15.799653352228733,-128.35508688303568,504.745
1481,37,1,24.824925302605596,-128.355100543414,505.874
1482,37,2,33.85130203608071,-128.355100543414,507.815
1483,37,3,42.87805272241288,-128.355100543414,510.341
1484,37,4,51.904475559664895,-128.355100543414,513.185
1485,37,5,60.92993192514935,-128.355100543414,516.068
1486,37,6,69.95386174335431,-128.355100543414,518.722
1487,37,7,78.97574933499743,-128.355100543414,520.923
1488,37,8,87.99519854910686,-128.3551688453057,522.508
1489,37,9,82.98810981197556,51.64492837120441,523.389
1490,37,10,73.97444576809313,51.64491471082607,523.566
1491,37,11,64.96399874330979,51.64491129573148,523.117
1492,37,12,55.956915586692666,51.64491129573148,522.191
1493,37,13,46.95328509070099,51.64491129573148,520.993
1494,37,14,37.953151651564355,51.6449078806369,519.756
1495,37,15,28.95653917494487,51.6449078806369,518.717
1496,37,16,19.963418632538545,51.6449078806369,518.093
1497,37,17,10.973732821511096,51.6449078806369,518.055
1498,37,18,1.9873297701534813,51.6449078806369,518.707
1499,37,19,-6.995965545131777,51.6449078806369,520.081
1500,37,20,-15.976399864928446,51.6449078806369,522.122
1501,37,21,-24.954343726999,51.64490446554231,524.701
1502,37,22,-33.930207796467286,51.64490446554231,527.619
1503,37,23,-42.90450604506834,51.64490446554231,530.629
1504,37,24,-51.877824161523506,51.64490446554231,533.456
1505,37,25,-60.85086565531728,51.64490105044773,535.824
1506,37,26,-69.82427939442083,51.64490105044773,537.486
1507,37,27,-78.79888841662911,51.64489422025856,538.243
1508,37,28,-87.77540989180501,51.64484299383978,537.966
1509,37,29,-83.24542352857746,-128.35507322265735,536.615
1510,37,30,-74.26295295863447,-128.35508688303568,534.238
1511,37,31,-65.2766096714321,-128.35508688303568,530.972
1512,37,32,-56.285929214106766,-128.35508688303568,527.031
1513,37,33,-47.290607643240406,-128.35508688303568,522.69
1514,37,34,-38.290511770144214,-128.35508688303568,518.258
1515,37,35,-29.285597198588572,-128.35508688303568,514.052
1516,37,36,-20.276068834248587,-128.35508688303568,510.367
1517,37,37,-11.262256233751712,-128.35508688303568,507.456
1518,37,38,-2.244628118829739,-128.35508688303568,505.498
1519,37,39,6.776234944437881,-128.35508688303568,504.592
1520,38,0,11.287662829916867,-119.35508321749327,504.54
1521,38,1,20.312104912309575,-119.35509687787162,505.196
1522,38,2,29.338022315563006,-119.35509687787162,506.756
1523,38,3,38.3646773792468,-119.35509687787162,509.021
1524,38,4,47.391349518403516,-119.35509687787162,511.741
1525,38,5,56.41736595939991,-119.35509687787162,514.639
1526,38,6,65.44211881539985,-119.35509687787162,517.438
1527,38,7,74.46507874674266,-119.35509687787162,519.891
1528,38,8,83.48580520622689,-119.35511053824996,521.8
1529,38,9,87.49608930569734,60.64496960278724,523.038
1530,38,10,78.48088163906249,60.644921791463055,523.563
1531,38,11,69.46880902925668,60.644914961273884,523.412
1532,38,12,60.46002857063081,60.644914961273884,522.702
1533,38,13,51.454652961306195,60.644914961273884,521.612
1534,38,14,42.45277782393121,60.644914961273884,520.364
1535,38,15,33.45440657360044,60.644914961273884,519.197
1536,38,16,24.459544332955765,60.644914961273884,518.341
1537,38,17,15.468162073693211,60.64490813108471,517.993
1538,38,18,6.480129595331727,60.64490813108471,518.291
1539,38,19,-2.5046918403462057,60.64490813108471,519.305
1540,38,20,-11.486526348922727,60.64490813108471,521.024
1541,38,21,-20.465661225229802,60.64490813108471,523.356
1542,38,22,-29.44250371929669,60.64490813108471,526.133
1543,38,23,-38.4175191377606,60.64490813108471,529.13
1544,38,24,-47.391253895755135,60.64490813108471,532.083
1545,38,25,-56.36433295558935,60.64490813108471,534.714
1546,38,26,-65.33748714750442,60.64490813108471,536.758
1547,38,27,-74.31139266022821,60.64490130089555,537.987
1548,38,28,-83.28686228627193,60.644887640517204,538.238
1549,38,29,-87.73537815307957,-119.35502857597992,537.424
1550,38,30,-78.75464245118577,-119.35508321749327,535.548
1551,38,31,-69.77030040941021,-119.35508321749327,532.704
1552,38,32,-60.78183293337596,-119.35508321749327,529.07
1553,38,33,-51.788860947584084,-119.35508321749327,524.892
1554,38,34,-42.791176131264905,-119.35508321749327,520.465
1555,38,35,-33.7886452957296,-119.35508321749327,516.107
1556,38,36,-24.78139309193052,-119.35508321749327,512.127
1557,38,37,-15.769672236866962,-119.35508321749327,508.802
1558,38,38,-6.753885284813131,-119.35508321749327,506.349
1559,38,39,2.2654394917873564,-119.35508321749327,504.911
1560,39,0,15.799653352228733,-110.35508638214004,504.745
1561,39,1,24.824925302605596,-110.35508638214004,505.874
1562,39,2,33.85130203608071,-110.35508638214004,507.815
1563,39,3,42.87805272241288,-110.35508638214004,510.341
1564,39,4,51.904475559664895,-110.35508638214004,513.185
1565,39,5,60.92993192514935,-110.35509321232922,516.068
1566,39,6,69.95386174335431,-110.35509321232922,518.722
1567,39,7,78.97574933499743,-110.35510004251839,520.923
1568,39,8,87.99519854910686,-110.35515468403175,522.508
1569,39,9,82.98810981197556,69.64493228719462,523.389
1570,39,10,73.97444576809313,69.64492545700546,523.566
1571,39,11,64.96399874330979,69.64491862681629,523.117
1572,39,12,55.956915586692666,69.64491862681629,522.191
1573,39,13,46.95328509070099,69.64491862681629,520.993
1574,39,14,37.953151651564355,69.64491862681629,519.756
1575,39,15,28.95653917494487,69.64491862681629,518.717
1576,39,16,19.963418632538545,69.64491862681629,518.093
1577,39,17,10.973732821511096,69.64491179662711,518.055
1578,39,18,1.9873297701534813,69.64491179662711,518.707
1579,39,19,-6.995965545131777,69.64491179662711,520.081
1580,39,20,-15.976399864928446,69.64491179662711,522.122
1581,39,21,-24.954343726999,69.64491179662711,524.701
1582,39,22,-33.930207796467286,69.64491179662711,527.619
1583,39,23,-42.90450604506834,69.64491179662711,530.629
1584,39,24,-51.877824161523506,69.64491179662711,533.456
1585,39,25,-60.85086565531728,69.64491179662711,535.824
1586,39,26,-69.82427939442083,69.64490496643795,537.486
1587,39,27,-78.79888841662911,69.64490496643795,538.243
1588,39,28,-87.77540989180501,69.64485032492459,537.966
1589,39,29,-83.24542352857746,-110.35506589157254,536.615
1590,39,30,-74.26295295863447,-110.35507955195088,534.238
1591,39,31,-65.2766096714321,-110.35507955195088,530.972
1592,39,32,-56.285929214106766,-110.35507955195088,527.031
1593,39,33,-47.290607643240406,-110.35507955195088,522.69
1594,39,34,-38.290511770144214,-110.35508638214004,518.258
1595,39,35,-29.285597198588572,-110.35508638214004,514.052
1596,39,36,-20.276068834248587,-110.35508638214004,510.367
1597,39,37,-11.262256233751712,-110.35508638214004,507.456
1598,39,38,-2.244628118829739,-110.35508638214004,505.498
1599,39,39,6.776234944437881,-110.35508638214004,504.592
