0,0,0,45.53965449856179,-103.61125812399294,511.161
1,0,1,54.56585193957119,-103.61125812399294,514.046
2,0,2,63.59090532389462,-103.61125812399294,516.888
3,0,3,72.61426823639846,-103.61125812399294,519.429
4,0,4,81.63547280912458,-103.61127178437128,521.462
5,0,5,89.3458616272877,76.38896545101684,522.845
6,0,6,80.33004607381672,76.38876054534174,523.516
7,0,7,71.31732459603975,76.38875371515256,523.496
8,0,8,62.30786111849689,76.38875371515256,522.888
9,0,9,53.301795660066105,76.38875371515256,521.859
10,0,10,44.29919310754451,76.3887468849634,520.624
11,0,11,35.30011151754006,76.3887468849634,519.42
12,0,12,26.304535522127118,76.3887468849634,518.483
13,0,13,17.312437800549006,76.3887468849634,518.016
14,0,14,8.323740659403915,76.3887468849634,518.173
15,0,15,-0.6617229207777042,76.3887468849634,519.038
16,0,16,-9.644149414656196,76.3887468849634,520.617
17,0,17,-18.623806800434775,76.3887468849634,522.834
18,0,18,-27.601091549250423,76.3887468849634,525.535
19,0,19,-36.57644164698366,76.3887468849634,528.508
20,0,20,-45.550394971031636,76.3887468849634,531.492
21,0,21,-54.523555993135886,76.3887468849634,534.211
22,0,22,-63.4966350529701,76.38874005477423,536.395
23,0,23,-72.47034932039712,76.38874005477423,537.808
24,0,24,-81.44545011622566,76.38873322458505,538.269
25,0,25,-89.5773230778811,-103.61090978434527,537.677
26,0,26,-80.59722941376928,-103.61123763342543,536.014
27,0,27,-71.61369333431578,-103.6112444636146,533.356
28,0,28,-62.626100122495295,-103.6112444636146,529.866
29,0,29,-53.63407411790347,-103.61125129380376,525.777
30,0,30,-44.63733869787892,-103.61125129380376,521.376
31,0,31,-35.635787994489505,-103.61125129380376,516.979
32,0,32,-26.629486894532352,-103.61125129380376,512.897
33,0,33,-17.61865054896631,-103.61125129380376,509.418
34,0,34,-8.603685354046997,-103.61125129380376,506.773
35,0,35,0.4149629403409678,-103.61125129380376,505.12
36,0,36,9.436654244086732,-103.61125129380376,504.53
37,0,37,18.460703590602165,-103.61125129380376,504.984
38,0,38,27.486380229687352,-103.61125129380376,506.373
39,0,39,36.51294137827006,-103.61125129380376,508.512
40,1,0,50.05285908699862,-94.61125445845053,512.592
41,1,1,59.0785613392932,-94.61125445845053,515.489
42,1,2,68.10283266695666,-94.61126128863971,518.21
43,1,3,77.12516422089583,-94.61126128863971,520.52
44,1,4,86.14514618976052,-94.61128860939638,522.241
45,1,5,84.83758160524245,85.38877787126248,523.27
46,1,6,75.82328235376721,85.38875738069497,523.588
47,1,7,66.81217963082354,85.3887505505058,523.256
48,1,8,57.80440321000566,85.3887505505058,522.413
49,1,9,48.80005895924572,85.3887505505058,521.252
50,1,10,39.799215180435404,85.3887505505058,520.003
51,1,11,30.80188553395306,85.3887505505058,518.905
52,1,12,21.808063189609523,85.3887505505058,518.179
53,1,13,12.817679845513084,85.3887505505058,518.009
54,1,14,3.830614692692802,85.3887505505058,518.515
55,1,15,-5.153299608485988,85.3887505505058,519.741
56,1,16,-14.134308091059761,85.3887505505058,521.654
57,1,17,-23.112721528635753,85.38874372031663,524.136
58,1,18,-32.08897662643402,85.38874372031663,527.003
59,1,19,-41.06355491279105,85.38874372031663,530.015
60,1,20,-50.03702670850254,85.38874372031663,532.902
61,1,21,-59.010061372107145,85.38874372031663,535.386
62,1,22,-67.98336582818396,85.38874372031663,537.211
63,1,23,-76.95768115225795,85.38873689012746,538.166
64,1,24,-85.93374500475946,85.38870956937077,538.108
65,1,25,-85.08766898170246,-94.61122030750468,536.976
66,1,26,-76.10594973256819,-94.61124079807219,534.801
67,1,27,-67.12043289825539,-94.61124762826137,531.702
68,1,28,-58.13066085608966,-94.61124762826137,527.879
69,1,29,-49.13630575699086,-94.61124762826137,523.596
70,1,30,-40.137166110378466,-94.61124762826137,519.157
71,1,31,-31.133221425684965,-94.61124762826137,514.88
72,1,32,-22.124615136882934,-94.61124762826137,511.066
73,1,33,-13.111645210974908,-94.61125445845053,507.979
74,1,34,-4.094782077239977,-94.61125445845053,505.815
75,1,35,4.925469684096927,-94.61125445845053,504.691
76,1,36,13.948428761666095,-94.61125445845053,504.631
77,1,37,22.9733839620202,-94.61125445845053,505.571
78,1,38,31.999596770955232,-94.61125445845053,507.363
79,1,39,41.02632696671989,-94.61125445845053,509.79
80,2,0,45.53965449856179,-85.6112576230973,511.161
81,2,1,54.56585193957119,-85.6112576230973,514.046
82,2,2,63.59090532389462,-85.6112576230973,516.888
83,2,3,72.61426823639846,-85.6112576230973,519.429
84,2,4,81.63547280912458,-85.61127128347565,521.462
85,2,5,89.3458616272877,94.38896595191247,522.845
86,2,6,80.33004607381672,94.38876104623736,523.516
87,2,7,71.31732459603975,94.3887542160482,523.496
88,2,8,62.30786111849689,94.3887542160482,522.888
89,2,9,53.301795660066105,94.3887542160482,521.859
90,2,10,44.29919310754451,94.38874738585903,520.624
91,2,11,35.30011151754006,94.38874738585903,519.42
92,2,12,26.304535522127118,94.38874738585903,518.483
93,2,13,17.312437800549006,94.38874738585903,518.016
94,2,14,8.323740659403915,94.38874738585903,518.173
95,2,15,-0.6617229207777042,94.38874738585903,519.038
96,2,16,-9.644149414656196,94.38874738585903,520.617
97,2,17,-18.623806800434775,94.38874738585903,522.834
98,2,18,-27.601091549250423,94.38874738585903,525.535
99,2,19,-36.57644164698366,94.38874738585903,528.508
100,2,20,-45.550394971031636,94.38874738585903,531.492
101,2,21,-54.523555993135886,94.38874738585903,534.211
102,2,22,-63.4966350529701,94.38874055566986,536.395
103,2,23,-72.47034932039712,94.38874055566986,537.808
104,2,24,-81.44545011622566,94.38873372548069,538.269
105,2,25,-89.5773230778811,-85.61090928344963,537.677
106,2,26,-80.59722941376928,-85.6112371325298,536.014
107,2,27,-71.61369333431578,-85.61124396271896,533.356
108,2,28,-62.626100122495295,-85.61124396271896,529.866
109,2,29,-53.63407411790347,-85.61125079290814,525.777
110,2,30,-44.63733869787892,-85.61125079290814,521.376
111,2,31,-35.635787994489505,-85.61125079290814,516.979
112,2,32,-26.629486894532352,-85.61125079290814,512.897
113,2,33,-17.61865054896631,-85.61125079290814,509.418
114,2,34,-8.603685354046997,-85.61125079290814,506.773
115,2,35,0.4149629403409678,-85.61125079290814,505.12
116,2,36,9.436654244086732,-85.61125079290814,504.53
117,2,37,18.460703590602165,-85.61125079290814,504.984
118,2,38,27.486380229687352,-85.61125079290814,506.373
119,2,39,36.51294137827006,-85.61125079290814,508.512
120,3,0,50.05285908699862,-76.61125395755491,512.592
121,3,1,59.0785613392932,-76.61125395755491,515.489
122,3,2,68.10283266695666,-76.61126078774407,518.21
123,3,3,77.12516422089583,-76.61126078774407,520.52
124,3,4,86.14514618976052,-76.61128810850076,522.241
125,3,5,84.83758160524245,103.38877837215811,523.27
126,3,6,75.82328235376721,103.3887578815906,523.588
127,3,7,66.81217963082354,103.38875105140143,523.256
128,3,8,57.80440321000566,103.38875105140143,522.413
129,3,9,48.80005895924572,103.38875105140143,521.252
130,3,10,39.799215180435404,103.38875105140143,520.003
131,3,11,30.80188553395306,103.38875105140143,518.905
132,3,12,21.808063189609523,103.38875105140143,518.179
133,3,13,12.817679845513084,103.38875105140143,518.009
134,3,14,3.830614692692802,103.38875105140143,518.515
135,3,15,-5.153299608485988,103.38875105140143,519.741
136,3,16,-14.134308091059761,103.38875105140143,521.654
137,3,17,-23.112721528635753,103.38874422121226,524.136
138,3,18,-32.08897662643402,103.38874422121226,527.003
139,3,19,-41.06355491279105,103.38874422121226,530.015
140,3,20,-50.03702670850254,103.38874422121226,532.902
141,3,21,-59.010061372107145,103.38874422121226,535.386
142,3,22,-67.98336582818396,103.38874422121226,537.211
143,3,23,-76.95768115225795,103.38873739102308,538.166
144,3,24,-85.93374500475946,103.38871007026641,538.108
145,3,25,-85.08766898170246,-76.61121980660906,536.976
146,3,26,-76.10594973256819,-76.61124029717656,534.801
147,3,27,-67.12043289825539,-76.61124712736573,531.702
148,3,28,-58.13066085608966,-76.61124712736573,527.879
149,3,29,-49.13630575699086,-76.61124712736573,523.596
150,3,30,-40.137166110378466,-76.61124712736573,519.157
151,3,31,-31.133221425684965,-76.61124712736573,514.88
152,3,32,-22.124615136882934,-76.61124712736573,511.066
153,3,33,-13.111645210974908,-76.61125395755491,507.979
154,3,34,-4.094782077239977,-76.61125395755491,505.815
155,3,35,4.925469684096927,-76.61125395755491,504.691
156,3,36,13.948428761666095,-76.61125395755491,504.631
157,3,37,22.9733839620202,-76.61125395755491,505.571
158,3,38,31.999596770955232,-76.61125395755491,507.363
159,3,39,41.02632696671989,-76.61125395755491,509.79
160,4,0,45.53965449856179,-67.61125712220166,511.161
161,4,1,54.56585193957119,-67.61125712220166,514.046
162,4,2,63.59090532389462,-67.61125712220166,516.888
163,4,3,72.61426823639846,-67.61125712220166,519.429
164,4,4,81.63547280912458,-67.61127078258001,521.462
165,4,5,89.3458616272877,112.3889664528081,522.845
166,4,6,80.33004607381672,112.388761547133,523.516
167,4,7,71.31732459603975,112.38875471694384,523.496
168,4,8,62.30786111849689,112.38875471694384,522.888
169,4,9,53.301795660066105,112.38875471694384,521.859
170,4,10,44.29919310754451,112.38874788675466,520.624
171,4,11,35.30011151754006,112.38874788675466,519.42
172,4,12,26.304535522127118,112.38874788675466,518.483
173,4,13,17.312437800549006,112.38874788675466,518.016
174,4,14,8.323740659403915,112.38874788675466,518.173
175,4,15,-0.6617229207777042,112.38874788675466,519.038
176,4,16,-9.644149414656196,112.38874788675466,520.617
177,4,17,-18.623806800434775,112.38874788675466,522.834
178,4,18,-27.601091549250423,112.38874788675466,525.535
179,4,19,-36.57644164698366,112.38874788675466,528.508
180,4,20,-45.550394971031636,112.38874788675466,531.492
181,4,21,-54.523555993135886,112.38874788675466,534.211
182,4,22,-63.4966350529701,112.3887410565655,536.395
183,4,23,-72.47034932039712,112.3887410565655,537.808
184,4,24,-81.44545011622566,112.38873422637633,538.269
185,4,25,-89.5773230778811,-67.610908782554,537.677
186,4,26,-80.59722941376928,-67.61123663163416,536.014
187,4,27,-71.61369333431578,-67.61124346182334,533.356
188,4,28,-62.626100122495295,-67.61124346182334,529.866
189,4,29,-53.63407411790347,-67.6112502920125,525.777
190,4,30,-44.63733869787892,-67.6112502920125,521.376
191,4,31,-35.635787994489505,-67.6112502920125,516.979
192,4,32,-26.629486894532352,-67.6112502920125,512.897
193,4,33,-17.61865054896631,-67.6112502920125,509.418
194,4,34,-8.603685354046997,-67.6112502920125,506.773
195,4,35,0.4149629403409678,-67.6112502920125,505.12
196,4,36,9.436654244086732,-67.6112502920125,504.53
197,4,37,18.460703590602165,-67.6112502920125,504.984
198,4,38,27.486380229687352,-67.6112502920125,506.373
199,4,39,36.51294137827006,-67.6112502920125,508.512
200,5,0,50.05285908699862,-58.61125345665927,512.592
201,5,1,59.0785613392932,-58.61125345665927,515.489
202,5,2,68.10283266695666,-58.61126028684844,518.21
203,5,3,77.12516422089583,-58.61126028684844,520.52
204,5,4,86.14514618976052,-58.61128760760512,522.241
205,5,5,84.83758160524245,121.38877204286457,523.27
206,5,6,75.82328235376721,121.38875838248623,523.588
207,5,7,66.81217963082354,121.38875838248623,523.256
208,5,8,57.80440321000566,121.38875838248623,522.413
209,5,9,48.80005895924572,121.38875838248623,521.252
210,5,10,39.799215180435404,121.3887447221079,520.003
211,5,11,30.80188553395306,121.3887447221079,518.905
212,5,12,21.808063189609523,121.3887447221079,518.179
213,5,13,12.817679845513084,121.3887447221079,518.009
214,5,14,3.830614692692802,121.3887447221079,518.515
215,5,15,-5.153299608485988,121.3887447221079,519.741
216,5,16,-14.134308091059761,121.3887447221079,521.654
217,5,17,-23.112721528635753,121.3887447221079,524.136
218,5,18,-32.08897662643402,121.3887447221079,527.003
219,5,19,-41.06355491279105,121.3887447221079,530.015
220,5,20,-50.03702670850254,121.3887447221079,532.902
221,5,21,-59.010061372107145,121.3887447221079,535.386
222,5,22,-67.98336582818396,121.3887447221079,537.211
223,5,23,-76.95768115225795,121.3887447221079,538.166
224,5,24,-85.93374500475946,121.38871740135122,538.108
225,5,25,-85.08766898170246,-58.61121930571342,536.976
226,5,26,-76.10594973256819,-58.61123979628093,534.801
227,5,27,-67.12043289825539,-58.6112466264701,531.702
228,5,28,-58.13066085608966,-58.6112466264701,527.879
229,5,29,-49.13630575699086,-58.6112466264701,523.596
230,5,30,-40.137166110378466,-58.6112466264701,519.157
231,5,31,-31.133221425684965,-58.6112466264701,514.88
232,5,32,-22.124615136882934,-58.6112466264701,511.066
233,5,33,-13.111645210974908,-58.61125345665927,507.979
234,5,34,-4.094782077239977,-58.61125345665927,505.815
235,5,35,4.925469684096927,-58.61125345665927,504.691
236,5,36,13.948428761666095,-58.61125345665927,504.631
237,5,37,22.9733839620202,-58.61125345665927,505.571
238,5,38,31.999596770955232,-58.61125345665927,507.363
239,5,39,41.02632696671989,-58.61125345665927,509.79
240,6,0,45.53965449856179,-49.61125320621145,511.161
241,6,1,54.56585193957119,-49.61125320621145,514.046
242,6,2,63.59090532389462,-49.61125662130604,516.888
243,6,3,72.61426823639846,-49.61126003640062,519.429
244,6,4,81.63547280912458,-49.611266866589794,521.462
245,6,5,89.3458616272877,130.38896695370374,522.845
246,6,6,80.33004607381672,130.38876204802864,523.516
247,6,7,71.31732459603975,130.38876204802864,523.496
248,6,8,62.30786111849689,130.3887483876503,522.888
249,6,9,53.301795660066105,130.3887483876503,521.859
250,6,10,44.29919310754451,130.3887483876503,520.624
251,6,11,35.30011151754006,130.3887483876503,519.42
252,6,12,26.304535522127118,130.3887483876503,518.483
253,6,13,17.312437800549006,130.3887483876503,518.016
254,6,14,8.323740659403915,130.3887483876503,518.173
255,6,15,-0.6617229207777042,130.3887483876503,519.038
256,6,16,-9.644149414656196,130.3887483876503,520.617
257,6,17,-18.623806800434775,130.3887483876503,522.834
258,6,18,-27.601091549250423,130.3887483876503,525.535
259,6,19,-36.57644164698366,130.3887483876503,528.508
260,6,20,-45.550394971031636,130.3887483876503,531.492
261,6,21,-54.523555993135886,130.3887483876503,534.211
262,6,22,-63.4966350529701,130.3887483876503,536.395
263,6,23,-72.47034932039712,130.38873472727195,537.808
264,6,24,-81.44545011622566,130.38873472727195,538.269
265,6,25,-89.5773230778811,-49.61091169675295,537.677
266,6,26,-80.59722941376928,-49.611236130738526,536.014
267,6,27,-71.61369333431578,-49.6112429609277,533.356
268,6,28,-62.626100122495295,-49.61124637602228,529.866
269,6,29,-53.63407411790347,-49.61124637602228,525.777
270,6,30,-44.63733869787892,-49.61124979111687,521.376
271,6,31,-35.635787994489505,-49.61124979111687,516.979
272,6,32,-26.629486894532352,-49.61124979111687,512.897
273,6,33,-17.61865054896631,-49.61124979111687,509.418
274,6,34,-8.603685354046997,-49.61124979111687,506.773
275,6,35,0.4149629403409678,-49.61124979111687,505.12
276,6,36,9.436654244086732,-49.61124979111687,504.53
277,6,37,18.460703590602165,-49.61125320621145,504.984
278,6,38,27.486380229687352,-49.61125320621145,506.373
279,6,39,36.51294137827006,-49.61125320621145,508.512
280,7,0,50.05285908699862,-40.61125637085822,512.592
281,7,1,59.0785613392932,-40.611259785952804,515.489
282,7,2,68.10283266695666,-40.611259785952804,518.21
283,7,3,77.12516422089583,-40.61126320104739,520.52
284,7,4,86.14514618976052,-40.61129052180407,522.241
285,7,5,84.83758160524245,139.38877937394938,523.27
286,7,6,75.82328235376721,139.3887520531927,523.588
287,7,7,66.81217963082354,139.3887520531927,523.256
288,7,8,57.80440321000566,139.3887520531927,522.413
289,7,9,48.80005895924572,139.3887520531927,521.252
290,7,10,39.799215180435404,139.3887520531927,520.003
291,7,11,30.80188553395306,139.3887520531927,518.905
292,7,12,21.808063189609523,139.3887520531927,518.179
293,7,13,12.817679845513084,139.3887520531927,518.009
294,7,14,3.830614692692802,139.3887520531927,518.515
295,7,15,-5.153299608485988,139.3887520531927,519.741
296,7,16,-14.134308091059761,139.3887520531927,521.654
297,7,17,-23.112721528635753,139.38873839281436,524.136
298,7,18,-32.08897662643402,139.38873839281436,527.003
299,7,19,-41.06355491279105,139.38873839281436,530.015
300,7,20,-50.03702670850254,139.38873839281436,532.902
301,7,21,-59.010061372107145,139.38873839281436,535.386
302,7,22,-67.98336582818396,139.38873839281436,537.211
303,7,23,-76.95768115225795,139.38873839281436,538.166
304,7,24,-85.93374500475946,139.38871107205767,538.108
305,7,25,-85.08766898170246,-40.61122563500695,536.976
306,7,26,-76.10594973256819,-40.61124271047988,534.801
307,7,27,-67.12043289825539,-40.61124954066905,531.702
308,7,28,-58.13066085608966,-40.61124954066905,527.879
309,7,29,-49.13630575699086,-40.61124954066905,523.596
310,7,30,-40.137166110378466,-40.61125295576363,519.157
311,7,31,-31.133221425684965,-40.61125295576363,514.88
312,7,32,-22.124615136882934,-40.61125295576363,511.066
313,7,33,-13.111645210974908,-40.61125295576363,507.979
314,7,34,-4.094782077239977,-40.61125295576363,505.815
315,7,35,4.925469684096927,-40.61125295576363,504.691
316,7,36,13.948428761666095,-40.61125295576363,504.631
317,7,37,22.9733839620202,-40.61125637085822,505.571
318,7,38,31.999596770955232,-40.61125637085822,507.363
319,7,39,41.02632696671989,-40.61125637085822,509.79
320,8,0,45.53965449856179,-31.61125270531582,511.161
321,8,1,54.56585193957119,-31.61125270531582,514.046
322,8,2,63.59090532389462,-31.611256120410403,516.888
323,8,3,72.61426823639846,-31.61125953550499,519.429
324,8,4,81.63547280912458,-31.61126636569416,521.462
325,8,5,89.3458616272877,148.38897428478853,522.845
326,8,6,80.33004607381672,148.38876937911343,523.516
327,8,7,71.31732459603975,148.3887557187351,523.496
328,8,8,62.30786111849689,148.3887557187351,522.888
329,8,9,53.301795660066105,148.3887557187351,521.859
330,8,10,44.29919310754451,148.3887557187351,520.624
331,8,11,35.30011151754006,148.3887557187351,519.42
332,8,12,26.304535522127118,148.3887557187351,518.483
333,8,13,17.312437800549006,148.3887557187351,518.016
334,8,14,8.323740659403915,148.3887557187351,518.173
335,8,15,-0.6617229207777042,148.3887557187351,519.038
336,8,16,-9.644149414656196,148.3887557187351,520.617
337,8,17,-18.623806800434775,148.3887557187351,522.834
338,8,18,-27.601091549250423,148.38874205835677,525.535
339,8,19,-36.57644164698366,148.38874205835677,528.508
340,8,20,-45.550394971031636,148.38874205835677,531.492
341,8,21,-54.523555993135886,148.38874205835677,534.211
342,8,22,-63.4966350529701,148.38874205835677,536.395
343,8,23,-72.47034932039712,148.38874205835677,537.808
344,8,24,-81.44545011622566,148.3887283979784,538.269
345,8,25,-89.5773230778811,-31.61091119585732,537.677
346,8,26,-80.59722941376928,-31.611235629842895,536.014
347,8,27,-71.61369333431578,-31.611242460032063,533.356
348,8,28,-62.626100122495295,-31.61124587512665,529.866
349,8,29,-53.63407411790347,-31.61124587512665,525.777
350,8,30,-44.63733869787892,-31.611249290221235,521.376
351,8,31,-35.635787994489505,-31.611249290221235,516.979
352,8,32,-26.629486894532352,-31.611249290221235,512.897
353,8,33,-17.61865054896631,-31.611249290221235,509.418
354,8,34,-8.603685354046997,-31.611249290221235,506.773
355,8,35,0.4149629403409678,-31.611249290221235,505.12
356,8,36,9.436654244086732,-31.611249290221235,504.53
357,8,37,18.460703590602165,-31.61125270531582,504.984
358,8,38,27.486380229687352,-31.61125270531582,506.373
359,8,39,36.51294137827006,-31.61125270531582,508.512
360,9,0,50.05285908699862,-22.611255869962587,512.592
361,9,1,59.0785613392932,-22.61125757750988,515.489
362,9,2,68.10283266695666,-22.611259285057173,518.21
363,9,3,77.12516422089583,-22.61126440769905,520.52
364,9,4,86.14514618976052,-22.611290020908438,522.241
365,9,5,84.83758160524245,157.38877304465584,523.27
366,9,6,75.82328235376721,157.3887593842775,523.588
367,9,7,66.81217963082354,157.38874572389915,523.256
368,9,8,57.80440321000566,157.38874572389915,522.413
369,9,9,48.80005895924572,157.38874572389915,521.252
370,9,10,39.799215180435404,157.38874572389915,520.003
371,9,11,30.80188553395306,157.38874572389915,518.905
372,9,12,21.808063189609523,157.38874572389915,518.179
373,9,13,12.817679845513084,157.38874572389915,518.009
374,9,14,3.830614692692802,157.38874572389915,518.515
375,9,15,-5.153299608485988,157.38874572389915,519.741
376,9,16,-14.134308091059761,157.38874572389915,521.654
377,9,17,-23.112721528635753,157.38874572389915,524.136
378,9,18,-32.08897662643402,157.38874572389915,527.003
379,9,19,-41.06355491279105,157.38874572389915,530.015
380,9,20,-50.03702670850254,157.38874572389915,532.902
381,9,21,-59.010061372107145,157.38874572389915,535.386
382,9,22,-67.98336582818396,157.38874572389915,537.211
383,9,23,-76.95768115225795,157.38873206352082,538.166
384,9,24,-85.93374500475946,157.38870474276413,538.108
385,9,25,-85.08766898170246,-22.61122342656403,536.976
386,9,26,-76.10594973256819,-22.61124391713154,534.801
387,9,27,-67.12043289825539,-22.611247332226124,531.702
388,9,28,-58.13066085608966,-22.611249039773416,527.879
389,9,29,-49.13630575699086,-22.61125074732071,523.596
390,9,30,-40.137166110378466,-22.61125074732071,519.157
391,9,31,-31.133221425684965,-22.611252454868,514.88
392,9,32,-22.124615136882934,-22.611252454868,511.066
393,9,33,-13.111645210974908,-22.611252454868,507.979
394,9,34,-4.094782077239977,-22.611252454868,505.815
395,9,35,4.925469684096927,-22.611254162415296,504.691
396,9,36,13.948428761666095,-22.611254162415296,504.631
397,9,37,22.9733839620202,-22.611254162415296,505.571
398,9,38,31.999596770955232,-22.611254162415296,507.363
399,9,39,41.02632696671989,-22.611255869962587,509.79
400,10,0,45.53965449856179,-13.611252204420186,511.161
401,10,1,54.56585193957119,-13.611253058193832,514.046
402,10,2,63.59090532389462,-13.611254765741124,516.888
403,10,3,72.61426823639846,-13.611258180835708,519.429
404,10,4,81.63547280912458,-13.611266718572171,521.462
405,10,5,89.3458616272877,166.388967955495,522.845
406,10,6,80.33004607381672,166.38876304981991,523.516
407,10,7,71.31732459603975,166.38876304981991,523.496
408,10,8,62.30786111849689,166.38874938944156,522.888
409,10,9,53.301795660066105,166.38874938944156,521.859
410,10,10,44.29919310754451,166.38874938944156,520.624
411,10,11,35.30011151754006,166.38874938944156,519.42
412,10,12,26.304535522127118,166.38874938944156,518.483
413,10,13,17.312437800549006,166.38874938944156,518.016
414,10,14,8.323740659403915,166.38874938944156,518.173
415,10,15,-0.6617229207777042,166.38874938944156,519.038
416,10,16,-9.644149414656196,166.38874938944156,520.617
417,10,17,-18.623806800434775,166.38874938944156,522.834
418,10,18,-27.601091549250423,166.38874938944156,525.535
419,10,19,-36.57644164698366,166.38874938944156,528.508
420,10,20,-45.550394971031636,166.38874938944156,531.492
421,10,21,-54.523555993135886,166.38874938944156,534.211
422,10,22,-63.4966350529701,166.38874938944156,536.395
423,10,23,-72.47034932039712,166.38873572906323,537.808
424,10,24,-81.44545011622566,166.38873572906323,538.269
425,10,25,-89.5773230778811,-13.610909841188038,537.677
426,10,26,-80.59722941376928,-13.611234275173613,536.014
427,10,27,-71.61369333431578,-13.61124195913643,533.356
428,10,28,-62.626100122495295,-13.611244520457369,529.866
429,10,29,-53.63407411790347,-13.611246228004662,525.777
430,10,30,-44.63733869787892,-13.611247081778307,521.376
431,10,31,-35.635787994489505,-13.611247935551955,516.979
432,10,32,-26.629486894532352,-13.6112487893256,512.897
433,10,33,-17.61865054896631,-13.6112487893256,509.418
434,10,34,-8.603685354046997,-13.611249643099246,506.773
435,10,35,0.4149629403409678,-13.611249643099246,505.12
436,10,36,9.436654244086732,-13.611250496872893,504.53
437,10,37,18.460703590602165,-13.611250496872893,504.984
438,10,38,27.486380229687352,-13.611251350646539,506.373
439,10,39,36.51294137827006,-13.611251350646539,508.512
440,11,0,50.05285908699862,-4.6112557959537765,512.592
441,11,1,59.0785613392932,-4.611257076614246,515.489
442,11,2,68.10283266695666,-4.6112592110483615,518.21
443,11,3,77.12516422089583,-4.6112639068034165,520.52
444,11,4,86.14514618976052,-4.6112899468996265,522.241
445,11,5,84.83758160524245,175.38878037574065,523.27
446,11,6,75.82328235376721,175.38875305498397,523.588
447,11,7,66.81217963082354,175.38875305498397,523.256
448,11,8,57.80440321000566,175.38875305498397,522.413
449,11,9,48.80005895924572,175.38875305498397,521.252
450,11,10,39.799215180435404,175.38875305498397,520.003
451,11,11,30.80188553395306,175.38875305498397,518.905
452,11,12,21.808063189609523,175.38875305498397,518.179
453,11,13,12.817679845513084,175.38875305498397,518.009
454,11,14,3.830614692692802,175.38875305498397,518.515
455,11,15,-5.153299608485988,175.38875305498397,519.741
456,11,16,-14.134308091059761,175.38875305498397,521.654
457,11,17,-23.112721528635753,175.38873939460564,524.136
458,11,18,-32.08897662643402,175.38873939460564,527.003
459,11,19,-41.06355491279105,175.38873939460564,530.015
460,11,20,-50.03702670850254,175.38873939460564,532.902
461,11,21,-59.010061372107145,175.38873939460564,535.386
462,11,22,-67.98336582818396,175.38873939460564,537.211
463,11,23,-76.95768115225795,175.38873939460564,538.166
464,11,24,-85.93374500475946,175.38871207384895,538.108
465,11,25,-85.08766898170246,-4.611223779442042,536.976
466,11,26,-76.10594973256819,-4.6112429893490825,534.801
467,11,27,-67.12043289825539,-4.611246831330491,531.702
468,11,28,-58.13066085608966,-4.611248965764607,527.879
469,11,29,-49.13630575699086,-4.611249819538253,523.596
470,11,30,-40.137166110378466,-4.611250673311899,519.157
471,11,31,-31.133221425684965,-4.611251527085545,514.88
472,11,32,-22.124615136882934,-4.611251953972369,511.066
473,11,33,-13.111645210974908,-4.611252380859192,507.979
474,11,34,-4.094782077239977,-4.611252807746014,505.815
475,11,35,4.925469684096927,-4.611253234632838,504.691
476,11,36,13.948428761666095,-4.611253661519661,504.631
477,11,37,22.9733839620202,-4.6112540884064845,505.571
478,11,38,31.999596770955232,-4.611254515293307,507.363
479,11,39,41.02632696671989,-4.61125494218013,509.79
480,12,0,45.53965449856179,4.388748296475448,511.161
481,12,1,54.56585193957119,4.388747015814979,514.046
482,12,2,63.59090532389462,4.38874573515451,516.888
483,12,3,72.61426823639846,4.388742746946748,519.429
484,12,4,81.63547280912458,4.388733782323462,521.462
485,12,5,89.3458616272877,-175.61103473133286,522.845
486,12,6,80.33004607381672,-175.61123963700797,523.516
487,12,7,71.31732459603975,-175.61123963700797,523.496
488,12,8,62.30786111849689,-175.61123963700797,522.888
489,12,9,53.301795660066105,-175.61123963700797,521.859
490,12,10,44.29919310754451,-175.6112532973863,520.624
491,12,11,35.30011151754006,-175.6112532973863,519.42
492,12,12,26.304535522127118,-175.6112532973863,518.483
493,12,13,17.312437800549006,-175.6112532973863,518.016
494,12,14,8.323740659403915,-175.6112532973863,518.173
495,12,15,-0.6617229207777042,-175.6112532973863,519.038
496,12,16,-9.644149414656196,-175.6112532973863,520.617
497,12,17,-18.623806800434775,-175.6112532973863,522.834
498,12,18,-27.601091549250423,-175.6112532973863,525.535
499,12,19,-36.57644164698366,-175.6112532973863,528.508
500,12,20,-45.550394971031636,-175.6112532973863,531.492
501,12,21,-54.523555993135886,-175.6112532973863,534.211
502,12,22,-63.4966350529701,-175.6112532973863,536.395
503,12,23,-72.47034932039712,-175.6112532973863,537.808
504,12,24,-81.44545011622566,-175.61126695776463,538.269
505,12,25,-89.5773230778811,4.389090659707595,537.677
506,12,26,-80.59722941376928,4.3887657988351965,536.014
507,12,27,-71.61369333431578,4.38875811487238,533.356
508,12,28,-62.626100122495295,4.388755553551441,529.866
509,12,29,-53.63407411790347,4.388754272890972,525.777
510,12,30,-44.63733869787892,4.388753419117326,521.376
511,12,31,-35.635787994489505,4.38875256534368,516.979
512,12,32,-26.629486894532352,4.388752138456856,512.897
513,12,33,-17.61865054896631,4.388751711570033,509.418
514,12,34,-8.603685354046997,4.38875128468321,506.773
515,12,35,0.4149629403409678,4.388750857796387,505.12
516,12,36,9.436654244086732,4.388750430909564,504.53
517,12,37,18.460703590602165,4.38875000402274,504.984
518,12,38,27.486380229687352,4.3887495771359175,506.373
519,12,39,36.51294137827006,4.388748723362271,508.512
520,13,0,50.05285908699862,13.388751108244204,512.592
521,13,1,59.0785613392932,13.388750254470557,515.489
522,13,2,68.10283266695666,13.388748546923265,518.21
523,13,3,77.12516422089583,13.388743424281387,520.52
524,13,4,86.14514618976052,13.388716957298353,522.241
525,13,5,84.83758160524245,-166.61122231108723,523.27
526,13,6,75.82328235376721,-166.61123597146556,523.588
527,13,7,66.81217963082354,-166.61123597146556,523.256
528,13,8,57.80440321000566,-166.61123597146556,522.413
529,13,9,48.80005895924572,-166.61123597146556,521.252
530,13,10,39.799215180435404,-166.6112496318439,520.003
531,13,11,30.80188553395306,-166.6112496318439,518.905
532,13,12,21.808063189609523,-166.6112496318439,518.179
533,13,13,12.817679845513084,-166.6112496318439,518.009
534,13,14,3.830614692692802,-166.6112496318439,518.515
535,13,15,-5.153299608485988,-166.6112496318439,519.741
536,13,16,-14.134308091059761,-166.6112496318439,521.654
537,13,17,-23.112721528635753,-166.6112496318439,524.136
538,13,18,-32.08897662643402,-166.6112496318439,527.003
539,13,19,-41.06355491279105,-166.6112496318439,530.015
540,13,20,-50.03702670850254,-166.6112496318439,532.902
541,13,21,-59.010061372107145,-166.6112496318439,535.386
542,13,22,-67.98336582818396,-166.6112496318439,537.211
543,13,23,-76.95768115225795,-166.6112496318439,538.166
544,13,24,-85.93374500475946,-166.61127695260058,538.108
545,13,25,-85.08766898170246,13.388783551642762,536.976
546,13,26,-76.10594973256819,13.388764768622543,534.801
547,13,27,-67.12043289825539,13.388760499754312,531.702
548,13,28,-58.13066085608966,13.38875879220702,527.879
549,13,29,-49.13630575699086,13.388757084659728,523.596
550,13,30,-40.137166110378466,13.38875623088608,519.157
551,13,31,-31.133221425684965,13.38875623088608,514.88
552,13,32,-22.124615136882934,13.388755377112435,511.066
553,13,33,-13.111645210974908,13.388755377112435,507.979
554,13,34,-4.094782077239977,13.388754523338788,505.815
555,13,35,4.925469684096927,13.388754523338788,504.691
556,13,36,13.948428761666095,13.388753669565142,504.631
557,13,37,22.9733839620202,13.388753669565142,505.571
558,13,38,31.999596770955232,13.388752815791497,507.363
559,13,39,41.02632696671989,13.38875196201785,509.79
560,14,0,45.53965449856179,22.38874196718191,511.161
561,14,1,54.56585193957119,22.38874025963462,514.046
562,14,2,63.59090532389462,22.388738552087325,516.888
563,14,3,72.61426823639846,22.388736844540034,519.429
564,14,4,81.63547280912458,22.38872659925628,521.462
565,14,5,89.3458616272877,-157.6110410606264,522.845
566,14,6,80.33004607381672,-157.6112459663015,523.516
567,14,7,71.31732459603975,-157.6112459663015,523.496
568,14,8,62.30786111849689,-157.6112459663015,522.888
569,14,9,53.301795660066105,-157.6112459663015,521.859
570,14,10,44.29919310754451,-157.61125962667984,520.624
571,14,11,35.30011151754006,-157.61125962667984,519.42
572,14,12,26.304535522127118,-157.61125962667984,518.483
573,14,13,17.312437800549006,-157.61125962667984,518.016
574,14,14,8.323740659403915,-157.61125962667984,518.173
575,14,15,-0.6617229207777042,-157.61125962667984,519.038
576,14,16,-9.644149414656196,-157.61125962667984,520.617
577,14,17,-18.623806800434775,-157.61125962667984,522.834
578,14,18,-27.601091549250423,-157.61125962667984,525.535
579,14,19,-36.57644164698366,-157.61125962667984,528.508
580,14,20,-45.550394971031636,-157.61125962667984,531.492
581,14,21,-54.523555993135886,-157.61125962667984,534.211
582,14,22,-63.4966350529701,-157.61125962667984,536.395
583,14,23,-72.47034932039712,-157.61125962667984,537.808
584,14,24,-81.44545011622566,-157.61127328705817,538.269
585,14,25,-89.5773230778811,22.389083476640412,537.677
586,14,26,-80.59722941376928,22.388759042654836,536.014
587,14,27,-71.61369333431578,22.388752212465665,533.356
588,14,28,-62.626100122495295,22.388748797371083,529.866
589,14,29,-53.63407411790347,22.388747089823788,525.777
590,14,30,-44.63733869787892,22.388747089823788,521.376
591,14,31,-35.635787994489505,22.388745382276497,516.979
592,14,32,-26.629486894532352,22.388745382276497,512.897
593,14,33,-17.61865054896631,22.388745382276497,509.418
594,14,34,-8.603685354046997,22.388745382276497,506.773
595,14,35,0.4149629403409678,22.388743674729206,505.12
596,14,36,9.436654244086732,22.388743674729206,504.53
597,14,37,18.460703590602165,22.388743674729206,504.984
598,14,38,27.486380229687352,22.388743674729206,506.373
599,14,39,36.51294137827006,22.38874196718191,508.512
600,15,0,50.05285908699862,31.388745632724312,512.592
601,15,1,59.0785613392932,31.38874221762973,515.489
602,15,2,68.10283266695666,31.38874221762973,518.21
603,15,3,77.12516422089583,31.388738802535144,520.52
604,15,4,86.14514618976052,31.38871148177846,522.241
605,15,5,84.83758160524245,-148.61122864038074,523.27
606,15,6,75.82328235376721,-148.6112423007591,523.588
607,15,7,66.81217963082354,-148.6112423007591,523.256
608,15,8,57.80440321000566,-148.6112423007591,522.413
609,15,9,48.80005895924572,-148.6112423007591,521.252
610,15,10,39.799215180435404,-148.61125596113743,520.003
611,15,11,30.80188553395306,-148.61125596113743,518.905
612,15,12,21.808063189609523,-148.61125596113743,518.179
613,15,13,12.817679845513084,-148.61125596113743,518.009
614,15,14,3.830614692692802,-148.61125596113743,518.515
615,15,15,-5.153299608485988,-148.61125596113743,519.741
616,15,16,-14.134308091059761,-148.61125596113743,521.654
617,15,17,-23.112721528635753,-148.61125596113743,524.136
618,15,18,-32.08897662643402,-148.61125596113743,527.003
619,15,19,-41.06355491279105,-148.61125596113743,530.015
620,15,20,-50.03702670850254,-148.61125596113743,532.902
621,15,21,-59.010061372107145,-148.61125596113743,535.386
622,15,22,-67.98336582818396,-148.61125596113743,537.211
623,15,23,-76.95768115225795,-148.61125596113743,538.166
624,15,24,-85.93374500475946,-148.61128328189412,538.108
625,15,25,-85.08766898170246,31.388776368575577,536.976
626,15,26,-76.10594973256819,31.388759293102652,534.801
627,15,27,-67.12043289825539,31.388752462913484,531.702
628,15,28,-58.13066085608966,31.388752462913484,527.879
629,15,29,-49.13630575699086,31.388752462913484,523.596
630,15,30,-40.137166110378466,31.388749047818898,519.157
631,15,31,-31.133221425684965,31.388749047818898,514.88
632,15,32,-22.124615136882934,31.388749047818898,511.066
633,15,33,-13.111645210974908,31.388749047818898,507.979
634,15,34,-4.094782077239977,31.388749047818898,505.815
635,15,35,4.925469684096927,31.388749047818898,504.691
636,15,36,13.948428761666095,31.388749047818898,504.631
637,15,37,22.9733839620202,31.388745632724312,505.571
638,15,38,31.999596770955232,31.388745632724312,507.363
639,15,39,41.02632696671989,31.388745632724312,509.79
640,16,0,45.53965449856179,40.38874929826672,511.161
641,16,1,54.56585193957119,40.38874929826672,514.046
642,16,2,63.59090532389462,40.38874588317213,516.888
643,16,3,72.61426823639846,40.388742468077545,519.429
644,16,4,81.63547280912458,40.388735637888374,521.462
645,16,5,89.3458616272877,-139.6110337295416,522.845
646,16,6,80.33004607381672,-139.6112386352167,523.516
647,16,7,71.31732459603975,-139.6112386352167,523.496
648,16,8,62.30786111849689,-139.6112386352167,522.888
649,16,9,53.301795660066105,-139.6112386352167,521.859
650,16,10,44.29919310754451,-139.61125229559502,520.624
651,16,11,35.30011151754006,-139.61125229559502,519.42
652,16,12,26.304535522127118,-139.61125229559502,518.483
653,16,13,17.312437800549006,-139.61125229559502,518.016
654,16,14,8.323740659403915,-139.61125229559502,518.173
655,16,15,-0.6617229207777042,-139.61125229559502,519.038
656,16,16,-9.644149414656196,-139.61125229559502,520.617
657,16,17,-18.623806800434775,-139.61125229559502,522.834
658,16,18,-27.601091549250423,-139.61125229559502,525.535
659,16,19,-36.57644164698366,-139.61125229559502,528.508
660,16,20,-45.550394971031636,-139.61125229559502,531.492
661,16,21,-54.523555993135886,-139.61125229559502,534.211
662,16,22,-63.4966350529701,-139.61125229559502,536.395
663,16,23,-72.47034932039712,-139.61125229559502,537.808
664,16,24,-81.44545011622566,-139.61126595597338,538.269
665,16,25,-89.5773230778811,40.38909080772522,537.677
666,16,26,-80.59722941376928,40.38876637373964,536.014
667,16,27,-71.61369333431578,40.38875954355047,533.356
668,16,28,-62.626100122495295,40.38875612845588,529.866
669,16,29,-53.63407411790347,40.38875612845588,525.777
670,16,30,-44.63733869787892,40.3887527133613,521.376
671,16,31,-35.635787994489505,40.3887527133613,516.979
672,16,32,-26.629486894532352,40.3887527133613,512.897
673,16,33,-17.61865054896631,40.3887527133613,509.418
674,16,34,-8.603685354046997,40.3887527133613,506.773
675,16,35,0.4149629403409678,40.3887527133613,505.12
676,16,36,9.436654244086732,40.3887527133613,504.53
677,16,37,18.460703590602165,40.38874929826672,504.984
678,16,38,27.486380229687352,40.38874929826672,506.373
679,16,39,36.51294137827006,40.38874929826672,508.512
680,17,0,50.05285908699862,49.388739303430775,512.592
681,17,1,59.0785613392932,49.38873588833619,515.489
682,17,2,68.10283266695666,49.38873588833619,518.21
683,17,3,77.12516422089583,49.3887324732416,520.52
684,17,4,86.14514618976052,49.388705152484924,522.241
685,17,5,84.83758160524245,-130.61123496967429,523.27
686,17,6,75.82328235376721,-130.61124863005264,523.588
687,17,7,66.81217963082354,-130.61124863005264,523.256
688,17,8,57.80440321000566,-130.61124863005264,522.413
689,17,9,48.80005895924572,-130.61124863005264,521.252
690,17,10,39.799215180435404,-130.61126229043097,520.003
691,17,11,30.80188553395306,-130.61126229043097,518.905
692,17,12,21.808063189609523,-130.61126229043097,518.179
693,17,13,12.817679845513084,-130.61126229043097,518.009
694,17,14,3.830614692692802,-130.61126229043097,518.515
695,17,15,-5.153299608485988,-130.61126229043097,519.741
696,17,16,-14.134308091059761,-130.61126229043097,521.654
697,17,17,-23.112721528635753,-130.61126229043097,524.136
698,17,18,-32.08897662643402,-130.61126229043097,527.003
699,17,19,-41.06355491279105,-130.61126229043097,530.015
700,17,20,-50.03702670850254,-130.61126229043097,532.902
701,17,21,-59.010061372107145,-130.61126229043097,535.386
702,17,22,-67.98336582818396,-130.61126229043097,537.211
703,17,23,-76.95768115225795,-130.61126229043097,538.166
704,17,24,-85.93374500475946,-130.61128961118766,538.108
705,17,25,-85.08766898170246,49.38877003928204,536.976
706,17,26,-76.10594973256819,49.38875296380912,534.801
707,17,27,-67.12043289825539,49.38874613361995,531.702
708,17,28,-58.13066085608966,49.38874613361995,527.879
709,17,29,-49.13630575699086,49.38874613361995,523.596
710,17,30,-40.137166110378466,49.388742718525364,519.157
711,17,31,-31.133221425684965,49.388742718525364,514.88
712,17,32,-22.124615136882934,49.388742718525364,511.066
713,17,33,-13.111645210974908,49.388742718525364,507.979
714,17,34,-4.094782077239977,49.388742718525364,505.815
715,17,35,4.925469684096927,49.388742718525364,504.691
716,17,36,13.948428761666095,49.388742718525364,504.631
717,17,37,22.9733839620202,49.388739303430775,505.571
718,17,38,31.999596770955232,49.388739303430775,507.363
719,17,39,41.02632696671989,49.388739303430775,509.79
720,18,0,45.53965449856179,58.388739553878594,511.161
721,18,1,54.56585193957119,58.388739553878594,514.046
722,18,2,63.59090532389462,58.388739553878594,516.888
723,18,3,72.61426823639846,58.388739553878594,519.429
724,18,4,81.63547280912458,58.38872589350025,521.462
725,18,5,89.3458616272877,-121.61104005883513,522.845
726,18,6,80.33004607381672,-121.61124496451023,523.516
727,18,7,71.31732459603975,-121.61124496451023,523.496
728,18,8,62.30786111849689,-121.61124496451023,522.888
729,18,9,53.301795660066105,-121.61124496451023,521.859
730,18,10,44.29919310754451,-121.61125862488856,520.624
731,18,11,35.30011151754006,-121.61125862488856,519.42
732,18,12,26.304535522127118,-121.61125862488856,518.483
733,18,13,17.312437800549006,-121.61125862488856,518.016
734,18,14,8.323740659403915,-121.61125862488856,518.173
735,18,15,-0.6617229207777042,-121.61125862488856,519.038
736,18,16,-9.644149414656196,-121.61125862488856,520.617
737,18,17,-18.623806800434775,-121.61125862488856,522.834
738,18,18,-27.601091549250423,-121.61125862488856,525.535
739,18,19,-36.57644164698366,-121.61125862488856,528.508
740,18,20,-45.550394971031636,-121.61125862488856,531.492
741,18,21,-54.523555993135886,-121.61125862488856,534.211
742,18,22,-63.4966350529701,-121.61125862488856,536.395
743,18,23,-72.47034932039712,-121.61125862488856,537.808
744,18,24,-81.44545011622566,-121.6112722852669,538.269
745,18,25,-89.5773230778811,58.389087893526266,537.677
746,18,26,-80.59722941376928,58.3887600444461,536.014
747,18,27,-71.61369333431578,58.38875321425693,533.356
748,18,28,-62.626100122495295,58.38875321425693,529.866
749,18,29,-53.63407411790347,58.388746384067765,525.777
750,18,30,-44.63733869787892,58.388746384067765,521.376
751,18,31,-35.635787994489505,58.388746384067765,516.979
752,18,32,-26.629486894532352,58.388746384067765,512.897
753,18,33,-17.61865054896631,58.388746384067765,509.418
754,18,34,-8.603685354046997,58.388746384067765,506.773
755,18,35,0.4149629403409678,58.388746384067765,505.12
756,18,36,9.436654244086732,58.388746384067765,504.53
757,18,37,18.460703590602165,58.388746384067765,504.984
758,18,38,27.486380229687352,58.388746384067765,506.373
759,18,39,36.51294137827006,58.388746384067765,508.512
760,19,0,50.05285908699862,67.38874321942099,512.592
761,19,1,59.0785613392932,67.38874321942099,515.489
762,19,2,68.10283266695666,67.38874321942099,518.21
763,19,3,77.12516422089583,67.38873638923182,520.52
764,19,4,86.14514618976052,67.38870906847515,522.241
765,19,5,84.83758160524245,-112.61122080840032,523.27
766,19,6,75.82328235376721,-112.61124129896783,523.588
767,19,7,66.81217963082354,-112.611248129157,523.256
768,19,8,57.80440321000566,-112.611248129157,522.413
769,19,9,48.80005895924572,-112.611248129157,521.252
770,19,10,39.799215180435404,-112.611248129157,520.003
771,19,11,30.80188553395306,-112.611248129157,518.905
772,19,12,21.808063189609523,-112.611248129157,518.179
773,19,13,12.817679845513084,-112.611248129157,518.009
774,19,14,3.830614692692802,-112.611248129157,518.515
775,19,15,-5.153299608485988,-112.611248129157,519.741
776,19,16,-14.134308091059761,-112.61125495934617,521.654
777,19,17,-23.112721528635753,-112.61125495934617,524.136
778,19,18,-32.08897662643402,-112.61125495934617,527.003
779,19,19,-41.06355491279105,-112.61125495934617,530.015
780,19,20,-50.03702670850254,-112.61125495934617,532.902
781,19,21,-59.010061372107145,-112.61125495934617,535.386
782,19,22,-67.98336582818396,-112.61125495934617,537.211
783,19,23,-76.95768115225795,-112.61126178953533,538.166
784,19,24,-85.93374500475946,-112.61128911029202,538.108
785,19,25,-85.08766898170246,67.38877737036684,536.976
786,19,26,-76.10594973256819,67.38875687979933,534.801
787,19,27,-67.12043289825539,67.38875687979933,531.702
788,19,28,-58.13066085608966,67.38875004961017,527.879
789,19,29,-49.13630575699086,67.38875004961017,523.596
790,19,30,-40.137166110378466,67.38875004961017,519.157
791,19,31,-31.133221425684965,67.38875004961017,514.88
792,19,32,-22.124615136882934,67.38875004961017,511.066
793,19,33,-13.111645210974908,67.38875004961017,507.979
794,19,34,-4.094782077239977,67.38875004961017,505.815
795,19,35,4.925469684096927,67.38875004961017,504.691
796,19,36,13.948428761666095,67.38875004961017,504.631
797,19,37,22.9733839620202,67.38875004961017,505.571
798,19,38,31.999596770955232,67.38875004961017,507.363
799,19,39,41.02632696671989,67.38875004961017,509.79
800,20,0,45.53965449856179,76.3887468849634,511.161
801,20,1,54.56585193957119,76.3887468849634,514.046
802,20,2,63.59090532389462,76.3887468849634,516.888
803,20,3,72.61426823639846,76.3887468849634,519.429
804,20,4,81.63547280912458,76.38873322458505,521.462
805,20,5,89.3458616272877,-103.61102589756116,522.845
806,20,6,80.33004607381672,-103.61123080323625,523.516
807,20,7,71.31732459603975,-103.61123763342543,523.496
808,20,8,62.30786111849689,-103.6112444636146,522.888
809,20,9,53.301795660066105,-103.6112444636146,521.859
810,20,10,44.29919310754451,-103.6112444636146,520.624
811,20,11,35.30011151754006,-103.6112444636146,519.42
812,20,12,26.304535522127118,-103.6112444636146,518.483
813,20,13,17.312437800549006,-103.6112444636146,518.016
814,20,14,8.323740659403915,-103.6112444636146,518.173
815,20,15,-0.6617229207777042,-103.6112444636146,519.038
816,20,16,-9.644149414656196,-103.6112444636146,520.617
817,20,17,-18.623806800434775,-103.61125129380376,522.834
818,20,18,-27.601091549250423,-103.61125129380376,525.535
819,20,19,-36.57644164698366,-103.61125129380376,528.508
820,20,20,-45.550394971031636,-103.61125129380376,531.492
821,20,21,-54.523555993135886,-103.61125129380376,534.211
822,20,22,-63.4966350529701,-103.61125129380376,536.395
823,20,23,-72.47034932039712,-103.61125812399294,537.808
824,20,24,-81.44545011622566,-103.6112649541821,538.269
825,20,25,-89.5773230778811,76.38909522461107,537.677
826,20,26,-80.59722941376928,76.3887673755309,536.014
827,20,27,-71.61369333431578,76.38876054534174,533.356
828,20,28,-62.626100122495295,76.38876054534174,529.866
829,20,29,-53.63407411790347,76.38875371515256,525.777
830,20,30,-44.63733869787892,76.38875371515256,521.376
831,20,31,-35.635787994489505,76.38875371515256,516.979
832,20,32,-26.629486894532352,76.38875371515256,512.897
833,20,33,-17.61865054896631,76.38875371515256,509.418
834,20,34,-8.603685354046997,76.38875371515256,506.773
835,20,35,0.4149629403409678,76.38875371515256,505.12
836,20,36,9.436654244086732,76.38875371515256,504.53
837,20,37,18.460703590602165,76.38875371515256,504.984
838,20,38,27.486380229687352,76.38875371515256,506.373
839,20,39,36.51294137827006,76.38875371515256,508.512
840,21,0,50.05285908699862,85.38873689012746,512.592
841,21,1,59.0785613392932,85.38873689012746,515.489
842,21,2,68.10283266695666,85.38873689012746,518.21
843,21,3,77.12516422089583,85.38873005993828,520.52
844,21,4,86.14514618976052,85.38870273918161,522.241
845,21,5,84.83758160524245,-94.61122713769386,523.27
846,21,6,75.82328235376721,-94.61124762826137,523.588
847,21,7,66.81217963082354,-94.61125445845053,523.256
848,21,8,57.80440321000566,-94.61125445845053,522.413
849,21,9,48.80005895924572,-94.61125445845053,521.252
850,21,10,39.799215180435404,-94.61125445845053,520.003
851,21,11,30.80188553395306,-94.61125445845053,518.905
852,21,12,21.808063189609523,-94.61125445845053,518.179
853,21,13,12.817679845513084,-94.61125445845053,518.009
854,21,14,3.830614692692802,-94.61125445845053,518.515
855,21,15,-5.153299608485988,-94.61125445845053,519.741
856,21,16,-14.134308091059761,-94.61126128863971,521.654
857,21,17,-23.112721528635753,-94.61126128863971,524.136
858,21,18,-32.08897662643402,-94.61126128863971,527.003
859,21,19,-41.06355491279105,-94.61126128863971,530.015
860,21,20,-50.03702670850254,-94.61126128863971,532.902
861,21,21,-59.010061372107145,-94.61126128863971,535.386
862,21,22,-67.98336582818396,-94.61126128863971,537.211
863,21,23,-76.95768115225795,-94.61126811882887,538.166
864,21,24,-85.93374500475946,-94.61129543958556,538.108
865,21,25,-85.08766898170246,85.38877104107331,536.976
866,21,26,-76.10594973256819,85.3887505505058,534.801
867,21,27,-67.12043289825539,85.3887505505058,531.702
868,21,28,-58.13066085608966,85.38874372031663,527.879
869,21,29,-49.13630575699086,85.38874372031663,523.596
870,21,30,-40.137166110378466,85.38874372031663,519.157
871,21,31,-31.133221425684965,85.38874372031663,514.88
872,21,32,-22.124615136882934,85.38874372031663,511.066
873,21,33,-13.111645210974908,85.38874372031663,507.979
874,21,34,-4.094782077239977,85.38874372031663,505.815
875,21,35,4.925469684096927,85.38874372031663,504.691
876,21,36,13.948428761666095,85.38874372031663,504.631
877,21,37,22.9733839620202,85.38874372031663,505.571
878,21,38,31.999596770955232,85.38874372031663,507.363
879,21,39,41.02632696671989,85.38874372031663,509.79
880,22,0,45.53965449856179,94.38874055566986,511.161
881,22,1,54.56585193957119,94.38874055566986,514.046
882,22,2,63.59090532389462,94.38874055566986,516.888
883,22,3,72.61426823639846,94.38874055566986,519.429
884,22,4,81.63547280912458,94.38872689529153,521.462
885,22,5,89.3458616272877,-85.61103222685469,522.845
886,22,6,80.33004607381672,-85.6112371325298,523.516
887,22,7,71.31732459603975,-85.61124396271896,523.496
888,22,8,62.30786111849689,-85.61125079290814,522.888
889,22,9,53.301795660066105,-85.61125079290814,521.859
890,22,10,44.29919310754451,-85.61125079290814,520.624
891,22,11,35.30011151754006,-85.61125079290814,519.42
892,22,12,26.304535522127118,-85.61125079290814,518.483
893,22,13,17.312437800549006,-85.61125079290814,518.016
894,22,14,8.323740659403915,-85.61125079290814,518.173
895,22,15,-0.6617229207777042,-85.61125079290814,519.038
896,22,16,-9.644149414656196,-85.61125079290814,520.617
897,22,17,-18.623806800434775,-85.6112576230973,522.834
898,22,18,-27.601091549250423,-85.6112576230973,525.535
899,22,19,-36.57644164698366,-85.6112576230973,528.508
900,22,20,-45.550394971031636,-85.6112576230973,531.492
901,22,21,-54.523555993135886,-85.6112576230973,534.211
902,22,22,-63.4966350529701,-85.6112576230973,536.395
903,22,23,-72.47034932039712,-85.61126445328648,537.808
904,22,24,-81.44545011622566,-85.61127128347565,538.269
905,22,25,-89.5773230778811,94.38908889531753,537.677
906,22,26,-80.59722941376928,94.38876104623736,536.014
907,22,27,-71.61369333431578,94.3887542160482,533.356
908,22,28,-62.626100122495295,94.3887542160482,529.866
909,22,29,-53.63407411790347,94.38874738585903,525.777
910,22,30,-44.63733869787892,94.38874738585903,521.376
911,22,31,-35.635787994489505,94.38874738585903,516.979
912,22,32,-26.629486894532352,94.38874738585903,512.897
913,22,33,-17.61865054896631,94.38874738585903,509.418
914,22,34,-8.603685354046997,94.38874738585903,506.773
915,22,35,0.4149629403409678,94.38874738585903,505.12
916,22,36,9.436654244086732,94.38874738585903,504.53
917,22,37,18.460703590602165,94.38874738585903,504.984
918,22,38,27.486380229687352,94.38874738585903,506.373
919,22,39,36.51294137827006,94.38874738585903,508.512
920,23,0,50.05285908699862,103.38874422121226,512.592
921,23,1,59.0785613392932,103.38874422121226,515.489
922,23,2,68.10283266695666,103.38874422121226,518.21
923,23,3,77.12516422089583,103.38873739102308,520.52
924,23,4,86.14514618976052,103.38871007026641,522.241
925,23,5,84.83758160524245,-76.61121980660906,523.27
926,23,6,75.82328235376721,-76.61124029717656,523.588
927,23,7,66.81217963082354,-76.61124712736573,523.256
928,23,8,57.80440321000566,-76.61124712736573,522.413
929,23,9,48.80005895924572,-76.61124712736573,521.252
930,23,10,39.799215180435404,-76.61124712736573,520.003
931,23,11,30.80188553395306,-76.61124712736573,518.905
932,23,12,21.808063189609523,-76.61124712736573,518.179
933,23,13,12.817679845513084,-76.61124712736573,518.009
934,23,14,3.830614692692802,-76.61124712736573,518.515
935,23,15,-5.153299608485988,-76.61124712736573,519.741
936,23,16,-14.134308091059761,-76.61125395755491,521.654
937,23,17,-23.112721528635753,-76.61125395755491,524.136
938,23,18,-32.08897662643402,-76.61125395755491,527.003
939,23,19,-41.06355491279105,-76.61125395755491,530.015
940,23,20,-50.03702670850254,-76.61125395755491,532.902
941,23,21,-59.010061372107145,-76.61125395755491,535.386
942,23,22,-67.98336582818396,-76.61125395755491,537.211
943,23,23,-76.95768115225795,-76.61126078774407,538.166
944,23,24,-85.93374500475946,-76.61128810850076,538.108
945,23,25,-85.08766898170246,103.38877837215811,536.976
946,23,26,-76.10594973256819,103.3887578815906,534.801
947,23,27,-67.12043289825539,103.3887578815906,531.702
948,23,28,-58.13066085608966,103.38875105140143,527.879
949,23,29,-49.13630575699086,103.38875105140143,523.596
950,23,30,-40.137166110378466,103.38875105140143,519.157
951,23,31,-31.133221425684965,103.38875105140143,514.88
952,23,32,-22.124615136882934,103.38875105140143,511.066
953,23,33,-13.111645210974908,103.38875105140143,507.979
954,23,34,-4.094782077239977,103.38875105140143,505.815
955,23,35,4.925469684096927,103.38875105140143,504.691
956,23,36,13.948428761666095,103.38875105140143,504.631
957,23,37,22.9733839620202,103.38875105140143,505.571
958,23,38,31.999596770955232,103.38875105140143,507.363
959,23,39,41.02632696671989,103.38875105140143,509.79
960,24,0,45.53965449856179,112.38874788675466,511.161
961,24,1,54.56585193957119,112.38874788675466,514.046
962,24,2,63.59090532389462,112.38874788675466,516.888
963,24,3,72.61426823639846,112.38874788675466,519.429
964,24,4,81.63547280912458,112.38873422637633,521.462
965,24,5,89.3458616272877,-67.61102489576989,522.845
966,24,6,80.33004607381672,-67.61122980144499,523.516
967,24,7,71.31732459603975,-67.61123663163416,523.496
968,24,8,62.30786111849689,-67.61124346182334,522.888
969,24,9,53.301795660066105,-67.61124346182334,521.859
970,24,10,44.29919310754451,-67.61124346182334,520.624
971,24,11,35.30011151754006,-67.61124346182334,519.42
972,24,12,26.304535522127118,-67.61124346182334,518.483
973,24,13,17.312437800549006,-67.61124346182334,518.016
974,24,14,8.323740659403915,-67.61124346182334,518.173
975,24,15,-0.6617229207777042,-67.61124346182334,519.038
976,24,16,-9.644149414656196,-67.61124346182334,520.617
977,24,17,-18.623806800434775,-67.6112502920125,522.834
978,24,18,-27.601091549250423,-67.6112502920125,525.535
979,24,19,-36.57644164698366,-67.6112502920125,528.508
980,24,20,-45.550394971031636,-67.6112502920125,531.492
981,24,21,-54.523555993135886,-67.6112502920125,534.211
982,24,22,-63.4966350529701,-67.6112502920125,536.395
983,24,23,-72.47034932039712,-67.61125712220166,537.808
984,24,24,-81.44545011622566,-67.61126395239084,538.269
985,24,25,-89.5773230778811,112.38909622640233,537.677
986,24,26,-80.59722941376928,112.38876837732218,536.014
987,24,27,-71.61369333431578,112.388761547133,533.356
988,24,28,-62.626100122495295,112.388761547133,529.866
989,24,29,-53.63407411790347,112.38875471694384,525.777
990,24,30,-44.63733869787892,112.38875471694384,521.376
991,24,31,-35.635787994489505,112.38875471694384,516.979
992,24,32,-26.629486894532352,112.38875471694384,512.897
993,24,33,-17.61865054896631,112.38875471694384,509.418
994,24,34,-8.603685354046997,112.38875471694384,506.773
995,24,35,0.4149629403409678,112.38875471694384,505.12
996,24,36,9.436654244086732,112.38875471694384,504.53
997,24,37,18.460703590602165,112.38875471694384,504.984
998,24,38,27.486380229687352,112.38875471694384,506.373
999,24,39,36.51294137827006,112.38875471694384,508.512
1000,25,0,50.05285908699862,121.3887447221079,512.592
1001,25,1,59.0785613392932,121.3887447221079,515.489
1002,25,2,68.10283266695666,121.38873106172956,518.21
1003,25,3,77.12516422089583,121.38873106172956,520.52
1004,25,4,86.14514618976052,121.38870374097287,522.241
1005,25,5,84.83758160524245,-58.61122613590259,523.27
1006,25,6,75.82328235376721,-58.6112466264701,523.588
1007,25,7,66.81217963082354,-58.61125345665927,523.256
1008,25,8,57.80440321000566,-58.61125345665927,522.413
1009,25,9,48.80005895924572,-58.61125345665927,521.252
1010,25,10,39.799215180435404,-58.61125345665927,520.003
1011,25,11,30.80188553395306,-58.61125345665927,518.905
1012,25,12,21.808063189609523,-58.61125345665927,518.179
1013,25,13,12.817679845513084,-58.61125345665927,518.009
1014,25,14,3.830614692692802,-58.61125345665927,518.515
1015,25,15,-5.153299608485988,-58.61125345665927,519.741
1016,25,16,-14.134308091059761,-58.61126028684844,521.654
1017,25,17,-23.112721528635753,-58.61126028684844,524.136
1018,25,18,-32.08897662643402,-58.61126028684844,527.003
1019,25,19,-41.06355491279105,-58.61126028684844,530.015
1020,25,20,-50.03702670850254,-58.61126028684844,532.902
1021,25,21,-59.010061372107145,-58.61126028684844,535.386
1022,25,22,-67.98336582818396,-58.61126028684844,537.211
1023,25,23,-76.95768115225795,-58.611267117037606,538.166
1024,25,24,-85.93374500475946,-58.611294437794285,538.108
1025,25,25,-85.08766898170246,121.38877204286457,536.976
1026,25,26,-76.10594973256819,121.38875838248623,534.801
1027,25,27,-67.12043289825539,121.3887447221079,531.702
1028,25,28,-58.13066085608966,121.3887447221079,527.879
1029,25,29,-49.13630575699086,121.3887447221079,523.596
1030,25,30,-40.137166110378466,121.3887447221079,519.157
1031,25,31,-31.133221425684965,121.3887447221079,514.88
1032,25,32,-22.124615136882934,121.3887447221079,511.066
1033,25,33,-13.111645210974908,121.3887447221079,507.979
1034,25,34,-4.094782077239977,121.3887447221079,505.815
1035,25,35,4.925469684096927,121.3887447221079,504.691
1036,25,36,13.948428761666095,121.3887447221079,504.631
1037,25,37,22.9733839620202,121.3887447221079,505.571
1038,25,38,31.999596770955232,121.3887447221079,507.363
1039,25,39,41.02632696671989,121.3887447221079,509.79
1040,26,0,45.53965449856179,130.38876204802864,511.161
1041,26,1,54.56585193957119,130.38876204802864,514.046
1042,26,2,63.59090532389462,130.38876204802864,516.888
1043,26,3,72.61426823639846,130.3887483876503,519.429
1044,26,4,81.63547280912458,130.3887483876503,521.462
1045,26,5,89.3458616272877,-49.611020979779674,522.845
1046,26,6,80.33004607381672,-49.61122588545477,523.516
1047,26,7,71.31732459603975,-49.61123271564394,523.496
1048,26,8,62.30786111849689,-49.61123271564394,522.888
1049,26,9,53.301795660066105,-49.611236130738526,521.859
1050,26,10,44.29919310754451,-49.611236130738526,520.624
1051,26,11,35.30011151754006,-49.611236130738526,519.42
1052,26,12,26.304535522127118,-49.611236130738526,518.483
1053,26,13,17.312437800549006,-49.611239545833115,518.016
1054,26,14,8.323740659403915,-49.611239545833115,518.173
1055,26,15,-0.6617229207777042,-49.611239545833115,519.038
1056,26,16,-9.644149414656196,-49.611239545833115,520.617
1057,26,17,-18.623806800434775,-49.611239545833115,522.834
1058,26,18,-27.601091549250423,-49.611239545833115,525.535
1059,26,19,-36.57644164698366,-49.611239545833115,528.508
1060,26,20,-45.550394971031636,-49.6112429609277,531.492
1061,26,21,-54.523555993135886,-49.6112429609277,534.211
1062,26,22,-63.4966350529701,-49.6112429609277,536.395
1063,26,23,-72.47034932039712,-49.61124637602228,537.808
1064,26,24,-81.44545011622566,-49.61125662130604,538.269
1065,26,25,-89.5773230778811,130.38910355748715,537.677
1066,26,26,-80.59722941376928,130.38877570840697,536.014
1067,26,27,-71.61369333431578,130.38876204802864,533.356
1068,26,28,-62.626100122495295,130.38876204802864,529.866
1069,26,29,-53.63407411790347,130.38876204802864,525.777
1070,26,30,-44.63733869787892,130.38876204802864,521.376
1071,26,31,-35.635787994489505,130.38876204802864,516.979
1072,26,32,-26.629486894532352,130.38876204802864,512.897
1073,26,33,-17.61865054896631,130.38876204802864,509.418
1074,26,34,-8.603685354046997,130.38876204802864,506.773
1075,26,35,0.4149629403409678,130.38876204802864,505.12
1076,26,36,9.436654244086732,130.38876204802864,504.53
1077,26,37,18.460703590602165,130.38876204802864,504.984
1078,26,38,27.486380229687352,130.38876204802864,506.373
1079,26,39,36.51294137827006,130.38876204802864,508.512
1080,27,0,50.05285908699862,139.38873839281436,512.592
1081,27,1,59.0785613392932,139.38873839281436,515.489
1082,27,2,68.10283266695666,139.38872473243603,518.21
1083,27,3,77.12516422089583,139.38872473243603,520.52
1084,27,4,86.14514618976052,139.38869741167935,522.241
1085,27,5,84.83758160524245,-40.61123588029071,523.27
1086,27,6,75.82328235376721,-40.61125295576363,523.588
1087,27,7,66.81217963082354,-40.61125637085822,523.256
1088,27,8,57.80440321000566,-40.611259785952804,522.413
1089,27,9,48.80005895924572,-40.611259785952804,521.252
1090,27,10,39.799215180435404,-40.611259785952804,520.003
1091,27,11,30.80188553395306,-40.611259785952804,518.905
1092,27,12,21.808063189609523,-40.61126320104739,518.179
1093,27,13,12.817679845513084,-40.61126320104739,518.009
1094,27,14,3.830614692692802,-40.61126320104739,518.515
1095,27,15,-5.153299608485988,-40.61126320104739,519.741
1096,27,16,-14.134308091059761,-40.61126320104739,521.654
1097,27,17,-23.112721528635753,-40.61126320104739,524.136
1098,27,18,-32.08897662643402,-40.61126320104739,527.003
1099,27,19,-41.06355491279105,-40.61126320104739,530.015
1100,27,20,-50.03702670850254,-40.611266616141975,532.902
1101,27,21,-59.010061372107145,-40.611266616141975,535.386
1102,27,22,-67.98336582818396,-40.61127003123656,537.211
1103,27,23,-76.95768115225795,-40.61127344633115,538.166
1104,27,24,-85.93374500475946,-40.611297351993244,538.108
1105,27,25,-85.08766898170246,139.38876571357105,536.976
1106,27,26,-76.10594973256819,139.3887520531927,534.801
1107,27,27,-67.12043289825539,139.38873839281436,531.702
1108,27,28,-58.13066085608966,139.38873839281436,527.879
1109,27,29,-49.13630575699086,139.38873839281436,523.596
1110,27,30,-40.137166110378466,139.38873839281436,519.157
1111,27,31,-31.133221425684965,139.38873839281436,514.88
1112,27,32,-22.124615136882934,139.38873839281436,511.066
1113,27,33,-13.111645210974908,139.38873839281436,507.979
1114,27,34,-4.094782077239977,139.38873839281436,505.815
1115,27,35,4.925469684096927,139.38873839281436,504.691
1116,27,36,13.948428761666095,139.38873839281436,504.631
1117,27,37,22.9733839620202,139.38873839281436,505.571
1118,27,38,31.999596770955232,139.38873839281436,507.363
1119,27,39,41.02632696671989,139.38873839281436,509.79
1120,28,0,45.53965449856179,148.38874205835677,511.161
1121,28,1,54.56585193957119,148.38874205835677,514.046
1122,28,2,63.59090532389462,148.38874205835677,516.888
1123,28,3,72.61426823639846,148.3887283979784,519.429
1124,28,4,81.63547280912458,148.3887283979784,521.462
1125,28,5,89.3458616272877,-31.611040969451548,522.845
1126,28,6,80.33004607381672,-31.61124587512665,523.516
1127,28,7,71.31732459603975,-31.61125270531582,523.496
1128,28,8,62.30786111849689,-31.61125270531582,522.888
1129,28,9,53.301795660066105,-31.611256120410403,521.859
1130,28,10,44.29919310754451,-31.611256120410403,520.624
1131,28,11,35.30011151754006,-31.611256120410403,519.42
1132,28,12,26.304535522127118,-31.611256120410403,518.483
1133,28,13,17.312437800549006,-31.61125953550499,518.016
1134,28,14,8.323740659403915,-31.61125953550499,518.173
1135,28,15,-0.6617229207777042,-31.61125953550499,519.038
1136,28,16,-9.644149414656196,-31.61125953550499,520.617
1137,28,17,-18.623806800434775,-31.61125953550499,522.834
1138,28,18,-27.601091549250423,-31.61125953550499,525.535
1139,28,19,-36.57644164698366,-31.61125953550499,528.508
1140,28,20,-45.550394971031636,-31.611262950599574,531.492
1141,28,21,-54.523555993135886,-31.611262950599574,534.211
1142,28,22,-63.4966350529701,-31.611262950599574,536.395
1143,28,23,-72.47034932039712,-31.61126636569416,537.808
1144,28,24,-81.44545011622566,-31.611276610977914,538.269
1145,28,25,-89.5773230778811,148.38908356781525,537.677
1146,28,26,-80.59722941376928,148.3887557187351,536.014
1147,28,27,-71.61369333431578,148.38874205835677,533.356
1148,28,28,-62.626100122495295,148.38874205835677,529.866
1149,28,29,-53.63407411790347,148.38874205835677,525.777
1150,28,30,-44.63733869787892,148.38874205835677,521.376
1151,28,31,-35.635787994489505,148.38874205835677,516.979
1152,28,32,-26.629486894532352,148.38874205835677,512.897
1153,28,33,-17.61865054896631,148.38874205835677,509.418
1154,28,34,-8.603685354046997,148.38874205835677,506.773
1155,28,35,0.4149629403409678,148.38874205835677,505.12
1156,28,36,9.436654244086732,148.38874205835677,504.53
1157,28,37,18.460703590602165,148.38874205835677,504.984
1158,28,38,27.486380229687352,148.38874205835677,506.373
1159,28,39,36.51294137827006,148.38874205835677,508.512
1160,29,0,50.05285908699862,157.38874572389915,512.592
1161,29,1,59.0785613392932,157.38874572389915,515.489
1162,29,2,68.10283266695666,157.38873206352082,518.21
1163,29,3,77.12516422089583,157.38873206352082,520.52
1164,29,4,86.14514618976052,157.38870474276413,522.241
1165,29,5,84.83758160524245,-22.611226841658613,523.27
1166,29,6,75.82328235376721,-22.611245624678833,523.588
1167,29,7,66.81217963082354,-22.611249039773416,523.256
1168,29,8,57.80440321000566,-22.61125074732071,522.413
1169,29,9,48.80005895924572,-22.611252454868,521.252
1170,29,10,39.799215180435404,-22.611252454868,520.003
1171,29,11,30.80188553395306,-22.611254162415296,518.905
1172,29,12,21.808063189609523,-22.611254162415296,518.179
1173,29,13,12.817679845513084,-22.611254162415296,518.009
1174,29,14,3.830614692692802,-22.611255869962587,518.515
1175,29,15,-5.153299608485988,-22.611255869962587,519.741
1176,29,16,-14.134308091059761,-22.611255869962587,521.654
1177,29,17,-23.112721528635753,-22.611255869962587,524.136
1178,29,18,-32.08897662643402,-22.61125757750988,527.003
1179,29,19,-41.06355491279105,-22.61125757750988,530.015
1180,29,20,-50.03702670850254,-22.61125757750988,532.902
1181,29,21,-59.010061372107145,-22.611259285057173,535.386
1182,29,22,-67.98336582818396,-22.611260992604464,537.211
1183,29,23,-76.95768115225795,-22.61126611524634,538.166
1184,29,24,-85.93374500475946,-22.611290020908438,538.108
1185,29,25,-85.08766898170246,157.38877304465584,536.976
1186,29,26,-76.10594973256819,157.3887593842775,534.801
1187,29,27,-67.12043289825539,157.38874572389915,531.702
1188,29,28,-58.13066085608966,157.38874572389915,527.879
1189,29,29,-49.13630575699086,157.38874572389915,523.596
1190,29,30,-40.137166110378466,157.38874572389915,519.157
1191,29,31,-31.133221425684965,157.38874572389915,514.88
1192,29,32,-22.124615136882934,157.38874572389915,511.066
1193,29,33,-13.111645210974908,157.38874572389915,507.979
1194,29,34,-4.094782077239977,157.38874572389915,505.815
1195,29,35,4.925469684096927,157.38874572389915,504.691
1196,29,36,13.948428761666095,157.38874572389915,504.631
1197,29,37,22.9733839620202,157.38874572389915,505.571
1198,29,38,31.999596770955232,157.38874572389915,507.363
1199,29,39,41.02632696671989,157.38874572389915,509.79
1200,30,0,45.53965449856179,166.38874938944156,511.161
1201,30,1,54.56585193957119,166.38874938944156,514.046
1202,30,2,63.59090532389462,166.38874938944156,516.888
1203,30,3,72.61426823639846,166.38873572906323,519.429
1204,30,4,81.63547280912458,166.38873572906323,521.462
1205,30,5,89.3458616272877,-13.611031930819452,522.845
1206,30,6,80.33004607381672,-13.611236836494554,523.516
1207,30,7,71.31732459603975,-13.611244520457369,523.496
1208,30,8,62.30786111849689,-13.611247081778307,522.888
1209,30,9,53.301795660066105,-13.611247935551955,521.859
1210,30,10,44.29919310754451,-13.6112487893256,520.624
1211,30,11,35.30011151754006,-13.611249643099246,519.42
1212,30,12,26.304535522127118,-13.611250496872893,518.483
1213,30,13,17.312437800549006,-13.611250496872893,518.016
1214,30,14,8.323740659403915,-13.611251350646539,518.173
1215,30,15,-0.6617229207777042,-13.611251350646539,519.038
1216,30,16,-9.644149414656196,-13.611252204420186,520.617
1217,30,17,-18.623806800434775,-13.611252204420186,522.834
1218,30,18,-27.601091549250423,-13.611253058193832,525.535
1219,30,19,-36.57644164698366,-13.611253058193832,528.508
1220,30,20,-45.550394971031636,-13.611253911967477,531.492
1221,30,21,-54.523555993135886,-13.611254765741124,534.211
1222,30,22,-63.4966350529701,-13.611256473288417,536.395
1223,30,23,-72.47034932039712,-13.611259888383001,537.808
1224,30,24,-81.44545011622566,-13.611268426119464,538.269
1225,30,25,-89.5773230778811,166.38909089890006,537.677
1226,30,26,-80.59722941376928,166.38876304981991,536.014
1227,30,27,-71.61369333431578,166.38874938944156,533.356
1228,30,28,-62.626100122495295,166.38874938944156,529.866
1229,30,29,-53.63407411790347,166.38874938944156,525.777
1230,30,30,-44.63733869787892,166.38874938944156,521.376
1231,30,31,-35.635787994489505,166.38874938944156,516.979
1232,30,32,-26.629486894532352,166.38874938944156,512.897
1233,30,33,-17.61865054896631,166.38874938944156,509.418
1234,30,34,-8.603685354046997,166.38874938944156,506.773
1235,30,35,0.4149629403409678,166.38874938944156,505.12
1236,30,36,9.436654244086732,166.38874938944156,504.53
1237,30,37,18.460703590602165,166.38874938944156,504.984
1238,30,38,27.486380229687352,166.38874938944156,506.373
1239,30,39,36.51294137827006,166.38874938944156,508.512
1240,31,0,50.05285908699862,175.38875305498397,512.592
1241,31,1,59.0785613392932,175.38875305498397,515.489
1242,31,2,68.10283266695666,175.38873939460564,518.21
1243,31,3,77.12516422089583,175.38873939460564,520.52
1244,31,4,86.14514618976052,175.38871207384895,522.241
1245,31,5,84.83758160524245,-4.611220364347457,523.27
1246,31,6,75.82328235376721,-4.611237866707206,523.588
1247,31,7,66.81217963082354,-4.611242135575437,523.256
1248,31,8,57.80440321000566,-4.611243843122729,522.413
1249,31,9,48.80005895924572,-4.611245123783198,521.252
1250,31,10,39.799215180435404,-4.611245977556845,520.003
1251,31,11,30.80188553395306,-4.611246404443668,518.905
1252,31,12,21.808063189609523,-4.611246831330491,518.179
1253,31,13,12.817679845513084,-4.611247258217314,518.009
1254,31,14,3.830614692692802,-4.6112476851041375,518.515
1255,31,15,-5.153299608485988,-4.61124811199096,519.741
1256,31,16,-14.134308091059761,-4.611248538877784,521.654
1257,31,17,-23.112721528635753,-4.611248965764607,524.136
1258,31,18,-32.08897662643402,-4.6112493926514295,527.003
1259,31,19,-41.06355491279105,-4.611250246425076,530.015
1260,31,20,-50.03702670850254,-4.611251100198722,532.902
1261,31,21,-59.010061372107145,-4.611251953972369,535.386
1262,31,22,-67.98336582818396,-4.6112540884064845,537.211
1263,31,23,-76.95768115225795,-4.611258784161539,538.166
1264,31,24,-85.93374500475946,-4.611283116710457,538.108
1265,31,25,-85.08766898170246,175.38878037574065,536.976
1266,31,26,-76.10594973256819,175.3887667153623,534.801
1267,31,27,-67.12043289825539,175.38875305498397,531.702
1268,31,28,-58.13066085608966,175.38875305498397,527.879
1269,31,29,-49.13630575699086,175.38875305498397,523.596
1270,31,30,-40.137166110378466,175.38875305498397,519.157
1271,31,31,-31.133221425684965,175.38875305498397,514.88
1272,31,32,-22.124615136882934,175.38875305498397,511.066
1273,31,33,-13.111645210974908,175.38875305498397,507.979
1274,31,34,-4.094782077239977,175.38875305498397,505.815
1275,31,35,4.925469684096927,175.38875305498397,504.691
1276,31,36,13.948428761666095,175.38875305498397,504.631
1277,31,37,22.9733839620202,175.38875305498397,505.571
1278,31,38,31.999596770955232,175.38875305498397,507.363
1279,31,39,41.02632696671989,175.38875305498397,509.79
1280,32,0,45.53965449856179,-175.6112532973863,511.161
1281,32,1,54.56585193957119,-175.6112532973863,514.046
1282,32,2,63.59090532389462,-175.6112532973863,516.888
1283,32,3,72.61426823639846,-175.6112532973863,519.429
1284,32,4,81.63547280912458,-175.61126695776463,521.462
1285,32,5,89.3458616272877,4.388975400265351,522.845
1286,32,6,80.33004607381672,4.388770494590251,523.516
1287,32,7,71.31732459603975,4.388763237514257,523.496
1288,32,8,62.30786111849689,4.388760676193319,522.888
1289,32,9,53.301795660066105,4.388758968646027,521.859
1290,32,10,44.29919310754451,4.38875811487238,520.624
1291,32,11,35.30011151754006,4.3887576879855565,519.42
1292,32,12,26.304535522127118,4.388756834211911,518.483
1293,32,13,17.312437800549006,4.388756407325087,518.016
1294,32,14,8.323740659403915,4.3887559804382645,518.173
1295,32,15,-0.6617229207777042,4.388755553551441,519.038
1296,32,16,-9.644149414656196,4.388755126664618,520.617
1297,32,17,-18.623806800434775,4.388754699777795,522.834
1298,32,18,-27.601091549250423,4.388754272890972,525.535
1299,32,19,-36.57644164698366,4.388753846004149,528.508
1300,32,20,-45.550394971031636,4.388752992230502,531.492
1301,32,21,-54.523555993135886,4.388752138456856,534.211
1302,32,22,-63.4966350529701,4.388750857796387,536.395
1303,32,23,-72.47034932039712,4.388747869588625,537.808
1304,32,24,-81.44545011622566,4.388738904965339,538.269
1305,32,25,-89.5773230778811,-175.61089812754946,537.677
1306,32,26,-80.59722941376928,-175.6112259766296,536.014
1307,32,27,-71.61369333431578,-175.61123963700797,533.356
1308,32,28,-62.626100122495295,-175.61123963700797,529.866
1309,32,29,-53.63407411790347,-175.61123963700797,525.777
1310,32,30,-44.63733869787892,-175.61123963700797,521.376
1311,32,31,-35.635787994489505,-175.61123963700797,516.979
1312,32,32,-26.629486894532352,-175.61123963700797,512.897
1313,32,33,-17.61865054896631,-175.61123963700797,509.418
1314,32,34,-8.603685354046997,-175.61123963700797,506.773
1315,32,35,0.4149629403409678,-175.61123963700797,505.12
1316,32,36,9.436654244086732,-175.61123963700797,504.53
1317,32,37,18.460703590602165,-175.61123963700797,504.984
1318,32,38,27.486380229687352,-175.61123963700797,506.373
1319,32,39,36.51294137827006,-175.61123963700797,508.512
1320,33,0,50.05285908699862,-166.6112496318439,512.592
1321,33,1,59.0785613392932,-166.6112496318439,515.489
1322,33,2,68.10283266695666,-166.6112496318439,518.21
1323,33,3,77.12516422089583,-166.6112496318439,520.52
1324,33,4,86.14514618976052,-166.61127695260058,522.241
1325,33,5,84.83758160524245,13.388786966737346,523.27
1326,33,6,75.82328235376721,13.388769037490775,523.588
1327,33,7,66.81217963082354,13.388765622396189,523.256
1328,33,8,57.80440321000566,13.38876306107525,522.413
1329,33,9,48.80005895924572,13.388762207301605,521.252
1330,33,10,39.799215180435404,13.38876135352796,520.003
1331,33,11,30.80188553395306,13.388760499754312,518.905
1332,33,12,21.808063189609523,13.388760499754312,518.179
1333,33,13,12.817679845513084,13.388759645980667,518.009
1334,33,14,3.830614692692802,13.388759645980667,518.515
1335,33,15,-5.153299608485988,13.38875879220702,519.741
1336,33,16,-14.134308091059761,13.38875879220702,521.654
1337,33,17,-23.112721528635753,13.388757938433374,524.136
1338,33,18,-32.08897662643402,13.388757938433374,527.003
1339,33,19,-41.06355491279105,13.388757084659728,530.015
1340,33,20,-50.03702670850254,13.38875623088608,532.902
1341,33,21,-59.010061372107145,13.388755377112435,535.386
1342,33,22,-67.98336582818396,13.388752815791497,537.211
1343,33,23,-76.95768115225795,13.388748546923265,538.166
1344,33,24,-85.93374500475946,13.388723787487523,538.108
1345,33,25,-85.08766898170246,-166.61120865070887,536.976
1346,33,26,-76.10594973256819,-166.61123597146556,534.801
1347,33,27,-67.12043289825539,-166.61123597146556,531.702
1348,33,28,-58.13066085608966,-166.61123597146556,527.879
1349,33,29,-49.13630575699086,-166.61123597146556,523.596
1350,33,30,-40.137166110378466,-166.61123597146556,519.157
1351,33,31,-31.133221425684965,-166.61123597146556,514.88
1352,33,32,-22.124615136882934,-166.61123597146556,511.066
1353,33,33,-13.111645210974908,-166.61123597146556,507.979
1354,33,34,-4.094782077239977,-166.61123597146556,505.815
1355,33,35,4.925469684096927,-166.61123597146556,504.691
1356,33,36,13.948428761666095,-166.61123597146556,504.631
1357,33,37,22.9733839620202,-166.61123597146556,505.571
1358,33,38,31.999596770955232,-166.61123597146556,507.363
1359,33,39,41.02632696671989,-166.61123597146556,509.79
1360,34,0,45.53965449856179,-157.61127328705817,511.161
1361,34,1,54.56585193957119,-157.61127328705817,514.046
1362,34,2,63.59090532389462,-157.61127328705817,516.888
1363,34,3,72.61426823639846,-157.61127328705817,519.429
1364,34,4,81.63547280912458,-157.61128694743653,521.462
1365,34,5,89.3458616272877,22.388955410593475,522.845
1366,34,6,80.33004607381672,22.388750504918374,523.516
1367,34,7,71.31732459603975,22.388743674729206,523.496
1368,34,8,62.30786111849689,22.38874025963462,522.888
1369,34,9,53.301795660066105,22.388738552087325,521.859
1370,34,10,44.29919310754451,22.388738552087325,520.624
1371,34,11,35.30011151754006,22.388736844540034,519.42
1372,34,12,26.304535522127118,22.388736844540034,518.483
1373,34,13,17.312437800549006,22.388736844540034,518.016
1374,34,14,8.323740659403915,22.388736844540034,518.173
1375,34,15,-0.6617229207777042,22.388735136992743,519.038
1376,34,16,-9.644149414656196,22.388735136992743,520.617
1377,34,17,-18.623806800434775,22.388735136992743,522.834
1378,34,18,-27.601091549250423,22.388735136992743,525.535
1379,34,19,-36.57644164698366,22.38873342944545,528.508
1380,34,20,-45.550394971031636,22.38873342944545,531.492
1381,34,21,-54.523555993135886,22.388731721898157,534.211
1382,34,22,-63.4966350529701,22.388730014350863,536.395
1383,34,23,-72.47034932039712,22.38872830680357,537.808
1384,34,24,-81.44545011622566,22.38871976906711,538.269
1385,34,25,-89.5773230778811,-157.61091811722133,537.677
1386,34,26,-80.59722941376928,-157.6112459663015,536.014
1387,34,27,-71.61369333431578,-157.61125962667984,533.356
1388,34,28,-62.626100122495295,-157.61125962667984,529.866
1389,34,29,-53.63407411790347,-157.61125962667984,525.777
1390,34,30,-44.63733869787892,-157.61125962667984,521.376
1391,34,31,-35.635787994489505,-157.61125962667984,516.979
1392,34,32,-26.629486894532352,-157.61125962667984,512.897
1393,34,33,-17.61865054896631,-157.61125962667984,509.418
1394,34,34,-8.603685354046997,-157.61125962667984,506.773
1395,34,35,0.4149629403409678,-157.61125962667984,505.12
1396,34,36,9.436654244086732,-157.61125962667984,504.53
1397,34,37,18.460703590602165,-157.61125962667984,504.984
1398,34,38,27.486380229687352,-157.61125962667984,506.373
1399,34,39,36.51294137827006,-157.61125962667984,508.512
1400,35,0,50.05285908699862,-148.6112696215158,512.592
1401,35,1,59.0785613392932,-148.6112696215158,515.489
1402,35,2,68.10283266695666,-148.6112696215158,518.21
1403,35,3,77.12516422089583,-148.6112696215158,520.52
1404,35,4,86.14514618976052,-148.61129694227245,522.241
1405,35,5,84.83758160524245,31.388766123291823,523.27
1406,35,6,75.82328235376721,31.388749047818898,523.588
1407,35,7,66.81217963082354,31.388745632724312,523.256
1408,35,8,57.80440321000566,31.38874221762973,522.413
1409,35,9,48.80005895924572,31.38874221762973,521.252
1410,35,10,39.799215180435404,31.38874221762973,520.003
1411,35,11,30.80188553395306,31.38874221762973,518.905
1412,35,12,21.808063189609523,31.388738802535144,518.179
1413,35,13,12.817679845513084,31.388738802535144,518.009
1414,35,14,3.830614692692802,31.388738802535144,518.515
1415,35,15,-5.153299608485988,31.388738802535144,519.741
1416,35,16,-14.134308091059761,31.388738802535144,521.654
1417,35,17,-23.112721528635753,31.388738802535144,524.136
1418,35,18,-32.08897662643402,31.388738802535144,527.003
1419,35,19,-41.06355491279105,31.388738802535144,530.015
1420,35,20,-50.03702670850254,31.38873538744056,532.902
1421,35,21,-59.010061372107145,31.38873538744056,535.386
1422,35,22,-67.98336582818396,31.388731972345973,537.211
1423,35,23,-76.95768115225795,31.388728557251387,538.166
1424,35,24,-85.93374500475946,31.388704651589293,538.108
1425,35,25,-85.08766898170246,-148.61122864038074,536.976
1426,35,26,-76.10594973256819,-148.61125596113743,534.801
1427,35,27,-67.12043289825539,-148.61125596113743,531.702
1428,35,28,-58.13066085608966,-148.61125596113743,527.879
1429,35,29,-49.13630575699086,-148.61125596113743,523.596
1430,35,30,-40.137166110378466,-148.61125596113743,519.157
1431,35,31,-31.133221425684965,-148.61125596113743,514.88
1432,35,32,-22.124615136882934,-148.61125596113743,511.066
1433,35,33,-13.111645210974908,-148.61125596113743,507.979
1434,35,34,-4.094782077239977,-148.61125596113743,505.815
1435,35,35,4.925469684096927,-148.61125596113743,504.691
1436,35,36,13.948428761666095,-148.61125596113743,504.631
1437,35,37,22.9733839620202,-148.61125596113743,505.571
1438,35,38,31.999596770955232,-148.61125596113743,507.363
1439,35,39,41.02632696671989,-148.61125596113743,509.79
1440,36,0,45.53965449856179,-139.61126595597338,511.161
1441,36,1,54.56585193957119,-139.61126595597338,514.046
1442,36,2,63.59090532389462,-139.61126595597338,516.888
1443,36,3,72.61426823639846,-139.61126595597338,519.429
1444,36,4,81.63547280912458,-139.6112796163517,521.462
1445,36,5,89.3458616272877,40.388961034130986,522.845
1446,36,6,80.33004607381672,40.38875612845588,523.516
1447,36,7,71.31732459603975,40.38874929826672,523.496
1448,36,8,62.30786111849689,40.38874929826672,522.888
1449,36,9,53.301795660066105,40.38874588317213,521.859
1450,36,10,44.29919310754451,40.38874588317213,520.624
1451,36,11,35.30011151754006,40.38874588317213,519.42
1452,36,12,26.304535522127118,40.38874588317213,518.483
1453,36,13,17.312437800549006,40.388742468077545,518.016
1454,36,14,8.323740659403915,40.388742468077545,518.173
1455,36,15,-0.6617229207777042,40.388742468077545,519.038
1456,36,16,-9.644149414656196,40.388742468077545,520.617
1457,36,17,-18.623806800434775,40.388742468077545,522.834
1458,36,18,-27.601091549250423,40.388742468077545,525.535
1459,36,19,-36.57644164698366,40.388742468077545,528.508
1460,36,20,-45.550394971031636,40.38873905298296,531.492
1461,36,21,-54.523555993135886,40.38873905298296,534.211
1462,36,22,-63.4966350529701,40.38873905298296,536.395
1463,36,23,-72.47034932039712,40.388735637888374,537.808
1464,36,24,-81.44545011622566,40.38872539260462,538.269
1465,36,25,-89.5773230778811,-139.61091078613654,537.677
1466,36,26,-80.59722941376928,-139.6112386352167,536.014
1467,36,27,-71.61369333431578,-139.61125229559502,533.356
1468,36,28,-62.626100122495295,-139.61125229559502,529.866
1469,36,29,-53.63407411790347,-139.61125229559502,525.777
1470,36,30,-44.63733869787892,-139.61125229559502,521.376
1471,36,31,-35.635787994489505,-139.61125229559502,516.979
1472,36,32,-26.629486894532352,-139.61125229559502,512.897
1473,36,33,-17.61865054896631,-139.61125229559502,509.418
1474,36,34,-8.603685354046997,-139.61125229559502,506.773
1475,36,35,0.4149629403409678,-139.61125229559502,505.12
1476,36,36,9.436654244086732,-139.61125229559502,504.53
1477,36,37,18.460703590602165,-139.61125229559502,504.984
1478,36,38,27.486380229687352,-139.61125229559502,506.373
1479,36,39,36.51294137827006,-139.61125229559502,508.512
1480,37,0,50.05285908699862,-130.61126229043097,512.592
1481,37,1,59.0785613392932,-130.61126229043097,515.489
1482,37,2,68.10283266695666,-130.61126229043097,518.21
1483,37,3,77.12516422089583,-130.61126229043097,520.52
1484,37,4,86.14514618976052,-130.61128961118766,522.241
1485,37,5,84.83758160524245,49.388773454376626,523.27
1486,37,6,75.82328235376721,49.3887563789037,523.588
1487,37,7,66.81217963082354,49.38875296380912,523.256
1488,37,8,57.80440321000566,49.38874954871453,522.413
1489,37,9,48.80005895924572,49.38874954871453,521.252
1490,37,10,39.799215180435404,49.38874954871453,520.003
1491,37,11,30.80188553395306,49.38874954871453,518.905
1492,37,12,21.808063189609523,49.38874613361995,518.179
1493,37,13,12.817679845513084,49.38874613361995,518.009
1494,37,14,3.830614692692802,49.38874613361995,518.515
1495,37,15,-5.153299608485988,49.38874613361995,519.741
1496,37,16,-14.134308091059761,49.38874613361995,521.654
1497,37,17,-23.112721528635753,49.38874613361995,524.136
1498,37,18,-32.08897662643402,49.38874613361995,527.003
1499,37,19,-41.06355491279105,49.38874613361995,530.015
1500,37,20,-50.03702670850254,49.388742718525364,532.902
1501,37,21,-59.010061372107145,49.388742718525364,535.386
1502,37,22,-67.98336582818396,49.388739303430775,537.211
1503,37,23,-76.95768115225795,49.38873588833619,538.166
1504,37,24,-85.93374500475946,49.388711982674096,538.108
1505,37,25,-85.08766898170246,-130.61122130929596,536.976
1506,37,26,-76.10594973256819,-130.61124863005264,534.801
1507,37,27,-67.12043289825539,-130.61124863005264,531.702
1508,37,28,-58.13066085608966,-130.61124863005264,527.879
1509,37,29,-49.13630575699086,-130.61124863005264,523.596
1510,37,30,-40.137166110378466,-130.61124863005264,519.157
1511,37,31,-31.133221425684965,-130.61124863005264,514.88
1512,37,32,-22.124615136882934,-130.61124863005264,511.066
1513,37,33,-13.111645210974908,-130.61124863005264,507.979
1514,37,34,-4.094782077239977,-130.61124863005264,505.815
1515,37,35,4.925469684096927,-130.61124863005264,504.691
1516,37,36,13.948428761666095,-130.61124863005264,504.631
1517,37,37,22.9733839620202,-130.61124863005264,505.571
1518,37,38,31.999596770955232,-130.61124863005264,507.363
1519,37,39,41.02632696671989,-130.61124863005264,509.79
1520,38,0,45.53965449856179,-121.61125862488856,511.161
1521,38,1,54.56585193957119,-121.61125862488856,514.046
1522,38,2,63.59090532389462,-121.61125862488856,516.888
1523,38,3,72.61426823639846,-121.61125862488856,519.429
1524,38,4,81.63547280912458,-121.6112722852669,521.462
1525,38,5,89.3458616272877,58.38897178031037,522.845
1526,38,6,80.33004607381672,58.38876687463527,523.516
1527,38,7,71.31732459603975,58.3887600444461,523.496
1528,38,8,62.30786111849689,58.38875321425693,522.888
1529,38,9,53.301795660066105,58.38875321425693,521.859
1530,38,10,44.29919310754451,58.38875321425693,520.624
1531,38,11,35.30011151754006,58.38875321425693,519.42
1532,38,12,26.304535522127118,58.38875321425693,518.483
1533,38,13,17.312437800549006,58.38875321425693,518.016
1534,38,14,8.323740659403915,58.38875321425693,518.173
1535,38,15,-0.6617229207777042,58.38875321425693,519.038
1536,38,16,-9.644149414656196,58.38875321425693,520.617
1537,38,17,-18.623806800434775,58.388746384067765,522.834
1538,38,18,-27.601091549250423,58.388746384067765,525.535
1539,38,19,-36.57644164698366,58.388746384067765,528.508
1540,38,20,-45.550394971031636,58.388746384067765,531.492
1541,38,21,-54.523555993135886,58.388746384067765,534.211
1542,38,22,-63.4966350529701,58.388746384067765,536.395
1543,38,23,-72.47034932039712,58.388739553878594,537.808
1544,38,24,-81.44545011622566,58.38873272368942,538.269
1545,38,25,-89.5773230778811,-121.61090345505173,537.677
1546,38,26,-80.59722941376928,-121.61123130413189,536.014
1547,38,27,-71.61369333431578,-121.61124496451023,533.356
1548,38,28,-62.626100122495295,-121.61124496451023,529.866
1549,38,29,-53.63407411790347,-121.61124496451023,525.777
1550,38,30,-44.63733869787892,-121.61124496451023,521.376
1551,38,31,-35.635787994489505,-121.61124496451023,516.979
1552,38,32,-26.629486894532352,-121.61124496451023,512.897
1553,38,33,-17.61865054896631,-121.61124496451023,509.418
1554,38,34,-8.603685354046997,-121.61124496451023,506.773
1555,38,35,0.4149629403409678,-121.61124496451023,505.12
1556,38,36,9.436654244086732,-121.61124496451023,504.53
1557,38,37,18.460703590602165,-121.61124496451023,504.984
1558,38,38,27.486380229687352,-121.61124496451023,506.373
1559,38,39,36.51294137827006,-121.61124496451023,508.512
1560,39,0,50.05285908699862,-112.611248129157,512.592
1561,39,1,59.0785613392932,-112.611248129157,515.489
1562,39,2,68.10283266695666,-112.61125495934617,518.21
1563,39,3,77.12516422089583,-112.61125495934617,520.52
1564,39,4,86.14514618976052,-112.61128228010286,522.241
1565,39,5,84.83758160524245,67.38878420055602,523.27
1566,39,6,75.82328235376721,67.38876370998851,523.588
1567,39,7,66.81217963082354,67.38875687979933,523.256
1568,39,8,57.80440321000566,67.38875687979933,522.413
1569,39,9,48.80005895924572,67.38875687979933,521.252
1570,39,10,39.799215180435404,67.38875687979933,520.003
1571,39,11,30.80188553395306,67.38875687979933,518.905
1572,39,12,21.808063189609523,67.38875687979933,518.179
1573,39,13,12.817679845513084,67.38875687979933,518.009
1574,39,14,3.830614692692802,67.38875687979933,518.515
1575,39,15,-5.153299608485988,67.38875687979933,519.741
1576,39,16,-14.134308091059761,67.38875004961017,521.654
1577,39,17,-23.112721528635753,67.38875004961017,524.136
1578,39,18,-32.08897662643402,67.38875004961017,527.003
1579,39,19,-41.06355491279105,67.38875004961017,530.015
1580,39,20,-50.03702670850254,67.38875004961017,532.902
1581,39,21,-59.010061372107145,67.38875004961017,535.386
1582,39,22,-67.98336582818396,67.38875004961017,537.211
1583,39,23,-76.95768115225795,67.38874321942099,538.166
1584,39,24,-85.93374500475946,67.38871589866432,538.108
1585,39,25,-85.08766898170246,-112.61121397821115,536.976
1586,39,26,-76.10594973256819,-112.61123446877866,534.801
1587,39,27,-67.12043289825539,-112.61124129896783,531.702
1588,39,28,-58.13066085608966,-112.61124129896783,527.879
1589,39,29,-49.13630575699086,-112.61124129896783,523.596
1590,39,30,-40.137166110378466,-112.61124129896783,519.157
1591,39,31,-31.133221425684965,-112.61124129896783,514.88
1592,39,32,-22.124615136882934,-112.611248129157,511.066
1593,39,33,-13.111645210974908,-112.611248129157,507.979
1594,39,34,-4.094782077239977,-112.611248129157,505.815
1595,39,35,4.925469684096927,-112.611248129157,504.691
1596,39,36,13.948428761666095,-112.611248129157,504.631
1597,39,37,22.9733839620202,-112.611248129157,505.571
1598,39,38,31.999596770955232,-112.611248129157,507.363
1599,39,39,41.02632696671989,-112.611248129157,509.79
