0,0,0,49.34566130033551,-103.86193972691075,512.366
1,0,1,58.371445514900124,-103.86193972691075,515.265
2,0,2,67.39585344634698,-103.86193972691075,518.01
3,0,3,76.4183557550154,-103.86194655709991,520.359
4,0,4,85.43852896917686,-103.86196704766742,522.131
5,0,5,85.5439734295835,76.13809260280227,523.216
6,0,6,76.52944195167649,76.13807211223475,523.588
7,0,7,67.51807285135519,76.13807211223475,523.303
8,0,8,58.51003005315968,76.13806528204559,522.494
9,0,9,49.505419425022104,76.13806528204559,521.35
10,0,10,40.50429560845582,76.13806528204559,520.099
11,0,11,31.50669958459585,76.13806528204559,518.98
12,0,12,22.512597202496337,76.13806528204559,518.218
13,0,13,13.521940650833098,76.13806528204559,517.999
14,0,14,4.53463430695775,76.13806528204559,518.449
15,0,15,-4.449519050841991,76.13806528204559,519.619
16,0,16,-13.430744818808735,76.13806528204559,521.481
17,0,17,-22.409346940360546,76.13806528204559,523.925
18,0,18,-31.38575742496243,76.13805845185642,526.77
19,0,19,-40.360448409440764,76.13805845185642,529.78
20,0,20,-49.33399533723313,76.13805845185642,532.687
21,0,21,-58.30703000083773,76.13805845185642,535.212
22,0,22,-67.28028664559037,76.13805845185642,537.097
23,0,23,-76.25449268663763,76.13805162166724,538.126
24,0,24,-85.2304062749774,76.13803113109974,538.151
25,0,25,-85.79125359829465,-103.8619055759649,537.103
26,0,26,-76.80975974540299,-103.8619260665324,535.007
27,0,27,-67.82458442054867,-103.86193289672157,531.974
28,0,28,-58.83516754821979,-103.86193289672157,528.199
29,0,29,-49.841174449147005,-103.86193289672157,523.941
30,0,30,-40.84241387803355,-103.86193289672157,519.503
31,0,31,-31.838841438649812,-103.86193289672157,515.201
32,0,32,-22.830592027231916,-103.86193289672157,511.342
33,0,33,-13.817949096630404,-103.86193289672157,508.19
34,0,34,-4.801374111501081,-103.86193972691075,505.948
35,0,35,4.21863688566758,-103.86193972691075,504.74
36,0,36,13.241409413695042,-103.86193972691075,504.598
37,0,37,22.26623398668127,-103.86193972691075,505.465
38,0,38,31.29237507863002,-103.86193972691075,507.196
39,0,39,40.31909161401634,-103.86193972691075,509.583
40,1,0,53.85869513404309,-94.86194289155752,513.818
41,1,1,62.88385780139323,-94.86194289155752,516.673
42,1,2,71.90737097805882,-94.86194289155752,519.246
43,1,3,80.92875996589254,-94.86194972174668,521.326
44,1,4,89.9476286139225,-94.86468179741469,522.763
45,1,5,81.03632178494189,85.13808260796633,523.489
46,1,6,72.02334759016564,85.138068947588,523.521
47,1,7,63.01363139562348,85.138068947588,522.953
48,1,8,54.00729614472047,85.138068947588,521.95
49,1,9,45.004420384632084,85.138068947588,520.723
50,1,10,36.005062171966244,85.13806211739882,519.508
51,1,11,27.009212968986503,85.13806211739882,518.542
52,1,12,18.016850577578055,85.13806211739882,518.032
53,1,13,9.027886205281686,85.13806211739882,518.136
54,1,14,0.04217513746435936,85.13806211739882,518.944
55,1,15,-8.940479420699386,85.13806211739882,520.469
56,1,16,-17.920355372531407,85.13806211739882,522.64
57,1,17,-26.897798923245258,85.13806211739882,525.311
58,1,18,-35.87328391721461,85.13806211739882,528.271
59,1,19,-44.847326033721785,85.13806211739882,531.264
60,1,20,-53.820524621866475,85.13806211739882,534.014
61,1,21,-62.79358319113317,85.13805528720965,536.249
62,1,22,-71.76722232647933,85.13805528720965,537.729
63,1,23,-80.74219334871363,85.13804845702047,538.27
64,1,24,-89.71922025788811,85.13754985321107,537.762
65,1,25,-81.30093014357736,-94.86192240099,536.181
66,1,26,-72.31768776225816,-94.86192923117918,533.597
67,1,27,-63.33042922970701,-94.86192923117918,530.164
68,1,28,-54.33875839495202,-94.86193606136834,526.112
69,1,29,-45.342398635331826,-94.86193606136834,521.725
70,1,30,-36.341223592346765,-94.86193606136834,517.315
71,1,31,-27.335287907510207,-94.86193606136834,513.199
72,1,32,-18.324794778949958,-94.86193606136834,509.663
73,1,33,-9.310111329333905,-94.86193606136834,506.946
74,1,34,-0.2917560927500168,-94.86193606136834,505.211
75,1,35,8.72972112725395,-94.86193606136834,504.538
76,1,36,17.753611671871177,-94.86193606136834,504.913
77,1,37,26.779185858118815,-94.86193606136834,506.234
78,1,38,35.8057060255665,-94.86193606136834,508.323
79,1,39,44.83243963642575,-94.86193606136834,510.942
80,2,0,49.34566130033551,-85.86193922601511,512.366
81,2,1,58.371445514900124,-85.86193922601511,515.265
82,2,2,67.39585344634698,-85.86193922601511,518.01
83,2,3,76.4183557550154,-85.86194605620427,520.359
84,2,4,85.43852896917686,-85.8619665467718,522.131
85,2,5,85.5439734295835,94.1380931036979,523.216
86,2,6,76.52944195167649,94.13807261313039,523.588
87,2,7,67.51807285135519,94.13807261313039,523.303
88,2,8,58.51003005315968,94.13806578294123,522.494
89,2,9,49.505419425022104,94.13806578294123,521.35
90,2,10,40.50429560845582,94.13806578294123,520.099
91,2,11,31.50669958459585,94.13806578294123,518.98
92,2,12,22.512597202496337,94.13806578294123,518.218
93,2,13,13.521940650833098,94.13806578294123,517.999
94,2,14,4.53463430695775,94.13806578294123,518.449
95,2,15,-4.449519050841991,94.13806578294123,519.619
96,2,16,-13.430744818808735,94.13806578294123,521.481
97,2,17,-22.409346940360546,94.13806578294123,523.925
98,2,18,-31.38575742496243,94.13805895275205,526.77
99,2,19,-40.360448409440764,94.13805895275205,529.78
100,2,20,-49.33399533723313,94.13805895275205,532.687
101,2,21,-58.30703000083773,94.13805895275205,535.212
102,2,22,-67.28028664559037,94.13805895275205,537.097
103,2,23,-76.25449268663763,94.13805212256288,538.126
104,2,24,-85.2304062749774,94.13803163199537,538.151
105,2,25,-85.79125359829465,-85.86190507506926,537.103
106,2,26,-76.80975974540299,-85.86192556563677,535.007
107,2,27,-67.82458442054867,-85.86193239582595,531.974
108,2,28,-58.83516754821979,-85.86193239582595,528.199
109,2,29,-49.841174449147005,-85.86193239582595,523.941
110,2,30,-40.84241387803355,-85.86193239582595,519.503
111,2,31,-31.838841438649812,-85.86193239582595,515.201
112,2,32,-22.830592027231916,-85.86193239582595,511.342
113,2,33,-13.817949096630404,-85.86193239582595,508.19
114,2,34,-4.801374111501081,-85.86193922601511,505.948
115,2,35,4.21863688566758,-85.86193922601511,504.74
116,2,36,13.241409413695042,-85.86193922601511,504.598
117,2,37,22.26623398668127,-85.86193922601511,505.465
118,2,38,31.29237507863002,-85.86193922601511,507.196
119,2,39,40.31909161401634,-85.86193922601511,509.583
120,3,0,53.85869513404309,-76.86194239066188,513.818
121,3,1,62.88385780139323,-76.86194239066188,516.673
122,3,2,71.90737097805882,-76.86194239066188,519.246
123,3,3,80.92875996589254,-76.86194922085105,521.326
124,3,4,89.9476286139225,-76.86468129651905,522.763
125,3,5,81.03632178494189,103.13808310886196,523.489
126,3,6,72.02334759016564,103.13806944848362,523.521
127,3,7,63.01363139562348,103.13806944848362,522.953
128,3,8,54.00729614472047,103.13806944848362,521.95
129,3,9,45.004420384632084,103.13806944848362,520.723
130,3,10,36.005062171966244,103.13806261829446,519.508
131,3,11,27.009212968986503,103.13806261829446,518.542
132,3,12,18.016850577578055,103.13806261829446,518.032
133,3,13,9.027886205281686,103.13806261829446,518.136
134,3,14,0.04217513746435936,103.13806261829446,518.944
135,3,15,-8.940479420699386,103.13806261829446,520.469
136,3,16,-17.920355372531407,103.13806261829446,522.64
137,3,17,-26.897798923245258,103.13806261829446,525.311
138,3,18,-35.87328391721461,103.13806261829446,528.271
139,3,19,-44.847326033721785,103.13806261829446,531.264
140,3,20,-53.820524621866475,103.13806261829446,534.014
141,3,21,-62.79358319113317,103.13805578810528,536.249
142,3,22,-71.76722232647933,103.13805578810528,537.729
143,3,23,-80.74219334871363,103.13804895791611,538.27
144,3,24,-89.71922025788811,103.13755035410671,537.762
145,3,25,-81.30093014357736,-76.86192190009437,536.181
146,3,26,-72.31768776225816,-76.86192873028354,533.597
147,3,27,-63.33042922970701,-76.86192873028354,530.164
148,3,28,-54.33875839495202,-76.86193556047272,526.112
149,3,29,-45.342398635331826,-76.86193556047272,521.725
150,3,30,-36.341223592346765,-76.86193556047272,517.315
151,3,31,-27.335287907510207,-76.86193556047272,513.199
152,3,32,-18.324794778949958,-76.86193556047272,509.663
153,3,33,-9.310111329333905,-76.86193556047272,506.946
154,3,34,-0.2917560927500168,-76.86193556047272,505.211
155,3,35,8.72972112725395,-76.86193556047272,504.538
156,3,36,17.753611671871177,-76.86193556047272,504.913
157,3,37,26.779185858118815,-76.86193556047272,506.234
158,3,38,35.8057060255665,-76.86193556047272,508.323
159,3,39,44.83243963642575,-76.86193556047272,510.942
160,4,0,49.34566130033551,-67.86193872511947,512.366
161,4,1,58.371445514900124,-67.86193872511947,515.265
162,4,2,67.39585344634698,-67.86193872511947,518.01
163,4,3,76.4183557550154,-67.86194555530865,520.359
164,4,4,85.43852896917686,-67.86196604587616,522.131
165,4,5,85.5439734295835,112.13809360459354,523.216
166,4,6,76.52944195167649,112.13807311402603,523.588
167,4,7,67.51807285135519,112.13807311402603,523.303
168,4,8,58.51003005315968,112.13806628383685,522.494
169,4,9,49.505419425022104,112.13806628383685,521.35
170,4,10,40.50429560845582,112.13806628383685,520.099
171,4,11,31.50669958459585,112.13806628383685,518.98
172,4,12,22.512597202496337,112.13806628383685,518.218
173,4,13,13.521940650833098,112.13806628383685,517.999
174,4,14,4.53463430695775,112.13806628383685,518.449
175,4,15,-4.449519050841991,112.13806628383685,519.619
176,4,16,-13.430744818808735,112.13806628383685,521.481
177,4,17,-22.409346940360546,112.13806628383685,523.925
178,4,18,-31.38575742496243,112.13805945364768,526.77
179,4,19,-40.360448409440764,112.13805945364768,529.78
180,4,20,-49.33399533723313,112.13805945364768,532.687
181,4,21,-58.30703000083773,112.13805945364768,535.212
182,4,22,-67.28028664559037,112.13805945364768,537.097
183,4,23,-76.25449268663763,112.13805262345852,538.126
184,4,24,-85.2304062749774,112.138032132891,538.151
185,4,25,-85.79125359829465,-67.86190457417362,537.103
186,4,26,-76.80975974540299,-67.86192506474114,535.007
187,4,27,-67.82458442054867,-67.86193189493031,531.974
188,4,28,-58.83516754821979,-67.86193189493031,528.199
189,4,29,-49.841174449147005,-67.86193189493031,523.941
190,4,30,-40.84241387803355,-67.86193189493031,519.503
191,4,31,-31.838841438649812,-67.86193189493031,515.201
192,4,32,-22.830592027231916,-67.86193189493031,511.342
193,4,33,-13.817949096630404,-67.86193189493031,508.19
194,4,34,-4.801374111501081,-67.86193872511947,505.948
195,4,35,4.21863688566758,-67.86193872511947,504.74
196,4,36,13.241409413695042,-67.86193872511947,504.598
197,4,37,22.26623398668127,-67.86193872511947,505.465
198,4,38,31.29237507863002,-67.86193872511947,507.196
199,4,39,40.31909161401634,-67.86193872511947,509.583
200,5,0,53.85869513404309,-58.86194188976625,513.818
201,5,1,62.88385780139323,-58.86194188976625,516.673
202,5,2,71.90737097805882,-58.86194188976625,519.246
203,5,3,80.92875996589254,-58.861948719955414,521.326
204,5,4,89.9476286139225,-58.86468079562342,522.763
205,5,5,81.03632178494189,121.13807677956842,523.489
206,5,6,72.02334759016564,121.13807677956842,523.521
207,5,7,63.01363139562348,121.1380631191901,522.953
208,5,8,54.00729614472047,121.1380631191901,521.95
209,5,9,45.004420384632084,121.1380631191901,520.723
210,5,10,36.005062171966244,121.1380631191901,519.508
211,5,11,27.009212968986503,121.1380631191901,518.542
212,5,12,18.016850577578055,121.1380631191901,518.032
213,5,13,9.027886205281686,121.1380631191901,518.136
214,5,14,0.04217513746435936,121.1380631191901,518.944
215,5,15,-8.940479420699386,121.1380631191901,520.469
216,5,16,-17.920355372531407,121.1380631191901,522.64
217,5,17,-26.897798923245258,121.1380631191901,525.311
218,5,18,-35.87328391721461,121.1380631191901,528.271
219,5,19,-44.847326033721785,121.1380631191901,531.264
220,5,20,-53.820524621866475,121.1380631191901,534.014
221,5,21,-62.79358319113317,121.1380631191901,536.249
222,5,22,-71.76722232647933,121.1380631191901,537.729
223,5,23,-80.74219334871363,121.13804945881175,538.27
224,5,24,-89.71922025788811,121.13755768519151,537.762
225,5,25,-81.30093014357736,-58.861921399198735,536.181
226,5,26,-72.31768776225816,-58.86192822938791,533.597
227,5,27,-63.33042922970701,-58.86192822938791,530.164
228,5,28,-54.33875839495202,-58.86193505957708,526.112
229,5,29,-45.342398635331826,-58.86193505957708,521.725
230,5,30,-36.341223592346765,-58.86193505957708,517.315
231,5,31,-27.335287907510207,-58.86193505957708,513.199
232,5,32,-18.324794778949958,-58.86193505957708,509.663
233,5,33,-9.310111329333905,-58.86193505957708,506.946
234,5,34,-0.2917560927500168,-58.86193505957708,505.211
235,5,35,8.72972112725395,-58.86193505957708,504.538
236,5,36,17.753611671871177,-58.86193505957708,504.913
237,5,37,26.779185858118815,-58.86193505957708,506.234
238,5,38,35.8057060255665,-58.86193505957708,508.323
239,5,39,44.83243963642575,-58.86193505957708,510.942
240,6,0,49.34566130033551,-49.86193822422384,512.366
241,6,1,58.371445514900124,-49.86193822422384,515.265
242,6,2,67.39585344634698,-49.86194163931843,518.01
243,6,3,76.4183557550154,-49.86194505441301,520.359
244,6,4,85.43852896917686,-49.86196554498053,522.131
245,6,5,85.5439734295835,130.13809410548916,523.216
246,6,6,76.52944195167649,130.13808044511083,523.588
247,6,7,67.51807285135519,130.1380667847325,523.303
248,6,8,58.51003005315968,130.1380667847325,522.494
249,6,9,49.505419425022104,130.1380667847325,521.35
250,6,10,40.50429560845582,130.1380667847325,520.099
251,6,11,31.50669958459585,130.1380667847325,518.98
252,6,12,22.512597202496337,130.1380667847325,518.218
253,6,13,13.521940650833098,130.1380667847325,517.999
254,6,14,4.53463430695775,130.1380667847325,518.449
255,6,15,-4.449519050841991,130.1380667847325,519.619
256,6,16,-13.430744818808735,130.1380667847325,521.481
257,6,17,-22.409346940360546,130.1380667847325,523.925
258,6,18,-31.38575742496243,130.1380667847325,526.77
259,6,19,-40.360448409440764,130.1380667847325,529.78
260,6,20,-49.33399533723313,130.1380667847325,532.687
261,6,21,-58.30703000083773,130.1380667847325,535.212
262,6,22,-67.28028664559037,130.13805312435414,537.097
263,6,23,-76.25449268663763,130.13805312435414,538.126
264,6,24,-85.2304062749774,130.13803946397582,538.151
265,6,25,-85.79125359829465,-49.86190065818341,537.103
266,6,26,-76.80975974540299,-49.861924563845506,535.007
267,6,27,-67.82458442054867,-49.86192797894009,531.974
268,6,28,-58.83516754821979,-49.86193139403468,528.199
269,6,29,-49.841174449147005,-49.86193139403468,523.941
270,6,30,-40.84241387803355,-49.86193139403468,519.503
271,6,31,-31.838841438649812,-49.86193480912926,515.201
272,6,32,-22.830592027231916,-49.86193480912926,511.342
273,6,33,-13.817949096630404,-49.86193480912926,508.19
274,6,34,-4.801374111501081,-49.86193480912926,505.948
275,6,35,4.21863688566758,-49.86193480912926,504.74
276,6,36,13.241409413695042,-49.86193480912926,504.598
277,6,37,22.26623398668127,-49.86193480912926,505.465
278,6,38,31.29237507863002,-49.86193822422384,507.196
279,6,39,40.31909161401634,-49.86193822422384,509.583
280,7,0,53.85869513404309,-40.86194138887061,513.818
281,7,1,62.88385780139323,-40.8619448039652,516.673
282,7,2,71.90737097805882,-40.8619448039652,519.246
283,7,3,80.92875996589254,-40.861955049248955,521.326
284,7,4,89.9476286139225,-40.86468029472779,522.763
285,7,5,81.03632178494189,139.13808411065324,523.489
286,7,6,72.02334759016564,139.13807045027488,523.521
287,7,7,63.01363139562348,139.13807045027488,522.953
288,7,8,54.00729614472047,139.13807045027488,521.95
289,7,9,45.004420384632084,139.13807045027488,520.723
290,7,10,36.005062171966244,139.13805678989655,519.508
291,7,11,27.009212968986503,139.13805678989655,518.542
292,7,12,18.016850577578055,139.13805678989655,518.032
293,7,13,9.027886205281686,139.13805678989655,518.136
294,7,14,0.04217513746435936,139.13805678989655,518.944
295,7,15,-8.940479420699386,139.13805678989655,520.469
296,7,16,-17.920355372531407,139.13805678989655,522.64
297,7,17,-26.897798923245258,139.13805678989655,525.311
298,7,18,-35.87328391721461,139.13805678989655,528.271
299,7,19,-44.847326033721785,139.13805678989655,531.264
300,7,20,-53.820524621866475,139.13805678989655,534.014
301,7,21,-62.79358319113317,139.13805678989655,536.249
302,7,22,-71.76722232647933,139.13805678989655,537.729
303,7,23,-80.74219334871363,139.13804312951822,538.27
304,7,24,-89.71922025788811,139.13755135589798,537.762
305,7,25,-81.30093014357736,-40.861920898303104,536.181
306,7,26,-72.31768776225816,-40.86193114358686,533.597
307,7,27,-63.33042922970701,-40.86193455868144,530.164
308,7,28,-54.33875839495202,-40.86193455868144,526.112
309,7,29,-45.342398635331826,-40.86193455868144,521.725
310,7,30,-36.341223592346765,-40.86193797377603,517.315
311,7,31,-27.335287907510207,-40.86193797377603,513.199
312,7,32,-18.324794778949958,-40.86193797377603,509.663
313,7,33,-9.310111329333905,-40.86193797377603,506.946
314,7,34,-0.2917560927500168,-40.86193797377603,505.211
315,7,35,8.72972112725395,-40.86193797377603,504.538
316,7,36,17.753611671871177,-40.86193797377603,504.913
317,7,37,26.779185858118815,-40.86193797377603,506.234
318,7,38,35.8057060255665,-40.86194138887061,508.323
319,7,39,44.83243963642575,-40.86194138887061,510.942
320,8,0,49.34566130033551,-31.86193772332821,512.366
321,8,1,58.371445514900124,-31.86193772332821,515.265
322,8,2,67.39585344634698,-31.861941138422797,518.01
323,8,3,76.4183557550154,-31.861944553517382,520.359
324,8,4,85.43852896917686,-31.86196504408489,522.131
325,8,5,85.5439734295835,148.13810143657398,523.216
326,8,6,76.52944195167649,148.1380741158173,523.588
327,8,7,67.51807285135519,148.1380741158173,523.303
328,8,8,58.51003005315968,148.1380741158173,522.494
329,8,9,49.505419425022104,148.1380741158173,521.35
330,8,10,40.50429560845582,148.1380741158173,520.099
331,8,11,31.50669958459585,148.13806045543896,518.98
332,8,12,22.512597202496337,148.13806045543896,518.218
333,8,13,13.521940650833098,148.13806045543896,517.999
334,8,14,4.53463430695775,148.13806045543896,518.449
335,8,15,-4.449519050841991,148.13806045543896,519.619
336,8,16,-13.430744818808735,148.13806045543896,521.481
337,8,17,-22.409346940360546,148.13806045543896,523.925
338,8,18,-31.38575742496243,148.13806045543896,526.77
339,8,19,-40.360448409440764,148.13806045543896,529.78
340,8,20,-49.33399533723313,148.13806045543896,532.687
341,8,21,-58.30703000083773,148.13806045543896,535.212
342,8,22,-67.28028664559037,148.13806045543896,537.097
343,8,23,-76.25449268663763,148.13806045543896,538.126
344,8,24,-85.2304062749774,148.13803313468227,538.151
345,8,25,-85.79125359829465,-31.861900157287778,537.103
346,8,26,-76.80975974540299,-31.86192406294987,535.007
347,8,27,-67.82458442054867,-31.861927478044457,531.974
348,8,28,-58.83516754821979,-31.861930893139043,528.199
349,8,29,-49.841174449147005,-31.861930893139043,523.941
350,8,30,-40.84241387803355,-31.861930893139043,519.503
351,8,31,-31.838841438649812,-31.861934308233625,515.201
352,8,32,-22.830592027231916,-31.861934308233625,511.342
353,8,33,-13.817949096630404,-31.861934308233625,508.19
354,8,34,-4.801374111501081,-31.861934308233625,505.948
355,8,35,4.21863688566758,-31.861934308233625,504.74
356,8,36,13.241409413695042,-31.861934308233625,504.598
357,8,37,22.26623398668127,-31.861934308233625,505.465
358,8,38,31.29237507863002,-31.86193772332821,507.196
359,8,39,40.31909161401634,-31.86193772332821,509.583
360,9,0,53.85869513404309,-22.86194088797498,513.818
361,9,1,62.88385780139323,-22.861942595522272,516.673
362,9,2,71.90737097805882,-22.861946010616858,519.246
363,9,3,80.92875996589254,-22.861952840806026,521.326
364,9,4,89.9476286139225,-22.864679793832156,522.763
365,9,5,81.03632178494189,157.1380777813597,523.489
366,9,6,72.02334759016564,157.13806412098134,523.521
367,9,7,63.01363139562348,157.13806412098134,522.953
368,9,8,54.00729614472047,157.13806412098134,521.95
369,9,9,45.004420384632084,157.13806412098134,520.723
370,9,10,36.005062171966244,157.13806412098134,519.508
371,9,11,27.009212968986503,157.13806412098134,518.542
372,9,12,18.016850577578055,157.13806412098134,518.032
373,9,13,9.027886205281686,157.13806412098134,518.136
374,9,14,0.04217513746435936,157.13806412098134,518.944
375,9,15,-8.940479420699386,157.13806412098134,520.469
376,9,16,-17.920355372531407,157.13806412098134,522.64
377,9,17,-26.897798923245258,157.13806412098134,525.311
378,9,18,-35.87328391721461,157.13806412098134,528.271
379,9,19,-44.847326033721785,157.13806412098134,531.264
380,9,20,-53.820524621866475,157.13806412098134,534.014
381,9,21,-62.79358319113317,157.138050460603,536.249
382,9,22,-71.76722232647933,157.138050460603,537.729
383,9,23,-80.74219334871363,157.138050460603,538.27
384,9,24,-89.71922025788811,157.13754502660444,537.762
385,9,25,-81.30093014357736,-22.86192210495476,536.181
386,9,26,-72.31768776225816,-22.861930642691224,533.597
387,9,27,-63.33042922970701,-22.86193235023852,530.164
388,9,28,-54.33875839495202,-22.86193405778581,526.112
389,9,29,-45.342398635331826,-22.8619357653331,521.725
390,9,30,-36.341223592346765,-22.8619357653331,517.315
391,9,31,-27.335287907510207,-22.8619357653331,513.199
392,9,32,-18.324794778949958,-22.861937472880395,509.663
393,9,33,-9.310111329333905,-22.861937472880395,506.946
394,9,34,-0.2917560927500168,-22.861937472880395,505.211
395,9,35,8.72972112725395,-22.861937472880395,504.538
396,9,36,17.753611671871177,-22.861939180427687,504.913
397,9,37,26.779185858118815,-22.861939180427687,506.234
398,9,38,35.8057060255665,-22.861939180427687,508.323
399,9,39,44.83243963642575,-22.86194088797498,510.942
400,10,0,49.34566130033551,-13.861937222432578,512.366
401,10,1,58.371445514900124,-13.861938076206224,515.265
402,10,2,67.39585344634698,-13.861940637527164,518.01
403,10,3,76.4183557550154,-13.861944906395394,520.359
404,10,4,85.43852896917686,-13.861965396962905,522.131
405,10,5,85.5439734295835,166.13809510728044,523.216
406,10,6,76.52944195167649,166.1380814469021,523.588
407,10,7,67.51807285135519,166.13806778652375,523.303
408,10,8,58.51003005315968,166.13806778652375,522.494
409,10,9,49.505419425022104,166.13806778652375,521.35
410,10,10,40.50429560845582,166.13806778652375,520.099
411,10,11,31.50669958459585,166.13806778652375,518.98
412,10,12,22.512597202496337,166.13806778652375,518.218
413,10,13,13.521940650833098,166.13806778652375,517.999
414,10,14,4.53463430695775,166.13806778652375,518.449
415,10,15,-4.449519050841991,166.13806778652375,519.619
416,10,16,-13.430744818808735,166.13806778652375,521.481
417,10,17,-22.409346940360546,166.13806778652375,523.925
418,10,18,-31.38575742496243,166.13806778652375,526.77
419,10,19,-40.360448409440764,166.13806778652375,529.78
420,10,20,-49.33399533723313,166.13806778652375,532.687
421,10,21,-58.30703000083773,166.13806778652375,535.212
422,10,22,-67.28028664559037,166.13805412614542,537.097
423,10,23,-76.25449268663763,166.13805412614542,538.126
424,10,24,-85.2304062749774,166.13804046576706,538.151
425,10,25,-85.79125359829465,-13.861900510165789,537.103
426,10,26,-76.80975974540299,-13.861923562054239,535.007
427,10,27,-67.82458442054867,-13.86192783092247,531.974
428,10,28,-58.83516754821979,-13.861930392243409,528.199
429,10,29,-49.841174449147005,-13.861931246017054,523.941
430,10,30,-40.84241387803355,-13.861932099790701,519.503
431,10,31,-31.838841438649812,-13.861932953564347,515.201
432,10,32,-22.830592027231916,-13.861932953564347,511.342
433,10,33,-13.817949096630404,-13.861933807337993,508.19
434,10,34,-4.801374111501081,-13.861933807337993,505.948
435,10,35,4.21863688566758,-13.86193466111164,504.74
436,10,36,13.241409413695042,-13.86193466111164,504.598
437,10,37,22.26623398668127,-13.861935514885285,505.465
438,10,38,31.29237507863002,-13.861935514885285,507.196
439,10,39,40.31909161401634,-13.861936368658933,509.583
440,11,0,53.85869513404309,-4.86194081396617,513.818
441,11,1,62.88385780139323,-4.861942094626639,516.673
442,11,2,71.90737097805882,-4.861945082834401,519.246
443,11,3,80.92875996589254,-4.86195319368404,521.326
444,11,4,89.9476286139225,-4.864679292936522,522.763
445,11,5,81.03632178494189,175.1380851124445,523.489
446,11,6,72.02334759016564,175.13807145206616,523.521
447,11,7,63.01363139562348,175.13807145206616,522.953
448,11,8,54.00729614472047,175.13807145206616,521.95
449,11,9,45.004420384632084,175.13807145206616,520.723
450,11,10,36.005062171966244,175.13805779168783,519.508
451,11,11,27.009212968986503,175.13805779168783,518.542
452,11,12,18.016850577578055,175.13805779168783,518.032
453,11,13,9.027886205281686,175.13805779168783,518.136
454,11,14,0.04217513746435936,175.13805779168783,518.944
455,11,15,-8.940479420699386,175.13805779168783,520.469
456,11,16,-17.920355372531407,175.13805779168783,522.64
457,11,17,-26.897798923245258,175.13805779168783,525.311
458,11,18,-35.87328391721461,175.13805779168783,528.271
459,11,19,-44.847326033721785,175.13805779168783,531.264
460,11,20,-53.820524621866475,175.13805779168783,534.014
461,11,21,-62.79358319113317,175.13805779168783,536.249
462,11,22,-71.76722232647933,175.13805779168783,537.729
463,11,23,-80.74219334871363,175.13804413130947,538.27
464,11,24,-89.71922025788811,175.13755235768923,537.762
465,11,25,-81.30093014357736,-4.861921177172306,536.181
466,11,26,-72.31768776225816,-4.861929714908769,533.597
467,11,27,-63.33042922970701,-4.861932276229707,530.164
468,11,28,-54.33875839495202,-4.861933983777,526.112
469,11,29,-45.342398635331826,-4.8619348375506455,521.725
470,11,30,-36.341223592346765,-4.861935691324292,517.315
471,11,31,-27.335287907510207,-4.861936118211116,513.199
472,11,32,-18.324794778949958,-4.861936545097938,509.663
473,11,33,-9.310111329333905,-4.861936971984761,506.946
474,11,34,-0.2917560927500168,-4.861937398871585,505.211
475,11,35,8.72972112725395,-4.861937825758408,504.538
476,11,36,17.753611671871177,-4.861938252645231,504.913
477,11,37,26.779185858118815,-4.861938679532054,506.234
478,11,38,35.8057060255665,-4.861939106418877,508.323
479,11,39,44.83243963642575,-4.861939960192523,510.942
480,12,0,49.34566130033551,4.138063278463055,512.366
481,12,1,58.371445514900124,4.138061997802586,515.265
482,12,2,67.39585344634698,4.138060290255293,518.01
483,12,3,76.4183557550154,4.138056021387062,520.359
484,12,4,85.43852896917686,4.138034677045906,522.131
485,12,5,85.5439734295835,-175.86190757954742,523.216
486,12,6,76.52944195167649,-175.86192123992578,523.588
487,12,7,67.51807285135519,-175.86192123992578,523.303
488,12,8,58.51003005315968,-175.8619349003041,522.494
489,12,9,49.505419425022104,-175.8619349003041,521.35
490,12,10,40.50429560845582,-175.8619349003041,520.099
491,12,11,31.50669958459585,-175.8619349003041,518.98
492,12,12,22.512597202496337,-175.8619349003041,518.218
493,12,13,13.521940650833098,-175.8619349003041,517.999
494,12,14,4.53463430695775,-175.8619349003041,518.449
495,12,15,-4.449519050841991,-175.8619349003041,519.619
496,12,16,-13.430744818808735,-175.8619349003041,521.481
497,12,17,-22.409346940360546,-175.8619349003041,523.925
498,12,18,-31.38575742496243,-175.8619349003041,526.77
499,12,19,-40.360448409440764,-175.8619349003041,529.78
500,12,20,-49.33399533723313,-175.8619349003041,532.687
501,12,21,-58.30703000083773,-175.8619349003041,535.212
502,12,22,-67.28028664559037,-175.8619349003041,537.097
503,12,23,-76.25449268663763,-175.86194856068244,538.126
504,12,24,-85.2304062749774,-175.8619622210608,538.151
505,12,25,-85.79125359829465,4.138100417616667,537.103
506,12,26,-76.80975974540299,4.138076938841396,535.007
507,12,27,-67.82458442054867,4.138072243086341,531.974
508,12,28,-58.83516754821979,4.138070535539049,528.199
509,12,29,-49.841174449147005,4.138069254878579,523.941
510,12,30,-40.84241387803355,4.138068401104933,519.503
511,12,31,-31.838841438649812,4.138067974218109,515.201
512,12,32,-22.830592027231916,4.138067120444464,511.342
513,12,33,-13.817949096630404,4.13806669355764,508.19
514,12,34,-4.801374111501081,4.138066266670817,505.948
515,12,35,4.21863688566758,4.138066266670817,504.74
516,12,36,13.241409413695042,4.138065839783994,504.598
517,12,37,22.26623398668127,4.138065412897171,505.465
518,12,38,31.29237507863002,4.138064559123524,507.196
519,12,39,40.31909161401634,4.1380641322367016,509.583
520,13,0,53.85869513404309,13.13806609023181,513.818
521,13,1,62.88385780139323,13.138065236458164,516.673
522,13,2,71.90737097805882,13.138062675137226,519.246
523,13,3,80.92875996589254,13.138054137400763,521.326
524,13,4,89.9476286139225,13.135328038148282,522.763
525,13,5,81.03632178494189,-166.86191757438337,523.489
526,13,6,72.02334759016564,-166.86191757438337,523.521
527,13,7,63.01363139562348,-166.8619312347617,522.953
528,13,8,54.00729614472047,-166.8619312347617,521.95
529,13,9,45.004420384632084,-166.8619312347617,520.723
530,13,10,36.005062171966244,-166.8619312347617,519.508
531,13,11,27.009212968986503,-166.8619312347617,518.542
532,13,12,18.016850577578055,-166.8619312347617,518.032
533,13,13,9.027886205281686,-166.8619312347617,518.136
534,13,14,0.04217513746435936,-166.8619312347617,518.944
535,13,15,-8.940479420699386,-166.8619312347617,520.469
536,13,16,-17.920355372531407,-166.8619312347617,522.64
537,13,17,-26.897798923245258,-166.8619312347617,525.311
538,13,18,-35.87328391721461,-166.8619312347617,528.271
539,13,19,-44.847326033721785,-166.8619312347617,531.264
540,13,20,-53.820524621866475,-166.8619312347617,534.014
541,13,21,-62.79358319113317,-166.8619312347617,536.249
542,13,22,-71.76722232647933,-166.8619312347617,537.729
543,13,23,-80.74219334871363,-166.86194489514006,538.27
544,13,24,-89.71922025788811,-166.8624366687603,537.762
545,13,25,-81.30093014357736,13.138086580799321,536.181
546,13,26,-72.31768776225816,13.138078043062858,533.597
547,13,27,-63.33042922970701,13.138074627968273,530.164
548,13,28,-54.33875839495202,13.138073774194627,526.112
549,13,29,-45.342398635331826,13.138072066647334,521.725
550,13,30,-36.341223592346765,13.138072066647334,517.315
551,13,31,-27.335287907510207,13.138071212873689,513.199
552,13,32,-18.324794778949958,13.138070359100041,509.663
553,13,33,-9.310111329333905,13.138070359100041,506.946
554,13,34,-0.2917560927500168,13.138070359100041,505.211
555,13,35,8.72972112725395,13.138069505326396,504.538
556,13,36,17.753611671871177,13.138069505326396,504.913
557,13,37,26.779185858118815,13.13806865155275,506.234
558,13,38,35.8057060255665,13.138067797779103,508.323
559,13,39,44.83243963642575,13.138067797779103,510.942
560,14,0,49.34566130033551,22.138056949169517,512.366
561,14,1,58.371445514900124,22.138055241622226,515.265
562,14,2,67.39585344634698,22.138053534074935,518.01
563,14,3,76.4183557550154,22.13805011898035,520.359
564,14,4,85.43852896917686,22.138027920865547,522.131
565,14,5,85.5439734295835,-157.86191390884096,523.216
566,14,6,76.52944195167649,-157.86192756921932,523.588
567,14,7,67.51807285135519,-157.86192756921932,523.303
568,14,8,58.51003005315968,-157.86194122959765,522.494
569,14,9,49.505419425022104,-157.86194122959765,521.35
570,14,10,40.50429560845582,-157.86194122959765,520.099
571,14,11,31.50669958459585,-157.86194122959765,518.98
572,14,12,22.512597202496337,-157.86194122959765,518.218
573,14,13,13.521940650833098,-157.86194122959765,517.999
574,14,14,4.53463430695775,-157.86194122959765,518.449
575,14,15,-4.449519050841991,-157.86194122959765,519.619
576,14,16,-13.430744818808735,-157.86194122959765,521.481
577,14,17,-22.409346940360546,-157.86194122959765,523.925
578,14,18,-31.38575742496243,-157.86194122959765,526.77
579,14,19,-40.360448409440764,-157.86194122959765,529.78
580,14,20,-49.33399533723313,-157.86194122959765,532.687
581,14,21,-58.30703000083773,-157.86194122959765,535.212
582,14,22,-67.28028664559037,-157.86194122959765,537.097
583,14,23,-76.25449268663763,-157.86195488997598,538.126
584,14,24,-85.2304062749774,-157.86196855035433,538.151
585,14,25,-85.79125359829465,22.138094515209954,537.103
586,14,26,-76.80975974540299,22.13807060954786,535.007
587,14,27,-67.82458442054867,22.13806548690598,531.974
588,14,28,-58.83516754821979,22.13806377935869,528.199
589,14,29,-49.841174449147005,22.138062071811397,523.941
590,14,30,-40.84241387803355,22.138062071811397,519.503
591,14,31,-31.838841438649812,22.138062071811397,515.201
592,14,32,-22.830592027231916,22.138060364264103,511.342
593,14,33,-13.817949096630404,22.138060364264103,508.19
594,14,34,-4.801374111501081,22.138060364264103,505.948
595,14,35,4.21863688566758,22.138060364264103,504.74
596,14,36,13.241409413695042,22.13805865671681,504.598
597,14,37,22.26623398668127,22.13805865671681,505.465
598,14,38,31.29237507863002,22.13805865671681,507.196
599,14,39,40.31909161401634,22.13805865671681,509.583
600,15,0,53.85869513404309,31.13806061471192,513.818
601,15,1,62.88385780139323,31.138057199617336,516.673
602,15,2,71.90737097805882,31.138057199617336,519.246
603,15,3,80.92875996589254,31.13804695433358,521.326
604,15,4,89.9476286139225,31.135321708854747,522.763
605,15,5,81.03632178494189,-148.8619239036769,523.489
606,15,6,72.02334759016564,-148.8619239036769,523.521
607,15,7,63.01363139562348,-148.86193756405524,522.953
608,15,8,54.00729614472047,-148.86193756405524,521.95
609,15,9,45.004420384632084,-148.86193756405524,520.723
610,15,10,36.005062171966244,-148.86193756405524,519.508
611,15,11,27.009212968986503,-148.86193756405524,518.542
612,15,12,18.016850577578055,-148.86193756405524,518.032
613,15,13,9.027886205281686,-148.86193756405524,518.136
614,15,14,0.04217513746435936,-148.86193756405524,518.944
615,15,15,-8.940479420699386,-148.86193756405524,520.469
616,15,16,-17.920355372531407,-148.86193756405524,522.64
617,15,17,-26.897798923245258,-148.86193756405524,525.311
618,15,18,-35.87328391721461,-148.86193756405524,528.271
619,15,19,-44.847326033721785,-148.86193756405524,531.264
620,15,20,-53.820524621866475,-148.86193756405524,534.014
621,15,21,-62.79358319113317,-148.86193756405524,536.249
622,15,22,-71.76722232647933,-148.86193756405524,537.729
623,15,23,-80.74219334871363,-148.8619512244336,538.27
624,15,24,-89.71922025788811,-148.86244299805384,537.762
625,15,25,-81.30093014357736,31.13808110527943,536.181
626,15,26,-72.31768776225816,31.138070859995675,533.597
627,15,27,-63.33042922970701,31.13806744490109,530.164
628,15,28,-54.33875839495202,31.13806744490109,526.112
629,15,29,-45.342398635331826,31.13806744490109,521.725
630,15,30,-36.341223592346765,31.138064029806504,517.315
631,15,31,-27.335287907510207,31.138064029806504,513.199
632,15,32,-18.324794778949958,31.138064029806504,509.663
633,15,33,-9.310111329333905,31.138064029806504,506.946
634,15,34,-0.2917560927500168,31.138064029806504,505.211
635,15,35,8.72972112725395,31.138064029806504,504.538
636,15,36,17.753611671871177,31.138064029806504,504.913
637,15,37,26.779185858118815,31.138064029806504,506.234
638,15,38,35.8057060255665,31.13806061471192,508.323
639,15,39,44.83243963642575,31.13806061471192,510.942
640,16,0,49.34566130033551,40.13806428025432,512.366
641,16,1,58.371445514900124,40.13806428025432,515.265
642,16,2,67.39585344634698,40.13806086515974,518.01
643,16,3,76.4183557550154,40.138057450065155,520.359
644,16,4,85.43852896917686,40.13803695949764,522.131
645,16,5,85.5439734295835,-139.86190657775617,523.216
646,16,6,76.52944195167649,-139.8619202381345,523.588
647,16,7,67.51807285135519,-139.8619202381345,523.303
648,16,8,58.51003005315968,-139.86193389851283,522.494
649,16,9,49.505419425022104,-139.86193389851283,521.35
650,16,10,40.50429560845582,-139.86193389851283,520.099
651,16,11,31.50669958459585,-139.86193389851283,518.98
652,16,12,22.512597202496337,-139.86193389851283,518.218
653,16,13,13.521940650833098,-139.86193389851283,517.999
654,16,14,4.53463430695775,-139.86193389851283,518.449
655,16,15,-4.449519050841991,-139.86193389851283,519.619
656,16,16,-13.430744818808735,-139.86193389851283,521.481
657,16,17,-22.409346940360546,-139.86193389851283,523.925
658,16,18,-31.38575742496243,-139.86193389851283,526.77
659,16,19,-40.360448409440764,-139.86193389851283,529.78
660,16,20,-49.33399533723313,-139.86193389851283,532.687
661,16,21,-58.30703000083773,-139.86193389851283,535.212
662,16,22,-67.28028664559037,-139.86193389851283,537.097
663,16,23,-76.25449268663763,-139.8619475588912,538.126
664,16,24,-85.2304062749774,-139.86196121926952,538.151
665,16,25,-85.79125359829465,40.13810184629476,537.103
666,16,26,-76.80975974540299,40.13807794063266,535.007
667,16,27,-67.82458442054867,40.13807452553808,531.974
668,16,28,-58.83516754821979,40.13807111044349,528.199
669,16,29,-49.841174449147005,40.13807111044349,523.941
670,16,30,-40.84241387803355,40.13807111044349,519.503
671,16,31,-31.838841438649812,40.13806769534891,515.201
672,16,32,-22.830592027231916,40.13806769534891,511.342
673,16,33,-13.817949096630404,40.13806769534891,508.19
674,16,34,-4.801374111501081,40.13806769534891,505.948
675,16,35,4.21863688566758,40.13806769534891,504.74
676,16,36,13.241409413695042,40.13806769534891,504.598
677,16,37,22.26623398668127,40.13806769534891,505.465
678,16,38,31.29237507863002,40.13806428025432,507.196
679,16,39,40.31909161401634,40.13806428025432,509.583
680,17,0,53.85869513404309,49.138054285418384,513.818
681,17,1,62.88385780139323,49.138050870323795,516.673
682,17,2,71.90737097805882,49.138050870323795,519.246
683,17,3,80.92875996589254,49.13804062504004,521.326
684,17,4,89.9476286139225,49.135315379561206,522.763
685,17,5,81.03632178494189,-130.86193023297045,523.489
686,17,6,72.02334759016564,-130.86193023297045,523.521
687,17,7,63.01363139562348,-130.86194389334878,522.953
688,17,8,54.00729614472047,-130.86194389334878,521.95
689,17,9,45.004420384632084,-130.86194389334878,520.723
690,17,10,36.005062171966244,-130.86194389334878,519.508
691,17,11,27.009212968986503,-130.86194389334878,518.542
692,17,12,18.016850577578055,-130.86194389334878,518.032
693,17,13,9.027886205281686,-130.86194389334878,518.136
694,17,14,0.04217513746435936,-130.86194389334878,518.944
695,17,15,-8.940479420699386,-130.86194389334878,520.469
696,17,16,-17.920355372531407,-130.86194389334878,522.64
697,17,17,-26.897798923245258,-130.86194389334878,525.311
698,17,18,-35.87328391721461,-130.86194389334878,528.271
699,17,19,-44.847326033721785,-130.86194389334878,531.264
700,17,20,-53.820524621866475,-130.86194389334878,534.014
701,17,21,-62.79358319113317,-130.86194389334878,536.249
702,17,22,-71.76722232647933,-130.86194389334878,537.729
703,17,23,-80.74219334871363,-130.8619575537271,538.27
704,17,24,-89.71922025788811,-130.86244932734735,537.762
705,17,25,-81.30093014357736,49.13807477598589,536.181
706,17,26,-72.31768776225816,49.13806453070214,533.597
707,17,27,-63.33042922970701,49.138061115607556,530.164
708,17,28,-54.33875839495202,49.138061115607556,526.112
709,17,29,-45.342398635331826,49.138061115607556,521.725
710,17,30,-36.341223592346765,49.13805770051297,517.315
711,17,31,-27.335287907510207,49.13805770051297,513.199
712,17,32,-18.324794778949958,49.13805770051297,509.663
713,17,33,-9.310111329333905,49.13805770051297,506.946
714,17,34,-0.2917560927500168,49.13805770051297,505.211
715,17,35,8.72972112725395,49.13805770051297,504.538
716,17,36,17.753611671871177,49.13805770051297,504.913
717,17,37,26.779185858118815,49.13805770051297,506.234
718,17,38,35.8057060255665,49.138054285418384,508.323
719,17,39,44.83243963642575,49.138054285418384,510.942
720,18,0,49.34566130033551,58.138057950960786,512.366
721,18,1,58.371445514900124,58.138057950960786,515.265
722,18,2,67.39585344634698,58.138057950960786,518.01
723,18,3,76.4183557550154,58.138051120771614,520.359
724,18,4,85.43852896917686,58.138030630204106,522.131
725,18,5,85.5439734295835,-121.8619129070497,523.216
726,18,6,76.52944195167649,-121.86192656742804,523.588
727,18,7,67.51807285135519,-121.86192656742804,523.303
728,18,8,58.51003005315968,-121.86194022780637,522.494
729,18,9,49.505419425022104,-121.86194022780637,521.35
730,18,10,40.50429560845582,-121.86194022780637,520.099
731,18,11,31.50669958459585,-121.86194022780637,518.98
732,18,12,22.512597202496337,-121.86194022780637,518.218
733,18,13,13.521940650833098,-121.86194022780637,517.999
734,18,14,4.53463430695775,-121.86194022780637,518.449
735,18,15,-4.449519050841991,-121.86194022780637,519.619
736,18,16,-13.430744818808735,-121.86194022780637,521.481
737,18,17,-22.409346940360546,-121.86194022780637,523.925
738,18,18,-31.38575742496243,-121.86194022780637,526.77
739,18,19,-40.360448409440764,-121.86194022780637,529.78
740,18,20,-49.33399533723313,-121.86194022780637,532.687
741,18,21,-58.30703000083773,-121.86194022780637,535.212
742,18,22,-67.28028664559037,-121.86194022780637,537.097
743,18,23,-76.25449268663763,-121.86195388818471,538.126
744,18,24,-85.2304062749774,-121.86196754856306,538.151
745,18,25,-85.79125359829465,58.138092101906636,537.103
746,18,26,-76.80975974540299,58.13807161133913,535.007
747,18,27,-67.82458442054867,58.13806478114996,531.974
748,18,28,-58.83516754821979,58.13806478114996,528.199
749,18,29,-49.841174449147005,58.13806478114996,523.941
750,18,30,-40.84241387803355,58.13806478114996,519.503
751,18,31,-31.838841438649812,58.13806478114996,515.201
752,18,32,-22.830592027231916,58.13806478114996,511.342
753,18,33,-13.817949096630404,58.13806478114996,508.19
754,18,34,-4.801374111501081,58.138057950960786,505.948
755,18,35,4.21863688566758,58.138057950960786,504.74
756,18,36,13.241409413695042,58.138057950960786,504.598
757,18,37,22.26623398668127,58.138057950960786,505.465
758,18,38,31.29237507863002,58.138057950960786,507.196
759,18,39,40.31909161401634,58.138057950960786,509.583
760,19,0,53.85869513404309,67.1380616165032,513.818
761,19,1,62.88385780139323,67.1380616165032,516.673
762,19,2,71.90737097805882,67.13805478631402,519.246
763,19,3,80.92875996589254,67.13804795612485,521.326
764,19,4,89.9476286139225,67.13532271064601,522.763
765,19,5,81.03632178494189,-112.86192290188563,523.489
766,19,6,72.02334759016564,-112.86192973207481,523.521
767,19,7,63.01363139562348,-112.86192973207481,522.953
768,19,8,54.00729614472047,-112.86192973207481,521.95
769,19,9,45.004420384632084,-112.86192973207481,520.723
770,19,10,36.005062171966244,-112.86193656226398,519.508
771,19,11,27.009212968986503,-112.86193656226398,518.542
772,19,12,18.016850577578055,-112.86193656226398,518.032
773,19,13,9.027886205281686,-112.86193656226398,518.136
774,19,14,0.04217513746435936,-112.86193656226398,518.944
775,19,15,-8.940479420699386,-112.86193656226398,520.469
776,19,16,-17.920355372531407,-112.86193656226398,522.64
777,19,17,-26.897798923245258,-112.86193656226398,525.311
778,19,18,-35.87328391721461,-112.86193656226398,528.271
779,19,19,-44.847326033721785,-112.86193656226398,531.264
780,19,20,-53.820524621866475,-112.86193656226398,534.014
781,19,21,-62.79358319113317,-112.86194339245314,536.249
782,19,22,-71.76722232647933,-112.86194339245314,537.729
783,19,23,-80.74219334871363,-112.86195022264232,538.27
784,19,24,-89.71922025788811,-112.86244882645173,537.762
785,19,25,-81.30093014357736,67.1380821070707,536.181
786,19,26,-72.31768776225816,67.13807527688152,533.597
787,19,27,-63.33042922970701,67.13806844669236,530.164
788,19,28,-54.33875839495202,67.13806844669236,526.112
789,19,29,-45.342398635331826,67.13806844669236,521.725
790,19,30,-36.341223592346765,67.13806844669236,517.315
791,19,31,-27.335287907510207,67.13806844669236,513.199
792,19,32,-18.324794778949958,67.13806844669236,509.663
793,19,33,-9.310111329333905,67.1380616165032,506.946
794,19,34,-0.2917560927500168,67.1380616165032,505.211
795,19,35,8.72972112725395,67.1380616165032,504.538
796,19,36,17.753611671871177,67.1380616165032,504.913
797,19,37,26.779185858118815,67.1380616165032,506.234
798,19,38,35.8057060255665,67.1380616165032,508.323
799,19,39,44.83243963642575,67.1380616165032,510.942
800,20,0,49.34566130033551,76.13806528204559,512.366
801,20,1,58.371445514900124,76.13806528204559,515.265
802,20,2,67.39585344634698,76.13806528204559,518.01
803,20,3,76.4183557550154,76.13805845185642,520.359
804,20,4,85.43852896917686,76.1380379612889,522.131
805,20,5,85.5439734295835,-103.86189874577572,523.216
806,20,6,76.52944195167649,-103.86191923634324,523.588
807,20,7,67.51807285135519,-103.8619260665324,523.303
808,20,8,58.51003005315968,-103.8619260665324,522.494
809,20,9,49.505419425022104,-103.8619260665324,521.35
810,20,10,40.50429560845582,-103.86193289672157,520.099
811,20,11,31.50669958459585,-103.86193289672157,518.98
812,20,12,22.512597202496337,-103.86193289672157,518.218
813,20,13,13.521940650833098,-103.86193289672157,517.999
814,20,14,4.53463430695775,-103.86193289672157,518.449
815,20,15,-4.449519050841991,-103.86193289672157,519.619
816,20,16,-13.430744818808735,-103.86193289672157,521.481
817,20,17,-22.409346940360546,-103.86193289672157,523.925
818,20,18,-31.38575742496243,-103.86193289672157,526.77
819,20,19,-40.360448409440764,-103.86193289672157,529.78
820,20,20,-49.33399533723313,-103.86193289672157,532.687
821,20,21,-58.30703000083773,-103.86193289672157,535.212
822,20,22,-67.28028664559037,-103.86193972691075,537.097
823,20,23,-76.25449268663763,-103.86193972691075,538.126
824,20,24,-85.2304062749774,-103.86196021747826,538.151
825,20,25,-85.79125359829465,76.13809943299144,537.103
826,20,26,-76.80975974540299,76.13807894242393,535.007
827,20,27,-67.82458442054867,76.13807211223475,531.974
828,20,28,-58.83516754821979,76.13807211223475,528.199
829,20,29,-49.841174449147005,76.13807211223475,523.941
830,20,30,-40.84241387803355,76.13807211223475,519.503
831,20,31,-31.838841438649812,76.13807211223475,515.201
832,20,32,-22.830592027231916,76.13807211223475,511.342
833,20,33,-13.817949096630404,76.13807211223475,508.19
834,20,34,-4.801374111501081,76.13806528204559,505.948
835,20,35,4.21863688566758,76.13806528204559,504.74
836,20,36,13.241409413695042,76.13806528204559,504.598
837,20,37,22.26623398668127,76.13806528204559,505.465
838,20,38,31.29237507863002,76.13806528204559,507.196
839,20,39,40.31909161401634,76.13806528204559,509.583
840,21,0,53.85869513404309,85.13805528720965,513.818
841,21,1,62.88385780139323,85.13805528720965,516.673
842,21,2,71.90737097805882,85.13804845702047,519.246
843,21,3,80.92875996589254,85.13804162683131,521.326
844,21,4,89.9476286139225,85.13531638135248,522.763
845,21,5,81.03632178494189,-94.86192923117918,523.489
846,21,6,72.02334759016564,-94.86193606136834,523.521
847,21,7,63.01363139562348,-94.86193606136834,522.953
848,21,8,54.00729614472047,-94.86193606136834,521.95
849,21,9,45.004420384632084,-94.86193606136834,520.723
850,21,10,36.005062171966244,-94.86194289155752,519.508
851,21,11,27.009212968986503,-94.86194289155752,518.542
852,21,12,18.016850577578055,-94.86194289155752,518.032
853,21,13,9.027886205281686,-94.86194289155752,518.136
854,21,14,0.04217513746435936,-94.86194289155752,518.944
855,21,15,-8.940479420699386,-94.86194289155752,520.469
856,21,16,-17.920355372531407,-94.86194289155752,522.64
857,21,17,-26.897798923245258,-94.86194289155752,525.311
858,21,18,-35.87328391721461,-94.86194289155752,528.271
859,21,19,-44.847326033721785,-94.86194289155752,531.264
860,21,20,-53.820524621866475,-94.86194289155752,534.014
861,21,21,-62.79358319113317,-94.86194972174668,536.249
862,21,22,-71.76722232647933,-94.86194972174668,537.729
863,21,23,-80.74219334871363,-94.86195655193585,538.27
864,21,24,-89.71922025788811,-94.86245515574527,537.762
865,21,25,-81.30093014357736,85.13807577777716,536.181
866,21,26,-72.31768776225816,85.138068947588,533.597
867,21,27,-63.33042922970701,85.13806211739882,530.164
868,21,28,-54.33875839495202,85.13806211739882,526.112
869,21,29,-45.342398635331826,85.13806211739882,521.725
870,21,30,-36.341223592346765,85.13806211739882,517.315
871,21,31,-27.335287907510207,85.13806211739882,513.199
872,21,32,-18.324794778949958,85.13806211739882,509.663
873,21,33,-9.310111329333905,85.13805528720965,506.946
874,21,34,-0.2917560927500168,85.13805528720965,505.211
875,21,35,8.72972112725395,85.13805528720965,504.538
876,21,36,17.753611671871177,85.13805528720965,504.913
877,21,37,26.779185858118815,85.13805528720965,506.234
878,21,38,35.8057060255665,85.13805528720965,508.323
879,21,39,44.83243963642575,85.13805528720965,510.942
880,22,0,49.34566130033551,94.13805895275205,512.366
881,22,1,58.371445514900124,94.13805895275205,515.265
882,22,2,67.39585344634698,94.13805895275205,518.01
883,22,3,76.4183557550154,94.13805212256288,520.359
884,22,4,85.43852896917686,94.13803163199537,522.131
885,22,5,85.5439734295835,-85.86190507506926,523.216
886,22,6,76.52944195167649,-85.86192556563677,523.588
887,22,7,67.51807285135519,-85.86193239582595,523.303
888,22,8,58.51003005315968,-85.86193239582595,522.494
889,22,9,49.505419425022104,-85.86193239582595,521.35
890,22,10,40.50429560845582,-85.86193922601511,520.099
891,22,11,31.50669958459585,-85.86193922601511,518.98
892,22,12,22.512597202496337,-85.86193922601511,518.218
893,22,13,13.521940650833098,-85.86193922601511,517.999
894,22,14,4.53463430695775,-85.86193922601511,518.449
895,22,15,-4.449519050841991,-85.86193922601511,519.619
896,22,16,-13.430744818808735,-85.86193922601511,521.481
897,22,17,-22.409346940360546,-85.86193922601511,523.925
898,22,18,-31.38575742496243,-85.86193922601511,526.77
899,22,19,-40.360448409440764,-85.86193922601511,529.78
900,22,20,-49.33399533723313,-85.86193922601511,532.687
901,22,21,-58.30703000083773,-85.86193922601511,535.212
902,22,22,-67.28028664559037,-85.86194605620427,537.097
903,22,23,-76.25449268663763,-85.86194605620427,538.126
904,22,24,-85.2304062749774,-85.8619665467718,538.151
905,22,25,-85.79125359829465,94.1380931036979,537.103
906,22,26,-76.80975974540299,94.13807261313039,535.007
907,22,27,-67.82458442054867,94.13806578294123,531.974
908,22,28,-58.83516754821979,94.13806578294123,528.199
909,22,29,-49.841174449147005,94.13806578294123,523.941
910,22,30,-40.84241387803355,94.13806578294123,519.503
911,22,31,-31.838841438649812,94.13806578294123,515.201
912,22,32,-22.830592027231916,94.13806578294123,511.342
913,22,33,-13.817949096630404,94.13806578294123,508.19
914,22,34,-4.801374111501081,94.13805895275205,505.948
915,22,35,4.21863688566758,94.13805895275205,504.74
916,22,36,13.241409413695042,94.13805895275205,504.598
917,22,37,22.26623398668127,94.13805895275205,505.465
918,22,38,31.29237507863002,94.13805895275205,507.196
919,22,39,40.31909161401634,94.13805895275205,509.583
920,23,0,53.85869513404309,103.13806261829446,513.818
921,23,1,62.88385780139323,103.13806261829446,516.673
922,23,2,71.90737097805882,103.13805578810528,519.246
923,23,3,80.92875996589254,103.13804895791611,521.326
924,23,4,89.9476286139225,103.13532371243728,522.763
925,23,5,81.03632178494189,-76.86192190009437,523.489
926,23,6,72.02334759016564,-76.86192873028354,523.521
927,23,7,63.01363139562348,-76.86192873028354,522.953
928,23,8,54.00729614472047,-76.86192873028354,521.95
929,23,9,45.004420384632084,-76.86192873028354,520.723
930,23,10,36.005062171966244,-76.86193556047272,519.508
931,23,11,27.009212968986503,-76.86193556047272,518.542
932,23,12,18.016850577578055,-76.86193556047272,518.032
933,23,13,9.027886205281686,-76.86193556047272,518.136
934,23,14,0.04217513746435936,-76.86193556047272,518.944
935,23,15,-8.940479420699386,-76.86193556047272,520.469
936,23,16,-17.920355372531407,-76.86193556047272,522.64
937,23,17,-26.897798923245258,-76.86193556047272,525.311
938,23,18,-35.87328391721461,-76.86193556047272,528.271
939,23,19,-44.847326033721785,-76.86193556047272,531.264
940,23,20,-53.820524621866475,-76.86193556047272,534.014
941,23,21,-62.79358319113317,-76.86194239066188,536.249
942,23,22,-71.76722232647933,-76.86194239066188,537.729
943,23,23,-80.74219334871363,-76.86194922085105,538.27
944,23,24,-89.71922025788811,-76.86244782466046,537.762
945,23,25,-81.30093014357736,103.13808310886196,536.181
946,23,26,-72.31768776225816,103.1380762786728,533.597
947,23,27,-63.33042922970701,103.13806944848362,530.164
948,23,28,-54.33875839495202,103.13806944848362,526.112
949,23,29,-45.342398635331826,103.13806944848362,521.725
950,23,30,-36.341223592346765,103.13806944848362,517.315
951,23,31,-27.335287907510207,103.13806944848362,513.199
952,23,32,-18.324794778949958,103.13806944848362,509.663
953,23,33,-9.310111329333905,103.13806261829446,506.946
954,23,34,-0.2917560927500168,103.13806261829446,505.211
955,23,35,8.72972112725395,103.13806261829446,504.538
956,23,36,17.753611671871177,103.13806261829446,504.913
957,23,37,26.779185858118815,103.13806261829446,506.234
958,23,38,35.8057060255665,103.13806261829446,508.323
959,23,39,44.83243963642575,103.13806261829446,510.942
960,24,0,49.34566130033551,112.13806628383685,512.366
961,24,1,58.371445514900124,112.13806628383685,515.265
962,24,2,67.39585344634698,112.13806628383685,518.01
963,24,3,76.4183557550154,112.13805945364768,520.359
964,24,4,85.43852896917686,112.13803896308018,522.131
965,24,5,85.5439734295835,-67.86189774398446,523.216
966,24,6,76.52944195167649,-67.86191823455196,523.588
967,24,7,67.51807285135519,-67.86192506474114,523.303
968,24,8,58.51003005315968,-67.86192506474114,522.494
969,24,9,49.505419425022104,-67.86192506474114,521.35
970,24,10,40.50429560845582,-67.86193189493031,520.099
971,24,11,31.50669958459585,-67.86193189493031,518.98
972,24,12,22.512597202496337,-67.86193189493031,518.218
973,24,13,13.521940650833098,-67.86193189493031,517.999
974,24,14,4.53463430695775,-67.86193189493031,518.449
975,24,15,-4.449519050841991,-67.86193189493031,519.619
976,24,16,-13.430744818808735,-67.86193189493031,521.481
977,24,17,-22.409346940360546,-67.86193189493031,523.925
978,24,18,-31.38575742496243,-67.86193189493031,526.77
979,24,19,-40.360448409440764,-67.86193189493031,529.78
980,24,20,-49.33399533723313,-67.86193189493031,532.687
981,24,21,-58.30703000083773,-67.86193189493031,535.212
982,24,22,-67.28028664559037,-67.86193872511947,537.097
983,24,23,-76.25449268663763,-67.86193872511947,538.126
984,24,24,-85.2304062749774,-67.861959215687,538.151
985,24,25,-85.79125359829465,112.1381004347827,537.103
986,24,26,-76.80975974540299,112.13807994421519,535.007
987,24,27,-67.82458442054867,112.13807311402603,531.974
988,24,28,-58.83516754821979,112.13807311402603,528.199
989,24,29,-49.841174449147005,112.13807311402603,523.941
990,24,30,-40.84241387803355,112.13807311402603,519.503
991,24,31,-31.838841438649812,112.13807311402603,515.201
992,24,32,-22.830592027231916,112.13807311402603,511.342
993,24,33,-13.817949096630404,112.13807311402603,508.19
994,24,34,-4.801374111501081,112.13806628383685,505.948
995,24,35,4.21863688566758,112.13806628383685,504.74
996,24,36,13.241409413695042,112.13806628383685,504.598
997,24,37,22.26623398668127,112.13806628383685,505.465
998,24,38,31.29237507863002,112.13806628383685,507.196
999,24,39,40.31909161401634,112.13806628383685,509.583
1000,25,0,53.85869513404309,121.13804945881175,513.818
1001,25,1,62.88385780139323,121.13804945881175,516.673
1002,25,2,71.90737097805882,121.13804945881175,519.246
1003,25,3,80.92875996589254,121.13804945881175,521.326
1004,25,4,89.9476286139225,121.13531738314374,522.763
1005,25,5,81.03632178494189,-58.86192822938791,523.489
1006,25,6,72.02334759016564,-58.86193505957708,523.521
1007,25,7,63.01363139562348,-58.86193505957708,522.953
1008,25,8,54.00729614472047,-58.86193505957708,521.95
1009,25,9,45.004420384632084,-58.86193505957708,520.723
1010,25,10,36.005062171966244,-58.86194188976625,519.508
1011,25,11,27.009212968986503,-58.86194188976625,518.542
1012,25,12,18.016850577578055,-58.86194188976625,518.032
1013,25,13,9.027886205281686,-58.86194188976625,518.136
1014,25,14,0.04217513746435936,-58.86194188976625,518.944
1015,25,15,-8.940479420699386,-58.86194188976625,520.469
1016,25,16,-17.920355372531407,-58.86194188976625,522.64
1017,25,17,-26.897798923245258,-58.86194188976625,525.311
1018,25,18,-35.87328391721461,-58.86194188976625,528.271
1019,25,19,-44.847326033721785,-58.86194188976625,531.264
1020,25,20,-53.820524621866475,-58.86194188976625,534.014
1021,25,21,-62.79358319113317,-58.861948719955414,536.249
1022,25,22,-71.76722232647933,-58.861948719955414,537.729
1023,25,23,-80.74219334871363,-58.861955550144586,538.27
1024,25,24,-89.71922025788811,-58.862454153954,537.762
1025,25,25,-81.30093014357736,121.13807677956842,536.181
1026,25,26,-72.31768776225816,121.1380631191901,533.597
1027,25,27,-63.33042922970701,121.1380631191901,530.164
1028,25,28,-54.33875839495202,121.1380631191901,526.112
1029,25,29,-45.342398635331826,121.1380631191901,521.725
1030,25,30,-36.341223592346765,121.1380631191901,517.315
1031,25,31,-27.335287907510207,121.1380631191901,513.199
1032,25,32,-18.324794778949958,121.1380631191901,509.663
1033,25,33,-9.310111329333905,121.1380631191901,506.946
1034,25,34,-0.2917560927500168,121.1380631191901,505.211
1035,25,35,8.72972112725395,121.1380631191901,504.538
1036,25,36,17.753611671871177,121.1380631191901,504.913
1037,25,37,26.779185858118815,121.1380631191901,506.234
1038,25,38,35.8057060255665,121.1380631191901,508.323
1039,25,39,44.83243963642575,121.1380631191901,510.942
1040,26,0,49.34566130033551,130.13808044511083,512.366
1041,26,1,58.371445514900124,130.1380667847325,515.265
1042,26,2,67.39585344634698,130.1380667847325,518.01
1043,26,3,76.4183557550154,130.1380667847325,520.359
1044,26,4,85.43852896917686,130.13803946397582,522.131
1045,26,5,85.5439734295835,-49.861890412899655,523.216
1046,26,6,76.52944195167649,-49.86191431856175,523.588
1047,26,7,67.51807285135519,-49.861917733656334,523.303
1048,26,8,58.51003005315968,-49.861917733656334,522.494
1049,26,9,49.505419425022104,-49.86192114875092,521.35
1050,26,10,40.50429560845582,-49.86192114875092,520.099
1051,26,11,31.50669958459585,-49.86192114875092,518.98
1052,26,12,22.512597202496337,-49.86192114875092,518.218
1053,26,13,13.521940650833098,-49.86192114875092,517.999
1054,26,14,4.53463430695775,-49.861924563845506,518.449
1055,26,15,-4.449519050841991,-49.861924563845506,519.619
1056,26,16,-13.430744818808735,-49.861924563845506,521.481
1057,26,17,-22.409346940360546,-49.861924563845506,523.925
1058,26,18,-31.38575742496243,-49.861924563845506,526.77
1059,26,19,-40.360448409440764,-49.861924563845506,529.78
1060,26,20,-49.33399533723313,-49.86192797894009,532.687
1061,26,21,-58.30703000083773,-49.86192797894009,535.212
1062,26,22,-67.28028664559037,-49.86192797894009,537.097
1063,26,23,-76.25449268663763,-49.86193480912926,538.126
1064,26,24,-85.2304062749774,-49.861951884602185,538.151
1065,26,25,-85.79125359829465,130.13810776586752,537.103
1066,26,26,-76.80975974540299,130.13809410548916,535.007
1067,26,27,-67.82458442054867,130.13808044511083,531.974
1068,26,28,-58.83516754821979,130.13808044511083,528.199
1069,26,29,-49.841174449147005,130.13808044511083,523.941
1070,26,30,-40.84241387803355,130.13808044511083,519.503
1071,26,31,-31.838841438649812,130.13808044511083,515.201
1072,26,32,-22.830592027231916,130.13808044511083,511.342
1073,26,33,-13.817949096630404,130.13808044511083,508.19
1074,26,34,-4.801374111501081,130.13808044511083,505.948
1075,26,35,4.21863688566758,130.13808044511083,504.74
1076,26,36,13.241409413695042,130.13808044511083,504.598
1077,26,37,22.26623398668127,130.13808044511083,505.465
1078,26,38,31.29237507863002,130.13808044511083,507.196
1079,26,39,40.31909161401634,130.13808044511083,509.583
1080,27,0,53.85869513404309,139.13804312951822,513.818
1081,27,1,62.88385780139323,139.13804312951822,516.673
1082,27,2,71.90737097805882,139.13804312951822,519.246
1083,27,3,80.92875996589254,139.13804312951822,521.326
1084,27,4,89.9476286139225,139.13531105385022,522.763
1085,27,5,81.03632178494189,-40.86193114358686,523.489
1086,27,6,72.02334759016564,-40.86193797377603,523.521
1087,27,7,63.01363139562348,-40.86194138887061,522.953
1088,27,8,54.00729614472047,-40.8619448039652,521.95
1089,27,9,45.004420384632084,-40.8619448039652,520.723
1090,27,10,36.005062171966244,-40.8619448039652,519.508
1091,27,11,27.009212968986503,-40.8619448039652,518.542
1092,27,12,18.016850577578055,-40.8619448039652,518.032
1093,27,13,9.027886205281686,-40.861948219059784,518.136
1094,27,14,0.04217513746435936,-40.861948219059784,518.944
1095,27,15,-8.940479420699386,-40.861948219059784,520.469
1096,27,16,-17.920355372531407,-40.861948219059784,522.64
1097,27,17,-26.897798923245258,-40.861948219059784,525.311
1098,27,18,-35.87328391721461,-40.861948219059784,528.271
1099,27,19,-44.847326033721785,-40.861948219059784,531.264
1100,27,20,-53.820524621866475,-40.861951634154366,534.014
1101,27,21,-62.79358319113317,-40.861951634154366,536.249
1102,27,22,-71.76722232647933,-40.861955049248955,537.729
1103,27,23,-80.74219334871363,-40.86196187943813,538.27
1104,27,24,-89.71922025788811,-40.86245706815295,537.762
1105,27,25,-81.30093014357736,139.13807045027488,536.181
1106,27,26,-72.31768776225816,139.13805678989655,533.597
1107,27,27,-63.33042922970701,139.13805678989655,530.164
1108,27,28,-54.33875839495202,139.13805678989655,526.112
1109,27,29,-45.342398635331826,139.13805678989655,521.725
1110,27,30,-36.341223592346765,139.13805678989655,517.315
1111,27,31,-27.335287907510207,139.13805678989655,513.199
1112,27,32,-18.324794778949958,139.13805678989655,509.663
1113,27,33,-9.310111329333905,139.13805678989655,506.946
1114,27,34,-0.2917560927500168,139.13805678989655,505.211
1115,27,35,8.72972112725395,139.13805678989655,504.538
1116,27,36,17.753611671871177,139.13805678989655,504.913
1117,27,37,26.779185858118815,139.13805678989655,506.234
1118,27,38,35.8057060255665,139.13805678989655,508.323
1119,27,39,44.83243963642575,139.13805678989655,510.942
1120,28,0,49.34566130033551,148.13806045543896,512.366
1121,28,1,58.371445514900124,148.1380467950606,515.265
1122,28,2,67.39585344634698,148.1380467950606,518.01
1123,28,3,76.4183557550154,148.1380467950606,520.359
1124,28,4,85.43852896917686,148.13801947430395,522.131
1125,28,5,85.5439734295835,-31.86191040257153,523.216
1126,28,6,76.52944195167649,-31.861934308233625,523.588
1127,28,7,67.51807285135519,-31.86193772332821,523.303
1128,28,8,58.51003005315968,-31.86193772332821,522.494
1129,28,9,49.505419425022104,-31.861941138422797,521.35
1130,28,10,40.50429560845582,-31.861941138422797,520.099
1131,28,11,31.50669958459585,-31.861941138422797,518.98
1132,28,12,22.512597202496337,-31.861941138422797,518.218
1133,28,13,13.521940650833098,-31.861941138422797,517.999
1134,28,14,4.53463430695775,-31.861944553517382,518.449
1135,28,15,-4.449519050841991,-31.861944553517382,519.619
1136,28,16,-13.430744818808735,-31.861944553517382,521.481
1137,28,17,-22.409346940360546,-31.861944553517382,523.925
1138,28,18,-31.38575742496243,-31.861944553517382,526.77
1139,28,19,-40.360448409440764,-31.861944553517382,529.78
1140,28,20,-49.33399533723313,-31.861947968611968,532.687
1141,28,21,-58.30703000083773,-31.861947968611968,535.212
1142,28,22,-67.28028664559037,-31.861947968611968,537.097
1143,28,23,-76.25449268663763,-31.861954798801136,538.126
1144,28,24,-85.2304062749774,-31.86197187427406,538.151
1145,28,25,-85.79125359829465,148.13808777619562,537.103
1146,28,26,-76.80975974540299,148.1380741158173,535.007
1147,28,27,-67.82458442054867,148.13806045543896,531.974
1148,28,28,-58.83516754821979,148.13806045543896,528.199
1149,28,29,-49.841174449147005,148.13806045543896,523.941
1150,28,30,-40.84241387803355,148.13806045543896,519.503
1151,28,31,-31.838841438649812,148.13806045543896,515.201
1152,28,32,-22.830592027231916,148.13806045543896,511.342
1153,28,33,-13.817949096630404,148.13806045543896,508.19
1154,28,34,-4.801374111501081,148.13806045543896,505.948
1155,28,35,4.21863688566758,148.13806045543896,504.74
1156,28,36,13.241409413695042,148.13806045543896,504.598
1157,28,37,22.26623398668127,148.13806045543896,505.465
1158,28,38,31.29237507863002,148.13806045543896,507.196
1159,28,39,40.31909161401634,148.13806045543896,509.583
1160,29,0,53.85869513404309,157.138050460603,513.818
1161,29,1,62.88385780139323,157.138050460603,516.673
1162,29,2,71.90737097805882,157.138050460603,519.246
1163,29,3,80.92875996589254,157.138050460603,521.326
1164,29,4,89.9476286139225,157.135318384935,522.763
1165,29,5,81.03632178494189,-22.861923812502056,523.489
1166,29,6,72.02334759016564,-22.86193235023852,523.521
1167,29,7,63.01363139562348,-22.86193405778581,522.953
1168,29,8,54.00729614472047,-22.8619357653331,521.95
1169,29,9,45.004420384632084,-22.861937472880395,520.723
1170,29,10,36.005062171966244,-22.861937472880395,519.508
1171,29,11,27.009212968986503,-22.861939180427687,518.542
1172,29,12,18.016850577578055,-22.861939180427687,518.032
1173,29,13,9.027886205281686,-22.861939180427687,518.136
1174,29,14,0.04217513746435936,-22.861939180427687,518.944
1175,29,15,-8.940479420699386,-22.86194088797498,520.469
1176,29,16,-17.920355372531407,-22.86194088797498,522.64
1177,29,17,-26.897798923245258,-22.86194088797498,525.311
1178,29,18,-35.87328391721461,-22.86194088797498,528.271
1179,29,19,-44.847326033721785,-22.861942595522272,531.264
1180,29,20,-53.820524621866475,-22.861942595522272,534.014
1181,29,21,-62.79358319113317,-22.861944303069563,536.249
1182,29,22,-71.76722232647933,-22.86194771816415,537.729
1183,29,23,-80.74219334871363,-22.86195454835332,538.27
1184,29,24,-89.71922025788811,-22.862451444615438,537.762
1185,29,25,-81.30093014357736,157.1380777813597,536.181
1186,29,26,-72.31768776225816,157.13806412098134,533.597
1187,29,27,-63.33042922970701,157.13806412098134,530.164
1188,29,28,-54.33875839495202,157.13806412098134,526.112
1189,29,29,-45.342398635331826,157.13806412098134,521.725
1190,29,30,-36.341223592346765,157.13806412098134,517.315
1191,29,31,-27.335287907510207,157.13806412098134,513.199
1192,29,32,-18.324794778949958,157.13806412098134,509.663
1193,29,33,-9.310111329333905,157.13806412098134,506.946
1194,29,34,-0.2917560927500168,157.13806412098134,505.211
1195,29,35,8.72972112725395,157.13806412098134,504.538
1196,29,36,17.753611671871177,157.13806412098134,504.913
1197,29,37,26.779185858118815,157.13806412098134,506.234
1198,29,38,35.8057060255665,157.13806412098134,508.323
1199,29,39,44.83243963642575,157.13806412098134,510.942
1200,30,0,49.34566130033551,166.13806778652375,512.366
1201,30,1,58.371445514900124,166.13805412614542,515.265
1202,30,2,67.39585344634698,166.13805412614542,518.01
1203,30,3,76.4183557550154,166.13805412614542,520.359
1204,30,4,85.43852896917686,166.13802680538873,522.131
1205,30,5,85.5439734295835,-13.861903925260375,523.216
1206,30,6,76.52944195167649,-13.86192526960153,523.588
1207,30,7,67.51807285135519,-13.861930392243409,523.303
1208,30,8,58.51003005315968,-13.861932099790701,522.494
1209,30,9,49.505419425022104,-13.861932953564347,521.35
1210,30,10,40.50429560845582,-13.861933807337993,520.099
1211,30,11,31.50669958459585,-13.86193466111164,518.98
1212,30,12,22.512597202496337,-13.86193466111164,518.218
1213,30,13,13.521940650833098,-13.861935514885285,517.999
1214,30,14,4.53463430695775,-13.861935514885285,518.449
1215,30,15,-4.449519050841991,-13.861936368658933,519.619
1216,30,16,-13.430744818808735,-13.861936368658933,521.481
1217,30,17,-22.409346940360546,-13.861937222432578,523.925
1218,30,18,-31.38575742496243,-13.861937222432578,526.77
1219,30,19,-40.360448409440764,-13.861938076206224,529.78
1220,30,20,-49.33399533723313,-13.861938929979871,532.687
1221,30,21,-58.30703000083773,-13.861939783753517,535.212
1222,30,22,-67.28028664559037,-13.861942345074455,537.097
1223,30,23,-76.25449268663763,-13.861946613942687,538.126
1224,30,24,-85.2304062749774,-13.86196625073655,538.151
1225,30,25,-85.79125359829465,166.13809510728044,537.103
1226,30,26,-76.80975974540299,166.1380814469021,535.007
1227,30,27,-67.82458442054867,166.13806778652375,531.974
1228,30,28,-58.83516754821979,166.13806778652375,528.199
1229,30,29,-49.841174449147005,166.13806778652375,523.941
1230,30,30,-40.84241387803355,166.13806778652375,519.503
1231,30,31,-31.838841438649812,166.13806778652375,515.201
1232,30,32,-22.830592027231916,166.13806778652375,511.342
1233,30,33,-13.817949096630404,166.13806778652375,508.19
1234,30,34,-4.801374111501081,166.13806778652375,505.948
1235,30,35,4.21863688566758,166.13806778652375,504.74
1236,30,36,13.241409413695042,166.13806778652375,504.598
1237,30,37,22.26623398668127,166.13806778652375,505.465
1238,30,38,31.29237507863002,166.13806778652375,507.196
1239,30,39,40.31909161401634,166.13806778652375,509.583
1240,31,0,53.85869513404309,175.13805779168783,513.818
1241,31,1,62.88385780139323,175.13805779168783,516.673
1242,31,2,71.90737097805882,175.13805779168783,519.246
1243,31,3,80.92875996589254,175.13805779168783,521.326
1244,31,4,89.9476286139225,175.13532571601982,522.763
1245,31,5,81.03632178494189,-4.861916481417252,523.489
1246,31,6,72.02334759016564,-4.861924592266891,523.521
1247,31,7,63.01363139562348,-4.861927580474653,522.953
1248,31,8,54.00729614472047,-4.861928861135122,521.95
1249,31,9,45.004420384632084,-4.861929714908769,520.723
1250,31,10,36.005062171966244,-4.861930568682415,519.508
1251,31,11,27.009212968986503,-4.861930995569238,518.542
1252,31,12,18.016850577578055,-4.861931422456061,518.032
1253,31,13,9.027886205281686,-4.861931849342884,518.136
1254,31,14,0.04217513746435936,-4.861932276229707,518.944
1255,31,15,-8.940479420699386,-4.861932703116531,520.469
1256,31,16,-17.920355372531407,-4.8619331300033535,522.64
1257,31,17,-26.897798923245258,-4.861933556890176,525.311
1258,31,18,-35.87328391721461,-4.861934410663823,528.271
1259,31,19,-44.847326033721785,-4.8619348375506455,531.264
1260,31,20,-53.820524621866475,-4.861935691324292,534.014
1261,31,21,-62.79358319113317,-4.861937398871585,536.249
1262,31,22,-71.76722232647933,-4.861939960192523,537.729
1263,31,23,-80.74219334871363,-4.8619476441553395,538.27
1264,31,24,-89.71922025788811,-4.862443686643812,537.762
1265,31,25,-81.30093014357736,175.1380851124445,536.181
1266,31,26,-72.31768776225816,175.13807145206616,533.597
1267,31,27,-63.33042922970701,175.13807145206616,530.164
1268,31,28,-54.33875839495202,175.13807145206616,526.112
1269,31,29,-45.342398635331826,175.13807145206616,521.725
1270,31,30,-36.341223592346765,175.13807145206616,517.315
1271,31,31,-27.335287907510207,175.13807145206616,513.199
1272,31,32,-18.324794778949958,175.13807145206616,509.663
1273,31,33,-9.310111329333905,175.13807145206616,506.946
1274,31,34,-0.2917560927500168,175.13807145206616,505.211
1275,31,35,8.72972112725395,175.13807145206616,504.538
1276,31,36,17.753611671871177,175.13807145206616,504.913
1277,31,37,26.779185858118815,175.13807145206616,506.234
1278,31,38,35.8057060255665,175.13807145206616,508.323
1279,31,39,44.83243963642575,175.13807145206616,510.942
1280,32,0,49.34566130033551,-175.8619349003041,512.366
1281,32,1,58.371445514900124,-175.8619349003041,515.265
1282,32,2,67.39585344634698,-175.8619349003041,518.01
1283,32,3,76.4183557550154,-175.8619349003041,520.359
1284,32,4,85.43852896917686,-175.8619622210608,522.131
1285,32,5,85.5439734295835,4.138103405824429,523.216
1286,32,6,76.52944195167649,4.13808163459645,523.588
1287,32,7,67.51807285135519,4.138077365728218,523.303
1288,32,8,58.51003005315968,4.138075231294103,522.494
1289,32,9,49.505419425022104,4.138074377520456,521.35
1290,32,10,40.50429560845582,4.13807352374681,520.099
1291,32,11,31.50669958459585,4.138072669973164,518.98
1292,32,12,22.512597202496337,4.138072243086341,518.218
1293,32,13,13.521940650833098,4.138071816199518,517.999
1294,32,14,4.53463430695775,4.138071389312694,518.449
1295,32,15,-4.449519050841991,4.138070962425871,519.619
1296,32,16,-13.430744818808735,4.138070535539049,521.481
1297,32,17,-22.409346940360546,4.138070108652225,523.925
1298,32,18,-31.38575742496243,4.138069681765402,526.77
1299,32,19,-40.360448409440764,4.138069254878579,529.78
1300,32,20,-49.33399533723313,4.138068401104933,532.687
1301,32,21,-58.30703000083773,4.138067120444464,535.212
1302,32,22,-67.28028664559037,4.138065412897171,537.097
1303,32,23,-76.25449268663763,4.138061144028939,538.126
1304,32,24,-85.2304062749774,4.138041080348253,538.151
1305,32,25,-85.79125359829465,-175.8618939191691,537.103
1306,32,26,-76.80975974540299,-175.86192123992578,535.007
1307,32,27,-67.82458442054867,-175.86192123992578,531.974
1308,32,28,-58.83516754821979,-175.86192123992578,528.199
1309,32,29,-49.841174449147005,-175.86192123992578,523.941
1310,32,30,-40.84241387803355,-175.86192123992578,519.503
1311,32,31,-31.838841438649812,-175.86192123992578,515.201
1312,32,32,-22.830592027231916,-175.86192123992578,511.342
1313,32,33,-13.817949096630404,-175.8619349003041,508.19
1314,32,34,-4.801374111501081,-175.8619349003041,505.948
1315,32,35,4.21863688566758,-175.8619349003041,504.74
1316,32,36,13.241409413695042,-175.8619349003041,504.598
1317,32,37,22.26623398668127,-175.8619349003041,505.465
1318,32,38,31.29237507863002,-175.8619349003041,507.196
1319,32,39,40.31909161401634,-175.8619349003041,509.583
1320,33,0,53.85869513404309,-166.8619312347617,513.818
1321,33,1,62.88385780139323,-166.8619312347617,516.673
1322,33,2,71.90737097805882,-166.8619312347617,519.246
1323,33,3,80.92875996589254,-166.86194489514006,521.326
1324,33,4,89.9476286139225,-166.8646633104297,522.763
1325,33,5,81.03632178494189,13.138090849667552,523.489
1326,33,6,72.02334759016564,13.13808231193109,523.521
1327,33,7,63.01363139562348,13.138079750610151,522.953
1328,33,8,54.00729614472047,13.138078043062858,521.95
1329,33,9,45.004420384632084,13.138077189289213,520.723
1330,33,10,36.005062171966244,13.138076335515565,519.508
1331,33,11,27.009212968986503,13.138076335515565,518.542
1332,33,12,18.016850577578055,13.13807548174192,518.032
1333,33,13,9.027886205281686,13.13807548174192,518.136
1334,33,14,0.04217513746435936,13.138074627968273,518.944
1335,33,15,-8.940479420699386,13.138074627968273,520.469
1336,33,16,-17.920355372531407,13.138073774194627,522.64
1337,33,17,-26.897798923245258,13.138073774194627,525.311
1338,33,18,-35.87328391721461,13.138072920420981,528.271
1339,33,19,-44.847326033721785,13.138072066647334,531.264
1340,33,20,-53.820524621866475,13.138071212873689,534.014
1341,33,21,-62.79358319113317,13.138070359100041,536.249
1342,33,22,-71.76722232647933,13.138066944005457,537.729
1343,33,23,-80.74219334871363,13.13805926004264,538.27
1344,33,24,-89.71922025788811,13.137563217554169,537.762
1345,33,25,-81.30093014357736,-166.86190391400504,536.181
1346,33,26,-72.31768776225816,-166.86191757438337,533.597
1347,33,27,-63.33042922970701,-166.86191757438337,530.164
1348,33,28,-54.33875839495202,-166.86191757438337,526.112
1349,33,29,-45.342398635331826,-166.86191757438337,521.725
1350,33,30,-36.341223592346765,-166.86191757438337,517.315
1351,33,31,-27.335287907510207,-166.86191757438337,513.199
1352,33,32,-18.324794778949958,-166.86191757438337,509.663
1353,33,33,-9.310111329333905,-166.8619312347617,506.946
1354,33,34,-0.2917560927500168,-166.8619312347617,505.211
1355,33,35,8.72972112725395,-166.8619312347617,504.538
1356,33,36,17.753611671871177,-166.8619312347617,504.913
1357,33,37,26.779185858118815,-166.8619312347617,506.234
1358,33,38,35.8057060255665,-166.8619312347617,508.323
1359,33,39,44.83243963642575,-166.8619312347617,510.942
1360,34,0,49.34566130033551,-157.86195488997598,512.366
1361,34,1,58.371445514900124,-157.86195488997598,515.265
1362,34,2,67.39585344634698,-157.86195488997598,518.01
1363,34,3,76.4183557550154,-157.86195488997598,520.359
1364,34,4,85.43852896917686,-157.86198221073266,522.131
1365,34,5,85.5439734295835,22.1380842699262,523.216
1366,34,6,76.52944195167649,22.138062071811397,523.588
1367,34,7,67.51807285135519,22.138056949169517,523.303
1368,34,8,58.51003005315968,22.138055241622226,522.494
1369,34,9,49.505419425022104,22.138053534074935,521.35
1370,34,10,40.50429560845582,22.138053534074935,520.099
1371,34,11,31.50669958459585,22.138053534074935,518.98
1372,34,12,22.512597202496337,22.13805182652764,518.218
1373,34,13,13.521940650833098,22.13805182652764,517.999
1374,34,14,4.53463430695775,22.13805182652764,518.449
1375,34,15,-4.449519050841991,22.13805182652764,519.619
1376,34,16,-13.430744818808735,22.13805011898035,521.481
1377,34,17,-22.409346940360546,22.13805011898035,523.925
1378,34,18,-31.38575742496243,22.13805011898035,526.77
1379,34,19,-40.360448409440764,22.138048411433054,529.78
1380,34,20,-49.33399533723313,22.138048411433054,532.687
1381,34,21,-58.30703000083773,22.138046703885763,535.212
1382,34,22,-67.28028664559037,22.138044996338472,537.097
1383,34,23,-76.25449268663763,22.138041581243886,538.126
1384,34,24,-85.2304062749774,22.138021090676375,538.151
1385,34,25,-85.79125359829465,-157.86191390884096,537.103
1386,34,26,-76.80975974540299,-157.86194122959765,535.007
1387,34,27,-67.82458442054867,-157.86194122959765,531.974
1388,34,28,-58.83516754821979,-157.86194122959765,528.199
1389,34,29,-49.841174449147005,-157.86194122959765,523.941
1390,34,30,-40.84241387803355,-157.86194122959765,519.503
1391,34,31,-31.838841438649812,-157.86194122959765,515.201
1392,34,32,-22.830592027231916,-157.86194122959765,511.342
1393,34,33,-13.817949096630404,-157.86195488997598,508.19
1394,34,34,-4.801374111501081,-157.86195488997598,505.948
1395,34,35,4.21863688566758,-157.86195488997598,504.74
1396,34,36,13.241409413695042,-157.86195488997598,504.598
1397,34,37,22.26623398668127,-157.86195488997598,505.465
1398,34,38,31.29237507863002,-157.86195488997598,507.196
1399,34,39,40.31909161401634,-157.86195488997598,509.583
1400,35,0,53.85869513404309,-148.8619512244336,513.818
1401,35,1,62.88385780139323,-148.8619512244336,516.673
1402,35,2,71.90737097805882,-148.8619512244336,519.246
1403,35,3,80.92875996589254,-148.86196488481193,521.326
1404,35,4,89.9476286139225,-148.86468330010158,522.763
1405,35,5,81.03632178494189,31.138070859995675,523.489
1406,35,6,72.02334759016564,31.138064029806504,523.521
1407,35,7,63.01363139562348,31.13806061471192,522.953
1408,35,8,54.00729614472047,31.138057199617336,521.95
1409,35,9,45.004420384632084,31.138057199617336,520.723
1410,35,10,36.005062171966244,31.138057199617336,519.508
1411,35,11,27.009212968986503,31.138057199617336,518.542
1412,35,12,18.016850577578055,31.138057199617336,518.032
1413,35,13,9.027886205281686,31.13805378452275,518.136
1414,35,14,0.04217513746435936,31.13805378452275,518.944
1415,35,15,-8.940479420699386,31.13805378452275,520.469
1416,35,16,-17.920355372531407,31.13805378452275,522.64
1417,35,17,-26.897798923245258,31.13805378452275,525.311
1418,35,18,-35.87328391721461,31.13805378452275,528.271
1419,35,19,-44.847326033721785,31.13805378452275,531.264
1420,35,20,-53.820524621866475,31.138050369428164,534.014
1421,35,21,-62.79358319113317,31.138050369428164,536.249
1422,35,22,-71.76722232647933,31.13804695433358,537.729
1423,35,23,-80.74219334871363,31.13804012414441,538.27
1424,35,24,-89.71922025788811,31.137544935429585,537.762
1425,35,25,-81.30093014357736,-148.8619239036769,536.181
1426,35,26,-72.31768776225816,-148.86193756405524,533.597
1427,35,27,-63.33042922970701,-148.86193756405524,530.164
1428,35,28,-54.33875839495202,-148.86193756405524,526.112
1429,35,29,-45.342398635331826,-148.86193756405524,521.725
1430,35,30,-36.341223592346765,-148.86193756405524,517.315
1431,35,31,-27.335287907510207,-148.86193756405524,513.199
1432,35,32,-18.324794778949958,-148.86193756405524,509.663
1433,35,33,-9.310111329333905,-148.8619512244336,506.946
1434,35,34,-0.2917560927500168,-148.8619512244336,505.211
1435,35,35,8.72972112725395,-148.8619512244336,504.538
1436,35,36,17.753611671871177,-148.8619512244336,504.913
1437,35,37,26.779185858118815,-148.8619512244336,506.234
1438,35,38,35.8057060255665,-148.8619512244336,508.323
1439,35,39,44.83243963642575,-148.8619512244336,510.942
1440,36,0,49.34566130033551,-139.8619475588912,512.366
1441,36,1,58.371445514900124,-139.8619475588912,515.265
1442,36,2,67.39585344634698,-139.8619475588912,518.01
1443,36,3,76.4183557550154,-139.8619475588912,520.359
1444,36,4,85.43852896917686,-139.86197487964787,522.131
1445,36,5,85.5439734295835,40.138091601011,523.216
1446,36,6,76.52944195167649,40.13806769534891,523.588
1447,36,7,67.51807285135519,40.13806428025432,523.303
1448,36,8,58.51003005315968,40.13806428025432,522.494
1449,36,9,49.505419425022104,40.13806086515974,521.35
1450,36,10,40.50429560845582,40.13806086515974,520.099
1451,36,11,31.50669958459585,40.13806086515974,518.98
1452,36,12,22.512597202496337,40.13806086515974,518.218
1453,36,13,13.521940650833098,40.13806086515974,517.999
1454,36,14,4.53463430695775,40.138057450065155,518.449
1455,36,15,-4.449519050841991,40.138057450065155,519.619
1456,36,16,-13.430744818808735,40.138057450065155,521.481
1457,36,17,-22.409346940360546,40.138057450065155,523.925
1458,36,18,-31.38575742496243,40.138057450065155,526.77
1459,36,19,-40.360448409440764,40.138057450065155,529.78
1460,36,20,-49.33399533723313,40.138054034970565,532.687
1461,36,21,-58.30703000083773,40.138054034970565,535.212
1462,36,22,-67.28028664559037,40.138054034970565,537.097
1463,36,23,-76.25449268663763,40.138047204781394,538.126
1464,36,24,-85.2304062749774,40.13803012930847,538.151
1465,36,25,-85.79125359829465,-139.86190657775617,537.103
1466,36,26,-76.80975974540299,-139.86193389851283,535.007
1467,36,27,-67.82458442054867,-139.86193389851283,531.974
1468,36,28,-58.83516754821979,-139.86193389851283,528.199
1469,36,29,-49.841174449147005,-139.86193389851283,523.941
1470,36,30,-40.84241387803355,-139.86193389851283,519.503
1471,36,31,-31.838841438649812,-139.86193389851283,515.201
1472,36,32,-22.830592027231916,-139.86193389851283,511.342
1473,36,33,-13.817949096630404,-139.8619475588912,508.19
1474,36,34,-4.801374111501081,-139.8619475588912,505.948
1475,36,35,4.21863688566758,-139.8619475588912,504.74
1476,36,36,13.241409413695042,-139.8619475588912,504.598
1477,36,37,22.26623398668127,-139.8619475588912,505.465
1478,36,38,31.29237507863002,-139.8619475588912,507.196
1479,36,39,40.31909161401634,-139.8619475588912,509.583
1480,37,0,53.85869513404309,-130.86194389334878,513.818
1481,37,1,62.88385780139323,-130.86194389334878,516.673
1482,37,2,71.90737097805882,-130.86194389334878,519.246
1483,37,3,80.92875996589254,-130.8619575537271,521.326
1484,37,4,89.9476286139225,-130.8646759690168,522.763
1485,37,5,81.03632178494189,49.13807819108048,523.489
1486,37,6,72.02334759016564,49.13807136089131,523.521
1487,37,7,63.01363139562348,49.13806794579672,522.953
1488,37,8,54.00729614472047,49.13806453070214,521.95
1489,37,9,45.004420384632084,49.13806453070214,520.723
1490,37,10,36.005062171966244,49.13806453070214,519.508
1491,37,11,27.009212968986503,49.13806453070214,518.542
1492,37,12,18.016850577578055,49.13806453070214,518.032
1493,37,13,9.027886205281686,49.138061115607556,518.136
1494,37,14,0.04217513746435936,49.138061115607556,518.944
1495,37,15,-8.940479420699386,49.138061115607556,520.469
1496,37,16,-17.920355372531407,49.138061115607556,522.64
1497,37,17,-26.897798923245258,49.138061115607556,525.311
1498,37,18,-35.87328391721461,49.138061115607556,528.271
1499,37,19,-44.847326033721785,49.138061115607556,531.264
1500,37,20,-53.820524621866475,49.13805770051297,534.014
1501,37,21,-62.79358319113317,49.13805770051297,536.249
1502,37,22,-71.76722232647933,49.138054285418384,537.729
1503,37,23,-80.74219334871363,49.13804745522921,538.27
1504,37,24,-89.71922025788811,49.13755226651439,537.762
1505,37,25,-81.30093014357736,-130.8619165725921,536.181
1506,37,26,-72.31768776225816,-130.86193023297045,533.597
1507,37,27,-63.33042922970701,-130.86193023297045,530.164
1508,37,28,-54.33875839495202,-130.86193023297045,526.112
1509,37,29,-45.342398635331826,-130.86193023297045,521.725
1510,37,30,-36.341223592346765,-130.86193023297045,517.315
1511,37,31,-27.335287907510207,-130.86193023297045,513.199
1512,37,32,-18.324794778949958,-130.86193023297045,509.663
1513,37,33,-9.310111329333905,-130.86194389334878,506.946
1514,37,34,-0.2917560927500168,-130.86194389334878,505.211
1515,37,35,8.72972112725395,-130.86194389334878,504.538
1516,37,36,17.753611671871177,-130.86194389334878,504.913
1517,37,37,26.779185858118815,-130.86194389334878,506.234
1518,37,38,35.8057060255665,-130.86194389334878,508.323
1519,37,39,44.83243963642575,-130.86194389334878,510.942
1520,38,0,49.34566130033551,-121.86194022780637,512.366
1521,38,1,58.371445514900124,-121.86194022780637,515.265
1522,38,2,67.39585344634698,-121.86194022780637,518.01
1523,38,3,76.4183557550154,-121.86194022780637,520.359
1524,38,4,85.43852896917686,-121.86196754856306,522.131
1525,38,5,85.5439734295835,58.13809893209581,523.216
1526,38,6,76.52944195167649,58.13807844152829,523.588
1527,38,7,67.51807285135519,58.13807161133913,523.303
1528,38,8,58.51003005315968,58.13807161133913,522.494
1529,38,9,49.505419425022104,58.13807161133913,521.35
1530,38,10,40.50429560845582,58.13806478114996,520.099
1531,38,11,31.50669958459585,58.13806478114996,518.98
1532,38,12,22.512597202496337,58.13806478114996,518.218
1533,38,13,13.521940650833098,58.13806478114996,517.999
1534,38,14,4.53463430695775,58.13806478114996,518.449
1535,38,15,-4.449519050841991,58.13806478114996,519.619
1536,38,16,-13.430744818808735,58.13806478114996,521.481
1537,38,17,-22.409346940360546,58.13806478114996,523.925
1538,38,18,-31.38575742496243,58.13806478114996,526.77
1539,38,19,-40.360448409440764,58.13806478114996,529.78
1540,38,20,-49.33399533723313,58.13806478114996,532.687
1541,38,21,-58.30703000083773,58.13806478114996,535.212
1542,38,22,-67.28028664559037,58.138057950960786,537.097
1543,38,23,-76.25449268663763,58.138057950960786,538.126
1544,38,24,-85.2304062749774,58.13803746039328,538.151
1545,38,25,-85.79125359829465,-121.86189924667136,537.103
1546,38,26,-76.80975974540299,-121.86192656742804,535.007
1547,38,27,-67.82458442054867,-121.86192656742804,531.974
1548,38,28,-58.83516754821979,-121.86192656742804,528.199
1549,38,29,-49.841174449147005,-121.86192656742804,523.941
1550,38,30,-40.84241387803355,-121.86192656742804,519.503
1551,38,31,-31.838841438649812,-121.86192656742804,515.201
1552,38,32,-22.830592027231916,-121.86192656742804,511.342
1553,38,33,-13.817949096630404,-121.86194022780637,508.19
1554,38,34,-4.801374111501081,-121.86194022780637,505.948
1555,38,35,4.21863688566758,-121.86194022780637,504.74
1556,38,36,13.241409413695042,-121.86194022780637,504.598
1557,38,37,22.26623398668127,-121.86194022780637,505.465
1558,38,38,31.29237507863002,-121.86194022780637,507.196
1559,38,39,40.31909161401634,-121.86194022780637,509.583
1560,39,0,53.85869513404309,-112.86193656226398,513.818
1561,39,1,62.88385780139323,-112.86193656226398,516.673
1562,39,2,71.90737097805882,-112.86193656226398,519.246
1563,39,3,80.92875996589254,-112.86194339245314,521.326
1564,39,4,89.9476286139225,-112.86467546812115,522.763
1565,39,5,81.03632178494189,67.1380821070707,523.489
1566,39,6,72.02334759016564,67.13807527688152,523.521
1567,39,7,63.01363139562348,67.13807527688152,522.953
1568,39,8,54.00729614472047,67.13807527688152,521.95
1569,39,9,45.004420384632084,67.13807527688152,520.723
1570,39,10,36.005062171966244,67.13806844669236,519.508
1571,39,11,27.009212968986503,67.13806844669236,518.542
1572,39,12,18.016850577578055,67.13806844669236,518.032
1573,39,13,9.027886205281686,67.13806844669236,518.136
1574,39,14,0.04217513746435936,67.13806844669236,518.944
1575,39,15,-8.940479420699386,67.13806844669236,520.469
1576,39,16,-17.920355372531407,67.13806844669236,522.64
1577,39,17,-26.897798923245258,67.13806844669236,525.311
1578,39,18,-35.87328391721461,67.13806844669236,528.271
1579,39,19,-44.847326033721785,67.13806844669236,531.264
1580,39,20,-53.820524621866475,67.13806844669236,534.014
1581,39,21,-62.79358319113317,67.1380616165032,536.249
1582,39,22,-71.76722232647933,67.1380616165032,537.729
1583,39,23,-80.74219334871363,67.13805478631402,538.27
1584,39,24,-89.71922025788811,67.13755618250461,537.762
1585,39,25,-81.30093014357736,-112.86191607169647,536.181
1586,39,26,-72.31768776225816,-112.86192290188563,533.597
1587,39,27,-63.33042922970701,-112.86192290188563,530.164
1588,39,28,-54.33875839495202,-112.86192973207481,526.112
1589,39,29,-45.342398635331826,-112.86192973207481,521.725
1590,39,30,-36.341223592346765,-112.86192973207481,517.315
1591,39,31,-27.335287907510207,-112.86192973207481,513.199
1592,39,32,-18.324794778949958,-112.86192973207481,509.663
1593,39,33,-9.310111329333905,-112.86192973207481,506.946
1594,39,34,-0.2917560927500168,-112.86192973207481,505.211
1595,39,35,8.72972112725395,-112.86192973207481,504.538
1596,39,36,17.753611671871177,-112.86192973207481,504.913
1597,39,37,26.779185858118815,-112.86192973207481,506.234
1598,39,38,35.8057060255665,-112.86192973207481,508.323
1599,39,39,44.83243963642575,-112.86192973207481,510.942
