0,3
0,121
0,37
0,1519
1,38
1,1480
1,84
1,1403
2,39
2,85
2,1404
3,201
3,7
3,125
4,202
4,1521
4,8
4,126
5,1522
5,9
5,127
5,1483
6,10
6,128
6,1484
7,11
7,129
7,1485
8,12
8,130
8,1486
9,13
9,131
9,1487
10,14
10,132
10,1488
11,133
11,1489
12,95
12,134
12,1490
13,96
13,1415
13,1491
14,17
14,1416
14,1492
15,18
15,213
15,1532
16,19
16,137
16,214
16,1533
17,20
17,138
17,1496
18,21
18,139
18,1497
19,22
19,140
19,1498
20,23
20,141
20,1499
21,1500
21,104
21,1423
22,105
22,1424
23,221
23,27
23,145
24,222
24,1541
24,28
24,146
25,1542
25,29
25,147
25,1503
26,30
26,148
26,1504
27,31
27,149
27,1505
28,32
28,150
28,1506
29,33
29,151
29,1507
30,34
30,152
30,1508
31,153
31,1509
32,115
32,154
32,1510
33,116
33,1435
33,1511
34,37
34,1436
34,1512
35,38
35,233
35,1552
36,39
36,157
36,234
36,1553
37,158
37,1516
38,159
38,1517
39,120
39,1518
40,43
40,161
40,77
40,1559
41,78
41,1520
41,124
41,1443
42,79
42,125
42,1444
43,241
43,47
43,165
44,242
44,1561
44,48
44,166
45,1562
45,49
45,167
45,1523
46,50
46,168
46,1524
47,51
47,169
47,1525
48,52
48,170
48,1526
49,53
49,171
49,1527
50,54
50,172
50,1528
51,173
51,1529
52,135
52,174
52,1530
53,136
53,1455
53,1531
54,57
54,1456
54,1532
55,58
55,253
55,1572
56,59
56,177
56,254
56,1573
57,60
57,178
57,1536
58,61
58,179
58,1537
59,62
59,180
59,1538
60,63
60,181
60,1539
61,1540
61,144
61,1463
62,145
62,1464
63,261
63,67
63,185
64,262
64,1581
64,68
64,186
65,1582
65,69
65,187
65,1543
66,70
66,188
66,1544
67,71
67,189
67,1545
68,72
68,190
68,1546
69,73
69,191
69,1547
70,74
70,192
70,1548
71,193
71,1549
72,155
72,194
72,1550
73,156
73,1475
73,1551
74,77
74,1476
74,1552
75,78
75,273
75,1592
76,79
76,197
76,274
76,1593
77,198
77,1556
78,199
78,1557
79,160
79,1558
80,83
80,201
80,117
80,1599
81,118
81,1560
81,164
81,1483
82,119
82,165
82,1484
83,281
83,87
83,205
84,282
84,88
84,206
85,89
85,207
85,1563
86,90
86,208
86,1564
87,91
87,209
87,1565
88,92
88,210
88,1566
89,93
89,211
89,1567
90,94
90,212
90,1568
91,213
91,1569
92,175
92,214
92,1570
93,176
93,1495
93,1571
94,97
94,1496
94,1572
95,98
95,293
96,99
96,217
96,294
97,100
97,218
97,1576
98,101
98,219
98,1577
99,102
99,220
99,1578
100,103
100,221
100,1579
101,1580
101,184
101,1503
102,185
102,1504
103,301
103,107
103,225
104,302
104,108
104,226
105,109
105,227
105,1583
106,110
106,228
106,1584
107,111
107,229
107,1585
108,112
108,230
108,1586
109,113
109,231
109,1587
110,114
110,232
110,1588
111,233
111,1589
112,195
112,234
112,1590
113,196
113,1515
113,1591
114,117
114,1516
114,1592
115,118
115,313
116,119
116,237
116,314
117,238
117,1596
118,239
118,1597
119,200
119,1598
120,123
120,241
120,157
121,158
121,204
121,1523
122,159
122,205
122,1524
123,321
123,127
123,245
124,322
124,128
124,246
125,129
125,247
126,130
126,248
127,131
127,249
128,132
128,250
129,133
129,251
130,134
130,252
131,253
132,215
132,254
133,216
133,1535
134,137
134,1536
135,138
135,333
136,139
136,257
136,334
137,140
137,258
138,141
138,259
139,142
139,260
140,143
140,261
141,224
141,1543
142,225
142,1544
143,341
143,147
143,265
144,342
144,148
144,266
145,149
145,267
146,150
146,268
147,151
147,269
148,152
148,270
149,153
149,271
150,154
150,272
151,273
152,235
152,274
153,236
153,1555
154,157
154,1556
155,158
155,353
156,159
156,277
156,354
157,278
158,279
159,240
160,163
160,281
160,197
161,198
161,244
161,1563
162,199
162,245
162,1564
163,361
163,167
163,285
164,362
164,168
164,286
165,169
165,287
166,170
166,288
167,171
167,289
168,172
168,290
169,173
169,291
170,174
170,292
171,293
172,255
172,294
173,256
173,1575
174,177
174,1576
175,178
175,373
176,179
176,297
176,374
177,180
177,298
178,181
178,299
179,182
179,300
180,183
180,301
181,264
181,1583
182,265
182,1584
183,381
183,187
183,305
184,382
184,188
184,306
185,189
185,307
186,190
186,308
187,191
187,309
188,192
188,310
189,193
189,311
190,194
190,312
191,313
192,275
192,314
193,276
193,1595
194,197
194,1596
195,198
195,393
196,199
196,317
196,394
197,318
198,319
199,280
200,203
200,321
200,237
201,238
201,284
202,239
202,285
203,401
203,207
203,325
204,402
204,208
204,326
205,209
205,327
206,210
206,328
207,211
207,329
208,212
208,330
209,213
209,331
210,214
210,332
211,333
212,295
212,334
213,296
214,217
215,218
215,413
216,219
216,337
216,414
217,220
217,338
218,221
218,339
219,222
219,340
220,223
220,341
221,304
222,305
223,421
223,227
223,345
224,422
224,228
224,346
225,229
225,347
226,230
226,348
227,231
227,349
228,232
228,350
229,233
229,351
230,234
230,352
231,353
232,315
232,354
233,316
234,237
235,238
235,433
236,239
236,357
236,434
237,358
238,359
239,320
240,243
240,361
240,277
241,278
241,324
242,279
242,325
243,441
243,247
243,365
244,442
244,248
244,366
245,249
245,367
246,250
246,368
247,251
247,369
248,252
248,370
249,253
249,371
250,254
250,372
251,373
252,335
252,374
253,336
254,257
255,258
255,453
256,259
256,377
256,454
257,260
257,378
258,261
258,379
259,262
259,380
260,263
260,381
261,344
262,345
263,461
263,267
263,385
264,462
264,268
264,386
265,269
265,387
266,270
266,388
267,271
267,389
268,272
268,390
269,273
269,391
270,274
270,392
271,393
272,355
272,394
273,356
274,277
275,278
275,473
276,279
276,397
276,474
277,398
278,399
279,360
280,283
280,401
280,317
281,318
281,364
282,319
282,365
283,481
283,287
283,405
284,482
284,288
284,406
285,289
285,407
286,290
286,408
287,291
287,409
288,292
288,410
289,293
289,411
290,294
290,412
291,413
292,375
292,414
293,376
294,297
295,298
295,493
296,299
296,417
296,494
297,300
297,418
298,301
298,419
299,302
299,420
300,303
300,421
301,384
302,385
303,501
303,307
303,425
304,502
304,308
304,426
305,309
305,427
306,310
306,428
307,311
307,429
308,312
308,430
309,313
309,431
310,314
310,432
311,433
312,395
312,434
313,396
314,317
315,318
315,513
316,319
316,437
316,514
317,438
318,439
319,400
320,323
320,441
320,357
321,358
321,404
322,359
322,405
323,521
323,327
323,445
324,522
324,328
324,446
325,329
325,447
326,330
326,448
327,331
327,449
328,332
328,450
329,333
329,451
330,334
330,452
331,453
332,415
332,454
333,416
334,337
335,338
335,533
336,339
336,457
336,534
337,340
337,458
338,341
338,459
339,342
339,460
340,343
340,461
341,424
342,425
343,541
343,347
343,465
344,542
344,348
344,466
345,349
345,467
346,350
346,468
347,351
347,469
348,352
348,470
349,353
349,471
350,354
350,472
351,473
352,435
352,474
353,436
354,357
355,358
355,553
356,359
356,477
356,554
357,478
358,479
359,440
360,363
360,481
360,397
361,398
361,444
362,399
362,445
363,561
363,367
363,485
364,562
364,368
364,486
365,369
365,487
366,370
366,488
367,371
367,489
368,372
368,490
369,373
369,491
370,374
370,492
371,493
372,455
372,494
373,456
374,377
375,378
375,573
376,379
376,497
376,574
377,380
377,498
378,381
378,499
379,382
379,500
380,383
380,501
381,464
382,465
383,581
383,387
383,505
384,582
384,388
384,506
385,389
385,507
386,390
386,508
387,391
387,509
388,392
388,510
389,393
389,511
390,394
390,512
391,513
392,475
392,514
393,476
394,397
395,398
395,593
396,399
396,517
396,594
397,518
398,519
399,480
400,403
400,521
400,437
401,438
401,484
402,439
402,485
403,601
403,407
403,525
404,602
404,408
404,526
405,409
405,527
406,410
406,528
407,411
407,529
408,412
408,530
409,413
409,531
410,414
410,532
411,533
412,495
412,534
413,496
414,417
415,418
415,613
416,419
416,537
416,614
417,420
417,538
418,421
418,539
419,422
419,540
420,423
420,541
421,504
422,505
423,621
423,427
423,545
424,622
424,428
424,546
425,429
425,547
426,430
426,548
427,431
427,549
428,432
428,550
429,433
429,551
430,434
430,552
431,553
432,515
432,554
433,516
434,437
435,438
435,633
436,439
436,557
436,634
437,558
438,559
439,520
440,443
440,561
440,477
441,478
441,524
442,479
442,525
443,641
443,447
443,565
444,642
444,448
444,566
445,449
445,567
446,450
446,568
447,451
447,569
448,452
448,570
449,453
449,571
450,454
450,572
451,573
452,535
452,574
453,536
454,457
455,458
455,653
456,459
456,577
456,654
457,460
457,578
458,461
458,579
459,462
459,580
460,463
460,581
461,544
462,545
463,661
463,467
463,585
464,662
464,468
464,586
465,469
465,587
466,470
466,588
467,471
467,589
468,472
468,590
469,473
469,591
470,474
470,592
471,593
472,555
472,594
473,556
474,477
475,478
475,673
476,479
476,597
476,674
477,598
478,599
479,560
480,483
480,601
480,517
481,518
481,564
482,519
482,565
483,681
483,487
483,605
484,682
484,488
484,606
485,489
485,607
486,490
486,608
487,491
487,609
488,492
488,610
489,493
489,611
490,494
490,612
491,613
492,575
492,614
493,576
494,497
495,498
495,693
496,499
496,617
496,694
497,500
497,618
498,501
498,619
499,502
499,620
500,503
500,621
501,584
502,585
503,701
503,507
503,625
504,702
504,508
504,626
505,509
505,627
506,510
506,628
507,511
507,629
508,512
508,630
509,513
509,631
510,514
510,632
511,633
512,595
512,634
513,596
514,517
515,518
515,713
516,519
516,637
516,714
517,638
518,639
519,600
520,523
520,641
520,557
521,558
521,604
522,559
522,605
523,721
523,527
523,645
524,722
524,528
524,646
525,529
525,647
526,530
526,648
527,531
527,649
528,532
528,650
529,533
529,651
530,534
530,652
531,653
532,615
532,654
533,616
534,537
535,538
535,733
536,539
536,657
536,734
537,540
537,658
538,541
538,659
539,542
539,660
540,543
540,661
541,624
542,625
543,741
543,547
543,665
544,742
544,548
544,666
545,549
545,667
546,550
546,668
547,551
547,669
548,552
548,670
549,553
549,671
550,554
550,672
551,673
552,635
552,674
553,636
554,557
555,558
555,753
556,559
556,677
556,754
557,678
558,679
559,640
560,563
560,681
560,597
561,598
561,644
562,599
562,645
563,761
563,567
563,685
564,762
564,568
564,686
565,569
565,687
566,570
566,688
567,571
567,689
568,572
568,690
569,573
569,691
570,574
570,692
571,693
572,655
572,694
573,656
574,577
575,578
575,773
576,579
576,697
576,774
577,580
577,698
578,581
578,699
579,582
579,700
580,583
580,701
581,664
582,665
583,781
583,587
583,705
584,782
584,588
584,706
585,589
585,707
586,590
586,708
587,591
587,709
588,592
588,710
589,593
589,711
590,594
590,712
591,713
592,675
592,714
593,676
594,597
595,598
595,793
596,599
596,717
596,794
597,718
598,719
599,680
600,603
600,721
600,637
601,638
601,684
602,639
602,685
603,801
603,607
603,725
604,802
604,608
604,726
605,609
605,727
606,610
606,728
607,611
607,729
608,612
608,730
609,613
609,731
610,614
610,732
611,733
612,695
612,734
613,696
614,617
615,618
615,813
616,619
616,737
616,814
617,620
617,738
618,621
618,739
619,622
619,740
620,623
620,741
621,704
622,705
623,821
623,627
623,745
624,822
624,628
624,746
625,629
625,747
626,630
626,748
627,631
627,749
628,632
628,750
629,633
629,751
630,634
630,752
631,753
632,715
632,754
633,716
634,637
635,638
635,833
636,639
636,757
636,834
637,758
638,759
639,720
640,643
640,761
640,677
641,678
641,724
642,679
642,725
643,841
643,647
643,765
644,842
644,648
644,766
645,649
645,767
646,650
646,768
647,651
647,769
648,652
648,770
649,653
649,771
650,654
650,772
651,773
652,735
652,774
653,736
654,657
655,658
655,853
656,659
656,777
656,854
657,660
657,778
658,661
658,779
659,662
659,780
660,663
660,781
661,744
662,745
663,861
663,667
663,785
664,862
664,668
664,786
665,669
665,787
666,670
666,788
667,671
667,789
668,672
668,790
669,673
669,791
670,674
670,792
671,793
672,755
672,794
673,756
674,677
675,678
675,873
676,679
676,797
676,874
677,798
678,799
679,760
680,683
680,801
680,717
681,718
681,764
682,719
682,765
683,881
683,687
683,805
684,882
684,688
684,806
685,689
685,807
686,690
686,808
687,691
687,809
688,692
688,810
689,693
689,811
690,694
690,812
691,813
692,775
692,814
693,776
694,697
695,698
695,893
696,699
696,817
696,894
697,700
697,818
698,701
698,819
699,702
699,820
700,703
700,821
701,784
702,785
703,901
703,707
703,825
704,902
704,708
704,826
705,709
705,827
706,710
706,828
707,711
707,829
708,712
708,830
709,713
709,831
710,714
710,832
711,833
712,795
712,834
713,796
714,717
715,718
715,913
716,719
716,837
716,914
717,838
718,839
719,800
720,723
720,841
720,757
721,758
721,804
722,759
722,805
723,921
723,727
723,845
724,922
724,728
724,846
725,729
725,847
726,730
726,848
727,731
727,849
728,732
728,850
729,733
729,851
730,734
730,852
731,853
732,815
732,854
733,816
734,737
735,738
735,933
736,739
736,857
736,934
737,740
737,858
738,741
738,859
739,742
739,860
740,743
740,861
741,824
742,825
743,941
743,747
743,865
744,942
744,748
744,866
745,749
745,867
746,750
746,868
747,751
747,869
748,752
748,870
749,753
749,871
750,754
750,872
751,873
752,835
752,874
753,836
754,757
755,758
755,953
756,759
756,877
756,954
757,878
758,879
759,840
760,763
760,881
760,797
761,798
761,844
762,799
762,845
763,961
763,767
763,885
764,962
764,768
764,886
765,769
765,887
766,770
766,888
767,771
767,889
768,772
768,890
769,773
769,891
770,774
770,892
771,893
772,855
772,894
773,856
774,777
775,778
775,973
776,779
776,897
776,974
777,780
777,898
778,781
778,899
779,782
779,900
780,783
780,901
781,864
782,865
783,981
783,787
783,905
784,982
784,788
784,906
785,789
785,907
786,790
786,908
787,791
787,909
788,792
788,910
789,793
789,911
790,794
790,912
791,913
792,875
792,914
793,876
794,797
795,798
795,993
796,799
796,917
796,994
797,918
798,919
799,880
800,803
800,921
800,837
801,838
801,884
802,839
802,885
803,1001
803,807
803,925
804,1002
804,808
804,926
805,809
805,927
806,810
806,928
807,811
807,929
808,812
808,930
809,813
809,931
810,814
810,932
811,933
812,895
812,934
813,896
814,817
815,818
815,1013
816,819
816,937
816,1014
817,820
817,938
818,821
818,939
819,822
819,940
820,823
820,941
821,904
822,905
823,1021
823,827
823,945
824,1022
824,828
824,946
825,829
825,947
826,830
826,948
827,831
827,949
828,832
828,950
829,833
829,951
830,834
830,952
831,953
832,915
832,954
833,916
834,837
835,838
835,1033
836,839
836,957
836,1034
837,958
838,959
839,920
840,843
840,961
840,877
841,878
841,924
842,879
842,925
843,1041
843,847
843,965
844,1042
844,848
844,966
845,849
845,967
846,850
846,968
847,851
847,969
848,852
848,970
849,853
849,971
850,854
850,972
851,973
852,935
852,974
853,936
854,857
855,858
855,1053
856,859
856,977
856,1054
857,860
857,978
858,861
858,979
859,862
859,980
860,863
860,981
861,944
862,945
863,1061
863,867
863,985
864,1062
864,868
864,986
865,869
865,987
866,870
866,988
867,871
867,989
868,872
868,990
869,873
869,991
870,874
870,992
871,993
872,955
872,994
873,956
874,877
875,878
875,1073
876,879
876,997
876,1074
877,998
878,999
879,960
880,883
880,1001
880,917
881,918
881,964
882,919
882,965
883,1081
883,887
883,1005
884,1082
884,888
884,1006
885,889
885,1007
886,890
886,1008
887,891
887,1009
888,892
888,1010
889,893
889,1011
890,894
890,1012
891,1013
892,975
892,1014
893,976
894,897
895,898
895,1093
896,899
896,1017
896,1094
897,900
897,1018
898,901
898,1019
899,902
899,1020
900,903
900,1021
901,984
902,985
903,1101
903,907
903,1025
904,1102
904,908
904,1026
905,909
905,1027
906,910
906,1028
907,911
907,1029
908,912
908,1030
909,913
909,1031
910,914
910,1032
911,1033
912,995
912,1034
913,996
914,917
915,918
915,1113
916,919
916,1037
916,1114
917,1038
918,1039
919,1000
920,923
920,1041
920,957
921,958
921,1004
922,959
922,1005
923,1121
923,927
923,1045
924,1122
924,928
924,1046
925,929
925,1047
926,930
926,1048
927,931
927,1049
928,932
928,1050
929,933
929,1051
930,934
930,1052
931,1053
932,1015
932,1054
933,1016
934,937
935,938
935,1133
936,939
936,1057
936,1134
937,940
937,1058
938,941
938,1059
939,942
939,1060
940,943
940,1061
941,1024
942,1025
943,1141
943,947
943,1065
944,1142
944,948
944,1066
945,949
945,1067
946,950
946,1068
947,951
947,1069
948,952
948,1070
949,953
949,1071
950,954
950,1072
951,1073
952,1035
952,1074
953,1036
954,957
955,958
955,1153
956,959
956,1077
956,1154
957,1078
958,1079
959,1040
960,963
960,1081
960,997
961,998
961,1044
962,999
962,1045
963,1161
963,967
963,1085
964,1162
964,968
964,1086
965,969
965,1087
966,970
966,1088
967,971
967,1089
968,972
968,1090
969,973
969,1091
970,974
970,1092
971,1093
972,1055
972,1094
973,1056
974,977
975,978
975,1173
976,979
976,1097
976,1174
977,980
977,1098
978,981
978,1099
979,982
979,1100
980,983
980,1101
981,1064
982,1065
983,1181
983,987
983,1105
984,1182
984,988
984,1106
985,989
985,1107
986,990
986,1108
987,991
987,1109
988,992
988,1110
989,993
989,1111
990,994
990,1112
991,1113
992,1075
992,1114
993,1076
994,997
995,998
995,1193
996,999
996,1117
996,1194
997,1118
998,1119
999,1080
1000,1003
1000,1121
1000,1037
1001,1038
1001,1084
1002,1039
1002,1085
1003,1201
1003,1007
1003,1125
1004,1202
1004,1008
1004,1126
1005,1009
1005,1127
1006,1010
1006,1128
1007,1011
1007,1129
1008,1012
1008,1130
1009,1013
1009,1131
1010,1014
1010,1132
1011,1133
1012,1095
1012,1134
1013,1096
1014,1017
1015,1018
1015,1213
1016,1019
1016,1137
1016,1214
1017,1020
1017,1138
1018,1021
1018,1139
1019,1022
1019,1140
1020,1023
1020,1141
1021,1104
1022,1105
1023,1221
1023,1027
1023,1145
1024,1222
1024,1028
1024,1146
1025,1029
1025,1147
1026,1030
1026,1148
1027,1031
1027,1149
1028,1032
1028,1150
1029,1033
1029,1151
1030,1034
1030,1152
1031,1153
1032,1115
1032,1154
1033,1116
1034,1037
1035,1038
1035,1233
1036,1039
1036,1157
1036,1234
1037,1158
1038,1159
1039,1120
1040,1043
1040,1161
1040,1077
1041,1078
1041,1124
1042,1079
1042,1125
1043,1241
1043,1047
1043,1165
1044,1242
1044,1048
1044,1166
1045,1049
1045,1167
1046,1050
1046,1168
1047,1051
1047,1169
1048,1052
1048,1170
1049,1053
1049,1171
1050,1054
1050,1172
1051,1173
1052,1135
1052,1174
1053,1136
1054,1057
1055,1058
1055,1253
1056,1059
1056,1177
1056,1254
1057,1060
1057,1178
1058,1061
1058,1179
1059,1062
1059,1180
1060,1063
1060,1181
1061,1144
1062,1145
1063,1261
1063,1067
1063,1185
1064,1262
1064,1068
1064,1186
1065,1069
1065,1187
1066,1070
1066,1188
1067,1071
1067,1189
1068,1072
1068,1190
1069,1073
1069,1191
1070,1074
1070,1192
1071,1193
1072,1155
1072,1194
1073,1156
1074,1077
1075,1078
1075,1273
1076,1079
1076,1197
1076,1274
1077,1198
1078,1199
1079,1160
1080,1083
1080,1201
1080,1117
1081,1118
1081,1164
1082,1119
1082,1165
1083,1281
1083,1087
1083,1205
1084,1282
1084,1088
1084,1206
1085,1089
1085,1207
1086,1090
1086,1208
1087,1091
1087,1209
1088,1092
1088,1210
1089,1093
1089,1211
1090,1094
1090,1212
1091,1213
1092,1175
1092,1214
1093,1176
1094,1097
1095,1098
1095,1293
1096,1099
1096,1217
1096,1294
1097,1100
1097,1218
1098,1101
1098,1219
1099,1102
1099,1220
1100,1103
1100,1221
1101,1184
1102,1185
1103,1301
1103,1107
1103,1225
1104,1302
1104,1108
1104,1226
1105,1109
1105,1227
1106,1110
1106,1228
1107,1111
1107,1229
1108,1112
1108,1230
1109,1113
1109,1231
1110,1114
1110,1232
1111,1233
1112,1195
1112,1234
1113,1196
1114,1117
1115,1118
1115,1313
1116,1119
1116,1237
1116,1314
1117,1238
1118,1239
1119,1200
1120,1123
1120,1241
1120,1157
1121,1158
1121,1204
1122,1159
1122,1205
1123,1321
1123,1127
1123,1245
1124,1322
1124,1128
1124,1246
1125,1129
1125,1247
1126,1130
1126,1248
1127,1131
1127,1249
1128,1132
1128,1250
1129,1133
1129,1251
1130,1134
1130,1252
1131,1253
1132,1215
1132,1254
1133,1216
1134,1137
1135,1138
1135,1333
1136,1139
1136,1257
1136,1334
1137,1140
1137,1258
1138,1141
1138,1259
1139,1142
1139,1260
1140,1143
1140,1261
1141,1224
1142,1225
1143,1341
1143,1147
1143,1265
1144,1342
1144,1148
1144,1266
1145,1149
1145,1267
1146,1150
1146,1268
1147,1151
1147,1269
1148,1152
1148,1270
1149,1153
1149,1271
1150,1154
1150,1272
1151,1273
1152,1235
1152,1274
1153,1236
1154,1157
1155,1158
1155,1353
1156,1159
1156,1277
1156,1354
1157,1278
1158,1279
1159,1240
1160,1163
1160,1281
1160,1197
1161,1198
1161,1244
1162,1199
1162,1245
1163,1361
1163,1167
1163,1285
1164,1362
1164,1168
1164,1286
1165,1169
1165,1287
1166,1170
1166,1288
1167,1171
1167,1289
1168,1172
1168,1290
1169,1173
1169,1291
1170,1174
1170,1292
1171,1293
1172,1255
1172,1294
1173,1256
1174,1177
1175,1178
1175,1373
1176,1179
1176,1297
1176,1374
1177,1180
1177,1298
1178,1181
1178,1299
1179,1182
1179,1300
1180,1183
1180,1301
1181,1264
1182,1265
1183,1381
1183,1187
1183,1305
1184,1382
1184,1188
1184,1306
1185,1189
1185,1307
1186,1190
1186,1308
1187,1191
1187,1309
1188,1192
1188,1310
1189,1193
1189,1311
1190,1194
1190,1312
1191,1313
1192,1275
1192,1314
1193,1276
1194,1197
1195,1198
1195,1393
1196,1199
1196,1317
1196,1394
1197,1318
1198,1319
1199,1280
1200,1203
1200,1321
1200,1237
1201,1238
1201,1284
1202,1239
1202,1285
1203,1401
1203,1207
1203,1325
1204,1402
1204,1208
1204,1326
1205,1209
1205,1327
1206,1210
1206,1328
1207,1211
1207,1329
1208,1212
1208,1330
1209,1213
1209,1331
1210,1214
1210,1332
1211,1333
1212,1295
1212,1334
1213,1296
1214,1217
1215,1218
1215,1413
1216,1219
1216,1337
1216,1414
1217,1220
1217,1338
1218,1221
1218,1339
1219,1222
1219,1340
1220,1223
1220,1341
1221,1304
1222,1305
1223,1421
1223,1227
1223,1345
1224,1422
1224,1228
1224,1346
1225,1229
1225,1347
1226,1230
1226,1348
1227,1231
1227,1349
1228,1232
1228,1350
1229,1233
1229,1351
1230,1234
1230,1352
1231,1353
1232,1315
1232,1354
1233,1316
1234,1237
1235,1238
1235,1433
1236,1239
1236,1357
1236,1434
1237,1358
1238,1359
1239,1320
1240,1243
1240,1361
1240,1277
1241,1278
1241,1324
1242,1279
1242,1325
1243,1441
1243,1247
1243,1365
1244,1442
1244,1248
1244,1366
1245,1249
1245,1367
1246,1250
1246,1368
1247,1251
1247,1369
1248,1252
1248,1370
1249,1253
1249,1371
1250,1254
1250,1372
1251,1373
1252,1335
1252,1374
1253,1336
1254,1257
1255,1258
1255,1453
1256,1259
1256,1377
1256,1454
1257,1260
1257,1378
1258,1261
1258,1379
1259,1262
1259,1380
1260,1263
1260,1381
1261,1344
1262,1345
1263,1461
1263,1267
1263,1385
1264,1462
1264,1268
1264,1386
1265,1269
1265,1387
1266,1270
1266,1388
1267,1271
1267,1389
1268,1272
1268,1390
1269,1273
1269,1391
1270,1274
1270,1392
1271,1393
1272,1355
1272,1394
1273,1356
1274,1277
1275,1278
1275,1473
1276,1279
1276,1397
1276,1474
1277,1398
1278,1399
1279,1360
1280,1283
1280,1401
1280,1317
1281,1318
1281,1364
1282,1319
1282,1365
1283,1481
1283,1287
1283,1405
1284,1482
1284,1288
1284,1406
1285,1289
1285,1407
1286,1290
1286,1408
1287,1291
1287,1409
1288,1292
1288,1410
1289,1293
1289,1411
1290,1294
1290,1412
1291,1413
1292,1375
1292,1414
1293,1376
1294,1297
1295,1298
1295,1493
1296,1299
1296,1417
1296,1494
1297,1300
1297,1418
1298,1301
1298,1419
1299,1302
1299,1420
1300,1303
1300,1421
1301,1384
1302,1385
1303,1501
1303,1307
1303,1425
1304,1502
1304,1308
1304,1426
1305,1309
1305,1427
1306,1310
1306,1428
1307,1311
1307,1429
1308,1312
1308,1430
1309,1313
1309,1431
1310,1314
1310,1432
1311,1433
1312,1395
1312,1434
1313,1396
1314,1317
1315,1318
1315,1513
1316,1319
1316,1437
1316,1514
1317,1438
1318,1439
1319,1400
1320,1323
1320,1441
1320,1357
1321,1358
1321,1404
1322,1359
1322,1405
1323,1521
1323,1327
1323,1445
1324,1522
1324,1328
1324,1446
1325,1329
1325,1447
1326,1330
1326,1448
1327,1331
1327,1449
1328,1332
1328,1450
1329,1333
1329,1451
1330,1334
1330,1452
1331,1453
1332,1415
1332,1454
1333,1416
1334,1337
1335,1338
1335,1533
1336,1339
1336,1457
1336,1534
1337,1340
1337,1458
1338,1341
1338,1459
1339,1342
1339,1460
1340,1343
1340,1461
1341,1424
1342,1425
1343,1541
1343,1347
1343,1465
1344,1542
1344,1348
1344,1466
1345,1349
1345,1467
1346,1350
1346,1468
1347,1351
1347,1469
1348,1352
1348,1470
1349,1353
1349,1471
1350,1354
1350,1472
1351,1473
1352,1435
1352,1474
1353,1436
1354,1357
1355,1358
1355,1553
1356,1359
1356,1477
1356,1554
1357,1478
1358,1479
1359,1440
1360,1363
1360,1481
1360,1397
1361,1398
1361,1444
1362,1399
1362,1445
1363,1561
1363,1367
1363,1485
1364,1562
1364,1368
1364,1486
1365,1369
1365,1487
1366,1370
1366,1488
1367,1371
1367,1489
1368,1372
1368,1490
1369,1373
1369,1491
1370,1374
1370,1492
1371,1493
1372,1455
1372,1494
1373,1456
1374,1377
1375,1378
1375,1573
1376,1379
1376,1497
1376,1574
1377,1380
1377,1498
1378,1381
1378,1499
1379,1382
1379,1500
1380,1383
1380,1501
1381,1464
1382,1465
1383,1581
1383,1387
1383,1505
1384,1582
1384,1388
1384,1506
1385,1389
1385,1507
1386,1390
1386,1508
1387,1391
1387,1509
1388,1392
1388,1510
1389,1393
1389,1511
1390,1394
1390,1512
1391,1513
1392,1475
1392,1514
1393,1476
1394,1397
1395,1398
1395,1593
1396,1399
1396,1517
1396,1594
1397,1518
1398,1519
1399,1480
1400,1403
1400,1521
1400,1437
1401,1438
1401,1484
1402,1439
1402,1485
1403,1407
1403,1525
1404,1408
1404,1526
1405,1409
1405,1527
1406,1410
1406,1528
1407,1411
1407,1529
1408,1412
1408,1530
1409,1413
1409,1531
1410,1414
1410,1532
1411,1533
1412,1495
1412,1534
1413,1496
1414,1417
1415,1418
1416,1419
1416,1537
1417,1420
1417,1538
1418,1421
1418,1539
1419,1422
1419,1540
1420,1423
1420,1541
1421,1504
1422,1505
1423,1427
1423,1545
1424,1428
1424,1546
1425,1429
1425,1547
1426,1430
1426,1548
1427,1431
1427,1549
1428,1432
1428,1550
1429,1433
1429,1551
1430,1434
1430,1552
1431,1553
1432,1515
1432,1554
1433,1516
1434,1437
1435,1438
1436,1439
1436,1557
1437,1558
1438,1559
1439,1520
1440,1443
1440,1561
1440,1477
1441,1478
1441,1524
1442,1479
1442,1525
1443,1447
1443,1565
1444,1448
1444,1566
1445,1449
1445,1567
1446,1450
1446,1568
1447,1451
1447,1569
1448,1452
1448,1570
1449,1453
1449,1571
1450,1454
1450,1572
1451,1573
1452,1535
1452,1574
1453,1536
1454,1457
1455,1458
1456,1459
1456,1577
1457,1460
1457,1578
1458,1461
1458,1579
1459,1462
1459,1580
1460,1463
1460,1581
1461,1544
1462,1545
1463,1467
1463,1585
1464,1468
1464,1586
1465,1469
1465,1587
1466,1470
1466,1588
1467,1471
1467,1589
1468,1472
1468,1590
1469,1473
1469,1591
1470,1474
1470,1592
1471,1593
1472,1555
1472,1594
1473,1556
1474,1477
1475,1478
1476,1479
1476,1597
1477,1598
1478,1599
1479,1560
1480,1483
1480,1517
1481,1518
1481,1564
1482,1519
1482,1565
1483,1487
1484,1488
1485,1489
1486,1490
1487,1491
1488,1492
1489,1493
1490,1494
1492,1575
1493,1576
1494,1497
1495,1498
1496,1499
1497,1500
1498,1501
1499,1502
1500,1503
1501,1584
1502,1585
1503,1507
1504,1508
1505,1509
1506,1510
1507,1511
1508,1512
1509,1513
1510,1514
1512,1595
1513,1596
1514,1517
1515,1518
1516,1519
1520,1523
1520,1557
1521,1558
1522,1559
1523,1527
1524,1528
1525,1529
1526,1530
1527,1531
1528,1532
1529,1533
1530,1534
1534,1537
1535,1538
1536,1539
1537,1540
1538,1541
1539,1542
1540,1543
1543,1547
1544,1548
1545,1549
1546,1550
1547,1551
1548,1552
1549,1553
1550,1554
1554,1557
1555,1558
1556,1559
1560,1563
1560,1597
1561,1598
1562,1599
1563,1567
1564,1568
1565,1569
1566,1570
1567,1571
1568,1572
1569,1573
1570,1574
1574,1577
1575,1578
1576,1579
1577,1580
1578,1581
1579,1582
1580,1583
1583,1587
1584,1588
1585,1589
1586,1590
1587,1591
1588,1592
1589,1593
1590,1594
1594,1597
1595,1598
1596,1599
