0,1.4111542834318394,7.503569715915085,8.914723999346924
1,1.3640130446097034,7.8121174460473455,9.176130490657048
2,1.2805993090355448,8.650101934462443,9.930701243497987
3,1.2368536849305,7.001713054459623,8.238566739390123
4,1.307712230025566,6.051392646536127,7.359104876561693
5,1.3552733575365064,5.713693067137095,7.068966424673602
6,1.4829558625987416,7.191931310735988,8.67488717333473
7,1.4694001536260706,7.231692475906626,8.701092629532697
8,1.447728212043181,7.341012347762481,8.788740559805662
9,1.4000285416922758,7.564200971636067,8.964229513328343
10,1.3421937742218608,7.801493134416592,9.143686908638454
11,1.1598445992895665,7.973758192651277,9.133602791940843
12,1.2156903444523843,6.679792483463936,7.895482827916321
13,1.2677099809141448,6.168069051092912,7.435779032007057
14,1.313751822422236,5.844234142499974,7.15798596492221
15,1.4727369680188018,7.30314381531448,8.775880783333282
16,1.4610692600771482,7.349742798372766,8.810812058449914
17,1.4352149194473633,7.434573231677114,8.869788151124478
18,1.3668064070438386,7.635376485329382,9.00218289237322
19,1.291206311900638,7.600243545316719,8.891449857217356
20,1.2278931736477896,6.881020854977992,8.108914028625781
21,1.1947451636314115,6.318166394198403,7.512911557829815
22,1.4720243589400948,7.2741370740154165,8.74616143295551
23,1.464460466977402,7.398573803008426,8.863034269985828
24,1.4443730721309875,7.454608728547885,8.898981800678872
25,1.4162976036865604,7.5368513393998695,8.953148943086429
26,1.3744138544411062,7.463888431062768,8.838302285503874
27,1.2925976561065682,6.933128466828596,8.225726122935164
28,1.1884265866942982,6.650011210055536,7.838437796749834
29,1.224206210022258,6.117228797362034,7.341435007384292
30,1.4770460085496322,7.315474068259307,8.79252007680894
31,1.4637686734831872,7.398982928724521,8.862751602207707
32,1.450809546923498,7.450526256972232,8.90133580389573
33,1.4212740064975913,7.443483393031532,8.864757399529124
34,1.3360854420342274,7.267797553297114,8.603882995331341
35,1.2582870383321332,6.57972963486778,7.838016673199913
36,1.4731428036713377,7.320712397677746,8.793855201349084
37,1.4641899577540087,7.406665689326359,8.870855647080369
38,1.4417032100083347,7.396062976361875,8.83776618637021
39,1.4025666711406934,7.377517961231873,8.780084632372567
40,1.4531578785472818,7.372468370722363,8.825626249269645
41,1.477451315279015,5.793174476179419,7.270625791458434
42,1.4113348917483712,5.958744164992291,7.370079056740662
43,1.2834992462018793,7.018764663173883,8.302263909375762
44,1.2683165195306252,6.025706029533344,7.294022549063969
45,1.366390285288161,5.402499226788115,6.768889512076276
46,1.418163654983254,5.122640458145955,6.540804113129209
47,1.5395504986503965,5.496883725033208,7.036434223683605
48,1.5274921617884392,5.561308702454522,7.088800864242961
49,1.5073612773917613,5.611508225875166,7.118869503266928
50,1.4596750263312972,5.762345446492207,7.222020472823504
51,1.3870399054691882,5.899384089958436,7.286423995427624
52,1.195232950882265,6.651937486159847,7.847170437042112
53,1.2620362131524494,5.675322946318089,6.937359159470539
54,1.3318854990996316,5.28427018787294,6.616155686972571
55,1.381007704365301,5.022864347031888,6.4038720513971885
56,1.5325456418531185,5.6620476701174915,7.1945933119706105
57,1.5182231452316484,5.622814895676243,7.141038040907892
58,1.4949119525650576,5.722647479037261,7.217559431602318
59,1.4269545857208485,5.721080514524648,7.148035100245497
60,1.3477516372439944,5.8307750070135835,7.178526644257578
61,1.2465910537691907,5.6364717881441315,6.883062841913322
62,1.2440240883396185,5.308852658630989,6.5528767469706075
63,1.5219831275928979,5.586031603438602,7.1080147310315
64,1.521305901337401,5.656373283129302,7.177679184466703
65,1.4998128503866828,5.677738339405931,7.177551189792613
66,1.4736783023417217,5.708618685687262,7.182296988028984
67,1.4321323940678186,5.666391441244687,7.0985238353125055
68,1.3322789766448155,5.5833359239090035,6.915614900553819
69,1.2418203987088,5.5135329794824,6.7553533781912
70,1.2659752954778019,5.147792002996009,6.413767298473811
71,1.5266319048652608,5.645571921795628,7.172203826660889
72,1.5229439804993712,5.674638208090211,7.197582188589582
73,1.5079542642355328,5.686448389421132,7.194402653656665
74,1.4756952208676561,5.6727814664809015,7.148476687348557
75,1.3963650614895746,5.5159858411537215,6.912350902643296
76,1.3109856679038994,5.258672957462955,6.569658625366854
77,1.5269114291121282,5.64513598636481,7.172047415476938
78,1.5167114681226397,5.66485929410933,7.181570762231969
79,1.4922741115946971,5.660606774122874,7.152880885717571
80,1.4578002725813954,5.650247703412564,7.108047975993959
81,1.5041591721628058,5.648279163584111,7.152438335746917
82,1.5048426503202545,5.270551403393814,6.775394053714068
83,1.4513421543905318,5.452325100217448,6.90366725460798
84,1.2966875466891876,6.85802181134595,8.154709358035138
85,1.2609917645710584,5.827816363145077,7.088808127716136
86,1.4205404538168178,5.2448707119803855,6.665411165797203
87,1.5632223361592965,5.074901568236814,6.63812390439611
88,1.6874396184175602,5.103359979761599,6.790799598179159
89,1.680894444185105,5.205417191801443,6.886311635986548
90,1.5969267614528988,5.255536249929375,6.852463011382274
91,1.5094750600993798,5.197912605068883,6.7073876651682625
92,1.4410290331812712,5.404524270697999,6.84555330387927
93,1.228614986697667,6.241333668355975,7.469948655053642
94,1.2808902903258612,5.33126552096148,6.612155811287342
95,1.4366848543619757,5.093322420512591,6.530007274874566
96,1.5186340855788776,4.893352925832169,6.411987011411047
97,1.6871609029757528,5.160159316268001,6.847320219243754
98,1.6686637209806279,5.232715276191078,6.901378997171705
99,1.589483709492468,5.207744022529051,6.797227732021519
100,1.5005874070853709,5.162555927984738,6.663143335070109
101,1.3993001639012255,5.310105684003549,6.709405847904774
102,1.2907072593486029,5.233958728673372,6.524665988021974
103,1.3047789200242867,5.002211939826714,6.306990859851001
104,1.6853849141981747,5.109714836072249,6.795099750270424
105,1.6712793217957145,5.163574841485305,6.83485416328102
106,1.6253397872940578,5.184160865680943,6.809500652975001
107,1.557025052561901,5.162779314218523,6.719804366780424
108,1.5308262820796197,5.139413837089946,6.6702401191695655
109,1.4198876658345474,5.225001116861153,6.644888782695701
110,1.3268280002236819,5.204294102534809,6.531122102758491
111,1.374685110997556,4.882738246095947,6.2574233570935025
112,1.6954774333824474,5.1454710940835895,6.840948527466037
113,1.6862266839702424,5.186921834246825,6.873148518217068
114,1.6377079335086984,5.194514653250424,6.832222586759123
115,1.583147345385122,5.160158368307184,6.743305713692306
116,1.5028135899953645,5.019086030385318,6.521899620380682
117,1.4041739719347175,4.915721784242534,6.319895756177251
118,1.6888612223457955,5.140374255278803,6.829235477624598
119,1.6646693322822697,5.179857599839795,6.844526932122065
120,1.6207299745156305,5.149278936706621,6.770008911222252
121,1.584959901214236,5.121639961001595,6.706599862215831
122,1.6590300375767961,5.181848415918375,6.840878453495171
123,1.548938442249558,5.092510998794675,6.641449441044234
124,1.5268570871348193,5.360176231117832,6.887033318252651
125,1.3360396551668967,6.779915741265885,8.115955396432781
126,1.292002525201079,5.693524102204965,6.985526627406045
127,1.4257417172175122,5.093718110525678,6.519459827743191
128,1.6482291646201,5.069507016449397,6.7177361810694975
129,1.9470505737812838,5.197950118655693,7.145000692436977
130,1.8076278863561315,5.123504387940013,6.931132274296145
131,1.6151913116117396,5.021366765576709,6.6365580771884485
132,1.5977480595700193,5.053512500599382,6.651260560169401
133,1.524283439969454,5.3526169064978735,6.876900346467328
134,1.2804654869044343,5.9666008797877454,7.24706636669218
135,1.3215729085327426,5.201424570661658,6.5229974791944
136,1.4944254210246628,4.9721484861088046,6.466573907133467
137,1.7076401496257312,4.9962813916464,6.703921541272131
138,1.9546122573059321,5.245555647084928,7.20016790439086
139,1.7838672478380775,5.043867168155393,6.82773441599347
140,1.6485193220874035,4.99114489508876,6.639664217176163
141,1.5834908976729116,5.016280656270847,6.599771553943758
142,1.4617345204358723,5.24537378386128,6.707108304297152
143,1.3475842486061653,5.13342958457241,6.481013833178575
144,1.3701254970045387,4.890353138807281,6.26047863581182
145,1.9239570426840833,5.061832940060434,6.985789982744517
146,1.8932553062669788,5.151096143052299,7.044351449319278
147,1.7491597334898032,5.029380835086718,6.7785405685765205
148,1.656330557814583,4.974584654075352,6.630915211889935
149,1.6347500052863102,5.029179781345184,6.663929786631495
150,1.4927710223993316,5.095065271190839,6.58783629359017
151,1.438595976990696,4.94976984835614,6.388365825346836
152,1.4710971911997814,4.856829390859885,6.327926582059667
153,1.9572773012312163,5.13734222795614,7.094619529187356
154,1.8741326174813362,5.077262699157351,6.951395316638687
155,1.7852094744023852,5.0568910702468015,6.8421005446491865
156,1.7091391024120621,5.044257578426466,6.753396680838528
157,1.6205217805513894,4.930022697928028,6.550544478479418
158,1.50472048694719,4.814602980065677,6.319323467012867
159,1.9146386388263865,5.0938093687399615,7.008448007566348
160,1.8468994190444192,5.076487335296995,6.923386754341414
161,1.7613212678760917,5.0240201582918695,6.785341426167961
162,1.712977857707257,5.009337514368903,6.72231537207616
163,1.8470730739838326,5.105633356281606,6.952706430265438
164,1.6362102139973358,6.2730216106363965,7.909231824633732
165,1.3329692682764942,8.311070884176374,9.644040152452868
166,1.2456266701264,6.431974331073351,7.6776010011997515
167,1.3342844715921394,5.467519237423397,6.801803709015536
168,1.3969958647810545,5.072982260090358,6.469978124871412
169,1.6417587338548856,5.202597381654468,6.8443561155093535
170,1.651542774850079,5.352286802902546,7.003829577752625
171,1.6757744548894027,5.664483469883369,7.3402579247727715
172,1.6877623064049097,5.934494012875118,7.6222563192800274
173,1.5675835831873195,6.068959644249472,7.636543227436792
174,1.222007357276512,6.966595606454495,8.188602963731007
175,1.264101602281368,5.777845127421664,7.041946729703032
176,1.3196475371297431,5.230756854701993,6.550404391831736
177,1.3853759480621137,4.938710090921783,6.324086038983897
178,1.7269306004962388,5.567258644330391,7.2941892448266294
179,1.7689211363145427,5.617681255674027,7.3866023919885695
180,1.7384867790551266,5.957097727324326,7.695584506379452
181,1.633915272275332,5.9879259760743,7.621841248349632
182,1.440761236532251,6.574624115867531,8.015385352399782
183,1.2936693100302654,5.953639382316236,7.247308692346502
184,1.2597509530495572,5.400825659980133,6.66057661302969
185,1.754771154169372,5.584334796706404,7.339105950875776
186,1.756560472840355,5.911999397093827,7.668559869934182
187,1.7409785965487077,5.966995688695231,7.707974285243939
188,1.702570878253698,5.938384904611794,7.6409557828654915
189,1.6108173695608945,5.791420215672584,7.402237585233479
190,1.4085687318555205,5.817242256173469,7.225810988028989
191,1.2826362149841048,5.695506491896689,6.978142706880794
192,1.3119003460944032,5.209815771836375,6.5217161179307785
193,1.7562267158990201,5.913789261306617,7.670015977205637
194,1.7486586690301307,5.967218947098506,7.715877616128637
195,1.726984937054289,5.959601609644118,7.686586546698407
196,1.6823278851647234,5.882190814192908,7.564518699357632
197,1.5331416457712115,5.885873939630799,7.41901558540201
198,1.387315408383148,5.502434193385811,6.889749601768959
199,1.7473724165118556,5.94029808619892,7.687670502710776
200,1.7363698618716126,5.99459626228387,7.730966124155483
201,1.702479170933038,5.91392921394933,7.616408384882368
202,1.6453334219142968,5.845591502208218,7.490924924122515
203,1.7016233441435447,5.880048749685795,7.581672093829339
204,1.3526085653146647,9.49754765887139,10.850156224186055
205,1.2154896528023675,7.438889108253744,8.654378761056112
206,1.2688576969331251,6.015823017303104,7.284680714236229
207,1.3614173358137072,5.515956059587661,6.877373395401368
208,1.6001301294465644,5.499185253392096,7.099315382838661
209,1.555343794275789,5.625143868078233,7.180487662354022
210,1.5698209692950387,6.020156475703719,7.589977444998758
211,1.8030389313787283,6.220497206660242,8.02353613803897
212,1.6319257569727685,6.393471110947405,8.025396867920174
213,1.2493122147113978,8.2231627570602,9.472474971771597
214,1.2330960700956686,6.39144848985663,7.624544559952299
215,1.3112842853219695,5.704935749488774,7.016220034810743
216,1.3891125770782704,5.366969986313733,6.756082563392003
217,1.6853534010275792,5.777687007028337,7.4630404080559165
218,1.6793922402818957,5.97855463054827,7.657946870830166
219,1.7152573318789444,6.141635002613079,7.856892334492023
220,1.6953215677413045,6.2867332538623035,7.982054821603608
221,1.4620043059677081,7.577887558754669,9.039891864722376
222,1.2802985616115141,6.748788849353559,8.029087410965074
223,1.2539355899382407,6.013722766557825,7.2676583564960655
224,1.72849307345725,6.038397670612456,7.7668907440697055
225,1.7212033048384399,6.077170325101706,7.798373629940146
226,1.741376350735348,6.158469647394777,7.899845998130125
227,1.8033921780200428,6.178020164616552,7.981412342636594
228,1.6427369647208097,5.989586915972129,7.6323238806929385
229,1.4217505386320892,6.484532996251219,7.9062835348833085
230,1.3093482328232764,6.832729211243409,8.142077444066686
231,1.322085667190856,5.742249365661896,7.064335032852751
232,1.7546284413283366,6.148430704852763,7.9030591461811
233,1.7601766356400506,6.23148761705806,7.9916642526981105
234,1.8007272132645893,6.283874076163034,8.084601289427624
235,1.7509919113545926,6.4169418150489665,8.16793372640356
236,1.5461966000172855,6.386326953870225,7.932523553887511
237,1.393377418845639,6.6414757739838555,8.034853192829495
238,1.7628175341838408,6.1949250871524315,7.957742621336273
239,1.796370754972107,6.308675445656753,8.10504620062886
240,1.766405422811415,6.457896871220427,8.224302294031842
241,1.6874146343678749,6.088679629323039,7.776094263690914
242,1.7454749658899908,6.21425209568884,7.959727061578831
243,1.2309057280840827,7.993119117187177,9.22402484527126
244,1.2193219864573595,7.006897447327967,8.226219433785326
245,1.2636393155960621,6.685592470290832,7.949231785886894
246,1.3710500314251852,7.346604055077579,8.717654086502764
247,1.32471123917674,7.448795435117192,8.773506674293932
248,1.3108726421329333,7.735504385422544,9.046377027555478
249,1.3509906385759203,8.760154443724469,10.11114508230039
250,1.3755258136420656,8.976281866207742,10.351807679849808
251,99999.0,99999.0,99999.0
252,1.276224295807477,7.18231725990149,8.458541555708967
253,1.266303924302638,7.018459210128524,8.284763134431163
254,1.292337981827163,6.738279659330355,8.030617641157518
255,1.3847686708044817,8.006027603473632,9.390796274278113
256,1.3592290272957661,8.251351252866977,9.610580280162743
257,1.3346107231865274,8.509981951040595,9.844592674227123
258,1.3558512357659527,8.82152085460284,10.177372090368792
259,1.3804835991799624,8.424559847950459,9.805043447130421
260,99999.0,99999.0,99999.0
261,1.323672452997306,6.968612451442663,8.292284904439969
262,1.416710842251231,8.329132436847155,9.745843279098386
263,1.3920034066772287,8.324284090409448,9.716287497086675
264,1.3587900245155649,8.429393302835074,9.78818332735064
265,1.3615721728381753,8.68653814406038,10.048110316898555
266,1.378247006962082,8.58972354090003,9.967970547862112
267,1.4097325642734824,7.780372560948905,9.190105125222388
268,99999.0,99999.0,99999.0
269,1.3584400106751777,6.477545794448228,7.835985805123406
270,1.4310220478060705,8.428674091705016,9.859696139511087
271,1.400500364494104,8.482661977018946,9.88316234151305
272,1.3852519633120897,8.583949677404688,9.969201640716777
273,1.3715816647807006,8.667869579792352,10.039451244573053
274,1.3797121712192888,8.377646384045317,9.757358555264606
275,1.431485684916931,7.509822319882919,8.94130800479985
276,1.428077644461028,8.54063590237829,9.968713546839318
277,1.4099364196312858,8.628550095687212,10.038486515318498
278,1.390965638660378,8.658266793105582,10.04923243176596
279,1.3829340828252434,8.641901281367101,10.024835364192345
280,1.4017837087840619,8.622310363444923,10.024094072228985
281,1.3008765624584777,6.1750203283405956,7.475896890799073
282,1.2927112603773216,5.960856297240636,7.2535675576179575
283,1.2944443650587834,5.756464889192929,7.050909254251713
284,1.2655272809319993,5.866825272384032,7.132352553316031
285,1.247339625382045,6.053835724093682,7.301175349475727
286,1.2423047831977536,6.463858122914878,7.706162906112632
287,1.2114210040991038,6.6669579324117505,7.878378936510854
288,1.1814385915944288,7.258704992156707,8.440143583751135
289,1.3112003075768868,6.419896870570028,7.731097178146915
290,1.4336240883017406,5.671074982803306,7.104699071105047
291,1.3578548474038326,5.957549577722305,7.315404425126138
292,1.2990474688737828,5.944461465980089,7.243508934853871
293,1.2761995138377615,5.961882882011586,7.238082395849347
294,1.2491222874634638,6.1466211752299555,7.395743462693419
295,1.2300830578658435,6.47880207496735,7.708885132833193
296,1.202928976215012,6.4579011498418994,7.660830126056911
297,1.2091095301054922,6.345512607604225,7.554622137709718
298,1.2716832305641477,6.368350538716315,7.640033769280462
299,1.311092642254882,5.917420260421254,7.228512902676137
300,1.2941522889436397,6.086679676239672,7.380831965183312
301,1.272361874815378,6.234669031699122,7.507030906514499
302,1.2515930952386363,6.349047857337836,7.600640952576472
303,1.250975829899417,6.3307154468820475,7.581691276781465
304,1.230215094173024,6.186650515593189,7.416865609766213
305,1.213579669181671,6.259621925893719,7.47320159507539
306,1.2684479467038243,5.967854748986529,7.236302695690354
307,1.3183538087561046,6.0057230004661495,7.324076809222254
308,1.303226472265258,6.091425245766909,7.394651718032167
309,1.2839828197050898,6.2284592016439575,7.512442021349047
310,1.2611232571686113,6.32134882806748,7.582472085236091
311,1.2503641539680068,6.1616328985247675,7.411997052492774
312,1.2272609157433496,5.9551942326010785,7.182455148344428
313,1.3185125104357103,6.073236201401003,7.391748711836714
314,1.3058598523920175,6.190190968718278,7.496050821110296
315,1.2812757318198296,6.2690728655502195,7.550348597370049
316,1.260027438234085,6.25384451020355,7.513871948437634
317,1.2970270661951169,6.242165729750777,7.539192795945894
318,1.4344095039852947,5.224093289790955,6.6585027937762495
319,1.423347618059664,5.115697649716292,6.539045267775956
320,1.404267286381646,5.154509245903648,6.558776532285294
321,1.3803368797029538,5.247130739349772,6.627467619052726
322,1.3340627500253184,5.349176601193977,6.683239351219296
323,1.294410346707346,5.605967243194389,6.900377589901735
324,1.1920051547128407,6.3020459801278745,7.494051134840715
325,1.3042441233297277,5.6509491626444035,6.955193285974131
326,1.3867129804974812,5.329451028988523,6.716164009486004
327,1.4486453685697414,5.074407456236388,6.523052824806129
328,1.4240647959726294,5.113077862546294,6.537142658518923
329,1.4055388852643196,5.171118430706337,6.576657315970657
330,1.3670925540169707,5.2385198681038405,6.605612422120811
331,1.3302166442823289,5.402531844557576,6.7327484888399045
332,1.283463253323844,5.514991332778309,6.798454586102153
333,1.2516274311499642,5.533626084528276,6.7852535156782405
334,1.2829672680161235,5.373624092296038,6.656591360312161
335,1.4294840800291753,5.102263151760327,6.5317472317895025
336,1.418086115121403,5.184486324072756,6.602572439194159
337,1.3952502169878123,5.202564559593793,6.597814776581606
338,1.3612315480874555,5.265761435153891,6.626992983241347
339,1.3409140628289185,5.287853065710575,6.628767128539494
340,1.298336212811538,5.290489885179187,6.588826097990725
341,1.2429122007854658,5.342278844887958,6.585191045673424
342,1.2983036720418804,5.182173478275825,6.480477150317705
343,1.443518210605584,5.177352971647236,6.62087118225282
344,1.4245363159964364,5.207276549934295,6.631812865930732
345,1.4030190529104016,5.236412885868403,6.639431938778805
346,1.3693817371883232,5.274302614801776,6.6436843519901
347,1.3443632121400713,5.20962974497265,6.553992957112722
348,1.29376191062064,5.126008468775507,6.419770379396147
349,1.442792801340956,5.191000456505466,6.633793257846422
350,1.4314629118153743,5.265176546826961,6.696639458642335
351,1.4000940095358634,5.273241529018531,6.673335538554394
352,1.3766181957493626,5.291760297688004,6.668378493437366
353,1.4255574848691568,5.283847468207507,6.709404953076664
354,1.6321917320044785,4.964538139311035,6.596729871315514
355,1.5790514093083008,5.01112089677785,6.590172306086151
356,1.4813687751922409,4.982743870316127,6.464112645508368
357,1.4415114667743927,5.037983790173505,6.479495256947898
358,1.3682038491805482,5.247225167305919,6.615429016486467
359,1.2218421562652713,6.048430605811923,7.2702727620771945
360,1.3125388183470021,5.369629745891563,6.682168564238566
361,1.5050162780662852,5.152376074232341,6.657392352298626
362,1.5908085257224012,5.051657258848646,6.642465784571048
363,1.6276579448977357,4.959129866989339,6.586787811887074
364,1.5711545686785529,4.958410337745932,6.529564906424485
365,1.4817240380904855,4.943123910998336,6.4248479490888215
366,1.4252309804029517,5.019811978101928,6.44504295850488
367,1.3596112272278864,5.208415825006493,6.568027052234379
368,1.2965197309500573,5.140139639933348,6.436659370883405
369,1.3431354023278135,5.03283896186194,6.375974364189753
370,1.6544792060014475,4.946619661142074,6.601098867143521
371,1.6112877598290167,4.978186175385077,6.589473935214094
372,1.5334395756872048,4.940965831641691,6.474405407328896
373,1.4954739519068636,4.9851584131759505,6.480632365082814
374,1.4680355530036218,4.977085265190411,6.445120818194033
375,1.3858133815488396,5.00419745489516,6.390010836444
376,1.3385329689513579,5.0581380220636465,6.396670991015005
377,1.3770348755415178,4.910181691044074,6.287216566585592
378,1.6652959785321084,4.971473538322924,6.636769516855032
379,1.6180647817160903,4.954558228342048,6.572623010058138
380,1.5721985940301013,4.9674884822766145,6.539687076306716
381,1.5106416319930314,4.985977348714704,6.496618980707735
382,1.4694573887326445,4.878411169207983,6.347868557940627
383,1.412021654964129,4.815898840063788,6.227920495027917
384,1.6631168465886643,5.00388284627642,6.666999692865085
385,1.6214525099158639,5.010185735569384,6.631638245485248
386,1.5637290205970167,4.998422707252789,6.562151727849806
387,1.5412682746899935,5.004535777312773,6.545804052002767
388,1.6024351740790395,4.985062545579721,6.58749771965876
389,1.8589779895554852,5.145395541258531,7.004373530814016
390,1.7215911439342488,5.098387870779188,6.819979014713437
391,1.6879835009437443,5.108931570624645,6.79691507156839
392,1.596756494167116,5.351201738233205,6.947958232400321
393,1.3053433182539493,6.219172560564899,7.524515878818848
394,1.3369518494213533,5.18732542328796,6.524277272709313
395,1.5321173688417031,4.932930909730106,6.4650482785718095
396,1.7184795678830016,4.879200681854083,6.597680249737085
397,2.1031547327886653,5.341404960279549,7.444559693068214
398,1.8673478894793143,5.073778238849163,6.941126128328477
399,1.7551657097612074,5.060232141365786,6.815397851126994
400,1.669878212484513,5.082680824277661,6.752559036762174
401,1.517396560438415,5.378356541651473,6.895753102089888
402,1.3895569839714308,5.17462699103118,6.56418397500261
403,1.4199569879187213,4.9146484009148175,6.3346053888335385
404,2.099639339617245,5.266004892182728,7.365644231799973
405,1.983716550694171,5.160280059010588,7.143996609704759
406,1.8166629402729546,5.022647037418768,6.839309977691722
407,1.7395076610719091,5.01800596301819,6.757513624090099
408,1.7194245870988127,5.053735537300854,6.773160124399666
409,1.5297380129749953,5.12253611656382,6.6522741295388155
410,1.469062293837572,5.003105751797288,6.47216804563486
411,1.5272083019126947,4.806859933656356,6.334068235569051
412,2.081287938377059,5.249377436268894,7.330665374645953
413,1.9681935016093666,5.1078803305987215,7.076073832208088
414,1.8595818726325168,5.046039230899382,6.905621103531899
415,1.7806924593467146,5.022042592930309,6.802735052277024
416,1.6883424230597126,4.982759506781217,6.67110192984093
417,1.5538724229231857,4.8736131160636935,6.427485538986879
418,2.014094982567873,5.142411759046314,7.156506741614187
419,1.9260693275744296,5.0766167458759615,7.002686073450391
420,1.8543099678845147,5.06874403783679,6.923054005721305
421,1.8128190266831614,5.066294721684651,6.879113748367812
422,1.9265325967805191,5.1118782210840275,7.038410817864547
423,1.7205847423048195,5.296555995033131,7.01714073733795
424,1.6435288038934852,5.228003195003211,6.871531998896696
425,1.5473056120593878,5.445251814505756,6.992557426565144
426,1.2634436415542096,6.188895995853107,7.4523396374073165
427,1.290871599885122,5.276558173738355,6.567429773623477
428,1.4543480264123352,4.9594711543493935,6.413819180761728
429,1.621088958818314,4.882566537925326,6.50365549674364
430,1.9008208899632413,5.326099811560904,7.226920701524145
431,1.8720021147391472,5.367809556158189,7.239811670897336
432,1.7353769337206595,5.26864269753753,7.004019631258189
433,1.6178504461317247,5.194413213183995,6.81226365931572
434,1.4915314986843708,5.537000291588187,7.028531790272558
435,1.3320530575714478,5.247387979349242,6.57944103692069
436,1.3386082611617298,4.943404583590421,6.282012844752151
437,1.884858378010224,5.229813389588282,7.114671767598505
438,1.8864618204314405,5.336151532501092,7.222613352932533
439,1.7953014946205486,5.262475216592161,7.05777671121271
440,1.6959832856361436,5.198661370651327,6.89464465628747
441,1.641007124277068,5.103954130560011,6.7449612548370785
442,1.4757480589176601,5.250517845061815,6.726265903979475
443,1.3783068603443613,4.990200446370333,6.368507306714695
444,1.4244644493272907,4.809075523133315,6.233539972460606
445,1.8957343531961364,5.2995090120462605,7.195243365242397
446,1.8931951220477934,5.303064786137607,7.1962599081854
447,1.8015115101246,5.228385050882979,7.029896561007579
448,1.722840699780248,5.161789649406948,6.884630349187196
449,1.612540328113948,5.038891504584573,6.6514318326985205
450,1.4736239028990197,4.902826087572446,6.376449990471466
451,1.896137278693544,5.266246782082495,7.16238406077604
452,1.841196966140531,5.262484224568844,7.103681190709375
453,1.7788176396256161,5.194150263154492,6.972967902780107
454,1.7156150878983798,5.117218255206739,6.8328333431051185
455,1.8178986599313762,5.203357914611808,7.021256574543184
456,1.6501573179135838,5.539361679169647,7.189518997083231
457,1.537228011961798,5.687270965539843,7.224498977501641
458,1.2304474220716448,6.538800126091822,7.769247548163467
459,1.2678482719818984,5.432062334551119,6.699910606533018
460,1.3721902321547705,5.050698187305404,6.4228884194601745
461,1.4420703037246034,4.81351379675817,6.255584100482773
462,1.7696103729804231,5.380207320784708,7.149817693765131
463,1.7672164481908361,5.523126265301844,7.29034271349268
464,1.7380851482877318,5.600991365114314,7.339076513402047
465,1.5952672018963576,5.514086990595641,7.109354192491999
466,1.4417613310004125,5.802912291640188,7.2446736226406
467,1.2928398804239971,5.4170378414144285,6.709877721838426
468,1.2877997737254798,5.060275650666206,6.348075424391686
469,1.7802632107175507,5.424720219080509,7.20498342979806
470,1.7698952117306794,5.48257263714214,7.252467848872819
471,1.7514310963486925,5.5586215132671155,7.310052609615808
472,1.7008740131759472,5.53627258410016,7.237146597276107
473,1.5978586202245795,5.387180057874161,6.985038678098741
474,1.4219728240605924,5.432997136648818,6.85496996070941
475,1.3118118144249198,5.248546733969789,6.560358548394709
476,1.338085687817162,4.898667766423148,6.23675345424031
477,1.7788188433988406,5.451733100077959,7.2305519434768
478,1.76734687724564,5.4965344432897565,7.263881320535397
479,1.7427879841376939,5.53339720444015,7.276185188577844
480,1.6832960325607524,5.472636841561956,7.155932874122708
481,1.5394122934617323,5.30485778088175,6.844270074343482
482,1.409101318285252,5.060778585286802,6.469879903572054
483,1.7769755253987427,5.501461541073547,7.278437066472289
484,1.7598299823334058,5.534877498359523,7.294707480692929
485,1.7045512275712347,5.465859200519995,7.17041042809123
486,1.6496222705454942,5.434888253694111,7.084510524239605
487,1.7172497140103906,5.45093217970081,7.1681818937112
488,1.6839820845028453,6.067227857277371,7.751209941780216
489,1.2600360603277732,7.162489206286119,8.422525266613892
490,1.267039642630078,5.755361363299019,7.0224010059290976
491,1.3781454991595288,5.245953007881072,6.624098507040601
492,1.4612476639574978,4.970398925233396,6.431646589190894
493,1.7584287391595872,5.377649887673495,7.136078626833082
494,1.758639205739211,5.559208976608342,7.317848182347553
495,1.7908169467702508,5.7732889169902695,7.5641058637605205
496,1.7756237334618254,5.87199993104606,7.647623664507886
497,1.5195653418767585,6.3813732395083465,7.900938581385105
498,1.328080312573865,5.941211454548401,7.269291767122265
499,1.3045455008052373,5.289869123486923,6.594414624292161
500,1.8140159243671328,5.543651746874735,7.357667671241868
501,1.812034725425598,5.643731281678909,7.455766007104508
502,1.8257026805392895,5.745625170917588,7.571327851456878
503,1.8679092189854396,5.8734626862146335,7.741371905200073
504,1.7207775305273403,5.673675555867685,7.394453086395025
505,1.4636073045928346,5.934565433150221,7.398172737743055
506,1.3574511559652658,5.750105813504979,7.107556969470245
507,1.3855781576669217,5.213755068820027,6.599333226486949
508,1.835928524153177,5.682324828789352,7.518253352942529
509,1.8436897682340574,5.775907934069716,7.619597702303773
510,1.8946109435440988,5.818391346524019,7.713002290068118
511,1.8395679601764814,5.879022370377864,7.7185903305543455
512,1.6342793875424502,5.571873323099309,7.206152710641759
513,1.4427283304375478,5.492589460321166,6.935317790758713
514,1.8544723632594524,5.7574457472976475,7.6119181105571
515,1.8874199241699814,5.918001772837863,7.805421697007844
516,1.8482982030924144,5.869706026310682,7.718004229403097
517,1.7571231862054815,5.66634704134382,7.423470227549301
518,1.8401601965701642,5.808370865540082,7.648531062110246
519,1.298830097894711,7.470572889140662,8.769402987035374
520,1.2504718677210103,5.943391080470532,7.193862948191542
521,1.309654961064689,5.506652571766498,6.816307532831187
522,1.3897557387303012,5.293537484066771,6.683293222797072
523,1.6430024430747496,5.592532256561546,7.235534699636295
524,1.619999421277368,5.7373710176663195,7.357370438943688
525,1.6185196949548777,5.905159057599887,7.523678752554765
526,1.6811470070654932,6.10639272314498,7.787539730210473
527,1.5310320529004247,6.68370923381557,8.214741286715995
528,1.341254731278966,6.078788865854117,7.420043597133082
529,1.2719283029082338,5.471853230976409,6.7437815338846425
530,1.6728889377428249,5.818499789960758,7.491388727703583
531,1.6599952811932557,5.760375591864235,7.42037087305749
532,1.6501262380384416,5.9342749902467755,7.584401228285217
533,1.6633590807654073,6.044725724281666,7.708084805047074
534,1.7548308953671885,5.850638035477373,7.6054689308445615
535,1.4566337338521074,6.213505902628554,7.670139636480661
536,1.334032296338951,6.052573823862763,7.386606120201714
537,1.3332388118692438,5.383494936136867,6.716733748006111
538,1.6997414922590819,5.996084544208331,7.6958260364674125
539,1.6863708600076384,5.962397090911972,7.648767950919611
540,1.681735403383728,6.088991128017848,7.770726531401576
541,1.6875092155376081,6.134653988436541,7.822163203974149
542,1.614316009351562,5.848030055794125,7.462346065145687
543,1.4249300016216078,6.024221491508112,7.44915149312972
544,1.70021095339478,6.063118936629939,7.763329890024719
545,1.6993251947040435,6.125493804343994,7.824818999048038
546,1.6978966055167277,6.125955524349115,7.823852129865842
547,1.7138737228126417,6.113092694430864,7.826966417243506
548,1.7137437519550212,6.187999900373176,7.9017436523281965
549,1.27025707836552,6.4404350521458165,7.710692130511337
550,1.2279971653254076,6.171545093049833,7.399542258375241
551,1.2519651050524696,5.983164819306792,7.235129924359262
552,1.3336215864245373,6.3801314190282845,7.713753005452822
553,1.2916039247181141,6.327341719215302,7.618945643933416
554,1.2501800072775804,6.539257260956952,7.789437268234533
555,1.2769220655590645,6.837380970758407,8.114303036317471
556,1.3343484920738835,6.812508933956628,8.146857426030511
557,99999.0,99999.0,99999.0
558,1.305513487063761,6.053106452406422,7.3586199394701834
559,1.3705025539954072,6.480838301354886,7.851340855350293
560,1.3159663892496634,6.421108726509302,7.737075115758965
561,1.2876904205217548,6.459223989265517,7.746914409787272
562,1.2749470799337275,6.697012301626223,7.97195938155995
563,1.3086558364031686,6.658836474265613,7.967492310668782
564,1.3950893749049127,6.646638274107997,8.041727649012909
565,99999.0,99999.0,99999.0
566,1.3668555014127886,5.900110821338343,7.266966322751132
567,1.3903257160919273,6.595977660152137,7.986303376244065
568,1.3384235584166033,6.555779732568542,7.894203290985145
569,1.3116890951314455,6.45794521757703,7.769634312708475
570,1.2898245087287106,6.628168556442617,7.917993065171327
571,1.3274388873900456,6.42297000001305,7.750408887403096
572,1.4193445922287704,6.373907254146015,7.793251846374786
573,1.372189017717365,6.631728661933265,8.00391767965063
574,1.3278908643569314,6.614254345600227,7.942145209957159
575,1.3137932905067322,6.550860438483124,7.864653728989856
576,1.306001631012272,6.6208217839894346,7.9268234150017065
577,1.3331258044819423,6.474088641908546,7.807214446390488
578,1.38461406654508,5.638804314481541,7.02341838102662
579,1.3504447423267785,5.4382003357844555,6.788645078111234
580,1.3466231282170777,5.330003941272833,6.676627069489911
581,1.3060167117016865,5.376811991109154,6.68282870281084
582,1.2645988840916182,5.527563126724961,6.792162010816579
583,1.256370975116436,5.57148331639537,6.827854291511806
584,1.2463584062733035,5.613308756132201,6.859667162405505
585,1.3192805874890214,5.778833414813661,7.098114002302683
586,1.4068986881320475,5.790553619434327,7.197452307566374
587,1.3694657998165563,5.336206754621432,6.705672554437988
588,1.3464924575530592,5.410103111785238,6.756595569338297
589,1.3021362477521008,5.465999513457413,6.768135761209513
590,1.270896317342211,5.516286156473426,6.787182473815637
591,1.2838255705746868,5.458441844532304,6.742267415106991
592,1.2808392478401986,5.444971401895717,6.725810649735916
593,1.2828256825244189,5.551217397149772,6.834043079674191
594,1.405812048193587,5.57161867520707,6.977430723400657
595,1.392325739706717,5.419701613787364,6.812027353494081
596,1.3662960110601072,5.496433854917614,6.862729865977721
597,1.32167506630621,5.503042893589468,6.824717959895678
598,1.2877420594959106,5.492039773066956,6.7797818325628665
599,1.286152463542798,5.347907894221538,6.634060357764336
600,1.2814310782695113,5.279699489080285,6.561130567349796
601,1.3777965830632444,5.389582947386865,6.767379530450109
602,1.357015292636101,5.441153526540088,6.798168819176189
603,1.3216165829943476,5.416639441395624,6.738256024389972
604,1.3001029327285467,5.391520821000672,6.6916237537292185
605,1.3506183176736248,5.420025791866088,6.770644109539713
606,1.533167947654645,5.1837340196566455,6.716901967311291
607,1.5089842594901015,4.969460754042669,6.47844501353277
608,1.4739626270042552,5.022178605192499,6.496141232196754
609,1.3967068819153468,5.069204318244418,6.465911200159765
610,1.3503843536398374,5.177568659707974,6.527953013347812
611,1.3129384048775976,5.290597483949949,6.6035358888275475
612,1.3089785376745882,5.4161324331673875,6.725110970841976
613,1.42565127396697,5.443842305451772,6.869493579418743
614,1.5363823281656968,4.967200379237228,6.503582707402925
615,1.4954736190721885,5.0027339243326505,6.498207543404839
616,1.4551361738512931,5.044703304942368,6.499839478793661
617,1.4033593273096678,5.06988868628366,6.473248013593327
618,1.4079157087542609,5.12863788624178,6.5365535949960405
619,1.3691039893930237,5.184796417801481,6.553900407194504
620,1.3497544569584055,5.290049585568724,6.639804042527129
621,1.4238041311610046,5.308390424684825,6.73219455584583
622,1.5521903228047618,5.017919565501948,6.57010988830671
623,1.5174954940103527,5.06747346428884,6.584968958299193
624,1.484652410684059,5.069215646452532,6.553868057136591
625,1.4151177571722182,5.089146605832384,6.5042643630046015
626,1.4054174641957475,5.029298823372781,6.434716287568529
627,1.3765335284299105,4.983665616681665,6.360199145111576
628,1.5372810944725555,5.013161365450961,6.5504424599235165
629,1.5138641746428492,5.065224353468409,6.579088528111258
630,1.4550996280939958,5.026810309756122,6.481909937850118
631,1.428681115381362,5.025845720225665,6.454526835607028
632,1.4995961884226061,5.062023594152754,6.5616197825753595
633,1.7141269164087116,4.889407569398459,6.603534485807171
634,1.589717156014308,4.818423808868614,6.4081409648829215
635,1.5029319227924032,4.830637738914301,6.333569661706704
636,1.4490717562562725,4.930202596232357,6.37927435248863
637,1.3828041177655914,5.120283078726371,6.503087196491962
638,1.3083841746701772,5.090471960788348,6.398856135458526
639,1.369620394877641,5.03812448144613,6.407744876323771
640,1.7300630115395814,4.86304769074538,6.593110702284961
641,1.6590537790436868,4.833671209232408,6.492724988276095
642,1.5817744160755725,4.8172738652172615,6.399048281292834
643,1.5116463716405937,4.842575705869844,6.354222077510438
644,1.5021086346586903,4.886126960182457,6.388235594841147
645,1.4226996099026106,4.913825700903795,6.3365253108064055
646,1.3825116567030868,5.061130000461444,6.44364165716453
647,1.4756904497078909,4.992451072111459,6.46814152181935
648,1.7561419872513522,4.899709621064326,6.655851608315678
649,1.7042789564762715,4.916958671632237,6.621237628108508
650,1.6216520179630234,4.876307260863356,6.49795927882638
651,1.5750633837245769,4.910817155556856,6.485880539281433
652,1.4968895936622368,4.774355555689638,6.271245149351875
653,1.43848380850684,4.74152916062477,6.18001296913161
654,1.7146662113868134,4.850431142513666,6.565097353900479
655,1.6879064449418946,4.9033467182142525,6.591253163156147
656,1.5993312209933257,4.830205767127523,6.429536988120848
657,1.5624381787461372,4.82705810786368,6.389496286609817
658,1.6708613133048673,4.869445034601641,6.540306347906508
659,1.9577916221546352,5.391106666367436,7.34889828852207
660,1.8504471972997765,5.346519722132641,7.196966919432417
661,1.7477331813385217,5.315836658325392,7.063569839663915
662,1.5499083472820925,5.750607438012539,7.300515785294631
663,1.3928318464005245,5.265594668404823,6.658426514805347
664,1.4281468012515277,4.960255165173959,6.388401966425487
665,2.1503121536214618,5.48027175134482,7.630583904966282
666,2.1137259497766197,5.527574621107486,7.6413005708841055
667,1.9214922402863248,5.318813599305044,7.240305839591369
668,1.824042044790644,5.2768247841683005,7.100866828958944
669,1.7803187906479871,5.264895829294386,7.0452146199423735
670,1.5596812456349045,5.318739044985574,6.878420290620479
671,1.4905417482268226,5.072204860379925,6.562746608606748
672,1.5497335556866114,4.861479943914293,6.411213499600904
673,2.1675942254562433,5.55074273567919,7.718336961135433
674,2.066713913974902,5.42596243301949,7.492676346994392
675,1.9442201862052555,5.304084112096117,7.248304298301372
676,1.8631009565695533,5.261407410826686,7.124508367396239
677,1.7263337381135768,5.13037055611998,6.856704294233557
678,1.5639756091613726,4.9514352619832955,6.5154108711446685
679,2.101821296375918,5.445186395135401,7.54700769151132
680,2.0185494467306597,5.341728879796188,7.360278326526847
681,1.9330298977735059,5.251613622196487,7.184643519969993
682,1.8528245291150038,5.192908145327378,7.045732674442382
683,1.9831640875169627,5.277133837064693,7.260297924581656
684,1.8605361286351272,5.5999574320998216,7.460493560734949
685,1.7085494802120749,5.440870221829555,7.14941970204163
686,1.5218775539290492,5.9868064199374125,7.508683973866462
687,1.350053556501898,5.314067473050867,6.664121029552764
688,1.3639629376595035,4.985439950594076,6.34940288825358
689,1.980844238275166,5.425454837047863,7.406299075323029
690,2.0022351691490434,5.586183961041568,7.588419130190612
691,1.9372778511943338,5.614843975541384,7.552121826735718
692,1.8199271614591406,5.503486827922008,7.323413989381148
693,1.7246993204093188,5.357286639428025,7.081985959837344
694,1.5124221239571438,5.440858310233475,6.953280434190619
695,1.4336259216962324,5.0849820787571565,6.518608000453389
696,1.4615930650687305,4.846956312518416,6.308549377587147
697,1.9933618562973823,5.5184752626096945,7.511837118907077
698,1.9973505810080125,5.605277856331311,7.602628437339323
699,1.94117286193136,5.587176465825901,7.528349327757261
700,1.8269231321485375,5.454363778002333,7.28128691015087
701,1.6614169535925154,5.193805330721018,6.855222284313533
702,1.5154080079945702,5.009870654284849,6.525278662279419
703,1.98093694110746,5.499258581476235,7.480195522583696
704,1.981384936211903,5.5873398894941,7.568724825706003
705,1.8854780090854253,5.481587063735278,7.3670650728207026
706,1.7976377403586314,5.342357210694168,7.139994951052799
707,1.924177382198305,5.469552131503121,7.393729513701426
708,1.7194896740533991,5.622117544124617,7.341607218178016
709,1.5000244193087415,6.175721198867676,7.675745618176418
710,1.3150975587381957,5.47617119450323,6.791268753241426
711,1.3026146269084828,5.0471651508629805,6.349779777771463
712,1.9011571146068478,5.464768429910214,7.365925544517062
713,1.913877149568214,5.606155576103018,7.520032725671232
714,1.912178042281178,5.755759817701934,7.6679378599831125
715,1.855445425613408,5.767853359351029,7.623298784964437
716,1.7033201330163046,5.493910515847451,7.197230648863755
717,1.4706552863650768,5.579377153553552,7.050032439918629
718,1.3639717740459516,5.293816912862088,6.65778868690804
719,1.3924107029215507,4.927936857851879,6.320347560773429
720,1.9618438091459234,5.616192268719069,7.578036077864993
721,1.917807787012205,5.709933333675433,7.627741120687638
722,1.9056600020080325,5.7905719673804255,7.696231969388458
723,1.8398588959800337,5.720680666778553,7.560539562758587
724,1.6207312370784066,5.349206996524723,6.96993823360313
725,1.457568887093786,5.184141626195291,6.641710513289077
726,1.9264056597762071,5.677499757783984,7.603905417560191
727,1.9136490016936765,5.742133035109304,7.6557820368029805
728,1.8555638327752062,5.689796581783725,7.545360414558931
729,1.7680930461670288,5.520537934411288,7.288630980578317
730,1.8626780951457602,5.645972929659055,7.5086510248048155
731,1.568914224050497,6.458593711179064,8.027507935229561
732,1.3858723061611378,5.852087784853627,7.237960091014765
733,1.3227704960560633,5.247424058998911,6.570194555054974
734,1.7734692359920499,5.410487489540613,7.1839567255326635
735,1.7686685898991528,5.50601686390271,7.274685453801863
736,1.7660524592521758,5.6042153121891705,7.3702677714413465
737,1.7961835867655147,5.738472470576848,7.534656057342363
738,1.760961632448491,5.689166338503285,7.450127970951776
739,1.48688955545248,5.796843325776979,7.283732881229459
740,1.3573132047010814,5.507390215264411,6.864703419965492
741,1.381332635599957,5.063298307141621,6.444630942741578
742,1.8078012991621095,5.576433406161942,7.384234705324052
743,1.8072852964109447,5.5868253517230295,7.3941106481339745
744,1.827724587529036,5.731890717487967,7.559615305017003
745,1.8686962584588112,5.8217274439605555,7.690423702419366
746,1.6658138911167089,5.589716302438585,7.255530193555295
747,1.4634977501870923,5.46801103442626,6.931508784613352
748,1.8258952811713918,5.630128010656695,7.456023291828087
749,1.8414339237314072,5.7175055955381255,7.558939519269533
750,1.8673632738304453,5.7810429518184945,7.64840622564894
751,1.8218126094016704,5.698519539389179,7.52033214879085
752,1.9024681732669129,5.7507828922222375,7.65325106548915
753,1.39924374583274,5.831074278722729,7.230318024555469
754,1.32318141040525,5.323484672678133,6.6466660830833835
755,1.5684746570065158,5.9110615189945,7.479536176001016
756,1.5600931208612192,6.054612657188568,7.614705778049787
757,1.5345111861158542,6.175116012329551,7.709627198445405
758,1.5267403590671156,6.273874837874575,7.800615196941691
759,1.5613822746666266,6.251954599591895,7.813336874258521
760,1.506945845567745,5.963631460289641,7.470577305857386
761,1.392338151337047,5.593065182090427,6.985403333427474
762,1.3489581481978152,5.1000770831898095,6.449035231387625
763,1.5880870577203692,6.091437719154956,7.679524776875326
764,1.5822569974764804,6.2277511012148965,7.810008098691377
765,1.556854881405225,6.244757843729244,7.8016127251344685
766,1.547153476717049,6.308029694226359,7.855183170943408
767,1.5775700204827041,6.143710226890377,7.721280247373081
768,1.4787117642112169,5.6867767570984,7.165488521309617
769,1.5906908103769435,6.190562426512609,7.781253236889553
770,1.578950841504294,6.25558481552699,7.834535657031283
771,1.5613154599688952,6.279624289979381,7.8409397499482765
772,1.5637140260265954,6.3213943146200595,7.885108340646655
773,1.5761206670555064,6.312389242805246,7.888509909860752
774,1.3815207804098553,5.478015533725112,6.859536314134967
775,1.4473720980472746,5.349684065426994,6.797056163474269
776,1.4012976674412536,5.372105672544099,6.773403339985353
777,1.3661510958640577,5.41849623847481,6.784647334338867
778,1.3529787948943046,5.51486799687473,6.8678467917690345
779,1.3787849952515443,5.492081732762408,6.870866728013953
780,1.4595341004047313,5.61304431322667,7.072578413631401
781,99999.0,99999.0,99999.0
782,1.4167053911713794,5.254824150773248,6.671529541944627
783,1.462617236800638,5.384388246194376,6.847005482995014
784,1.4170869999304547,5.411003676294423,6.828090676224878
785,1.3826298993844142,5.4515900152878,6.8342199146722145
786,1.3612061418109038,5.486201692906485,6.847407834717389
787,1.398188289843735,5.44148133190799,6.839669621751725
788,1.4812223242214084,5.463840436324959,6.945062760546367
789,1.4554693930088798,5.434726165697806,6.890195558706686
790,1.4190957893182514,5.4749372194120225,6.894033008730274
791,1.393078780409553,5.438762094137392,6.831840874546945
792,1.384065568794055,5.428709696682413,6.812775265476468
793,1.4066347183252772,5.439080521938608,6.845715240263885
794,1.4519075366441998,5.006041115098513,6.457948651742712
795,1.421508965344267,5.008426945673922,6.429935911018189
796,1.3614097532498604,5.0179582040500055,6.379367957299866
797,1.325002236886886,5.054895268349233,6.379897505236118
798,1.338332845383135,5.05603467344048,6.394367518823614
799,1.368405002132795,5.105327990780301,6.473732992913096
800,1.4265005592063533,5.386870229147246,6.813370788353599
801,1.5043672604397793,5.419788482496148,6.924155742935928
802,1.48301266776099,5.068180965266456,6.551193633027446
803,1.433859292912885,5.053346272054522,6.487205564967407
804,1.379935987735732,5.023276276772875,6.403212264508607
805,1.329695145859469,5.010828068990149,6.340523214849618
806,1.3709247954721138,4.983140876571094,6.354065672043207
807,1.3999108778724014,5.028427515426362,6.428338393298763
808,1.4678989124308846,5.0838425363498,6.551741448780684
809,1.4330700805411305,5.0922904462949585,6.525360526836089
810,1.369906278387337,5.001540214747562,6.371446493134899
811,1.3652969868754483,4.982483398983721,6.347780385859169
812,1.4183060870802753,5.013407557211209,6.431713644291484
813,2.134479108570738,5.571510572791429,7.705989681362167
814,1.9826286695175506,5.425683114752949,7.4083117842704995
815,1.915673835429319,5.4455766064607465,7.361250441890066
816,1.8352012817912327,5.376078811112567,7.2112800929038
817,1.6012730201463956,5.35085917680954,6.952132196955936
818,1.5580228165283956,5.11127240499596,6.669295221524355
819,1.5970523310928761,4.861477442454499,6.458529773547375
820,2.293234408414858,5.7637319882319735,8.056966396646832
821,2.118463919643148,5.511756643839878,7.630220563483027
822,2.0141967581898492,5.425891753667548,7.440088511857397
823,1.938219365344245,5.3844625386859475,7.322681904030192
824,1.7460256927074072,5.140064973520957,6.886090666228364
825,1.601549785461227,4.981839709058643,6.58338949451987
826,2.2056614749921186,5.6171061212680105,7.822767596260129
827,2.100498240018588,5.500642349435018,7.601140589453606
828,2.0140255905283575,5.378120843467874,7.392146433996231
829,1.8988963603782458,5.297110462099022,7.196006822477268
830,2.040668111517679,5.34573276263169,7.386400874149369
831,1.985023484736417,5.568514550678725,7.5535380354151425
832,1.886312540470419,5.498635767056442,7.3849483075268605
833,1.7968792940133376,5.394783709847744,7.191663003861081
834,1.5472156314157128,5.416400450795229,6.963616082210942
835,1.4808809252970139,5.115877751607593,6.596758676904607
836,1.5364942269518422,4.867021600540687,6.403515827492529
837,2.1574167565744298,5.671537652419496,7.828954408993926
838,2.12478457089394,5.663023323048017,7.787807893941957
839,2.0017598928700644,5.542524106575846,7.544283999445911
840,1.9151845082939813,5.4720890642910565,7.387273572585038
841,1.7253262115785268,5.274028159300249,6.999354370878776
842,1.5585877624436257,5.006324248339804,6.56491201078343
843,2.134105223050789,5.6109510761509265,7.745056299201716
844,2.0701813737647203,5.5730999449902905,7.643281318755011
845,1.979910911761413,5.469007257452167,7.44891816921358
846,1.8806620221111736,5.372670356728511,7.253332378839684
847,2.010983785883623,5.445891419452056,7.456875205335679
848,1.9031657413311107,5.710721094773444,7.613886836104554
849,1.7558852924938944,5.479387396424694,7.235272688918588
850,1.51202997575603,5.5685481952553175,7.080578171011347
851,1.431557874568125,5.146722556409658,6.578280430977784
852,1.4718716202677782,4.871743622136382,6.3436152424041605
853,2.0140738754548186,5.575164198313833,7.589238073768652
854,2.028874998095098,5.702653232753747,7.731528230848845
855,2.025768649958485,5.81105051440015,7.836819164358635
856,1.9058464904185914,5.664304082398568,7.57015057281716
857,1.6818378796425524,5.348846688175186,7.0306845678177385
858,1.5157760391899162,5.114381519136319,6.630157558326235
859,2.0276278933375087,5.631463998721397,7.659091892058906
860,2.0509381487604137,5.802744919592672,7.853683068353085
861,1.9662842610577989,5.7039348260318326,7.670219087089631
862,1.848601562968353,5.508133150652026,7.356734713620379
863,1.9763540474030057,5.651242770861116,7.627596818264122
864,1.760051336901165,5.572919952011743,7.332971288912908
865,1.4861276853842738,5.7033462700937445,7.189473955478018
866,1.3811097081339743,5.336420201397822,6.717529909531796
867,1.4089794236170639,4.911312298192928,6.320291721809991
868,1.912204952160078,5.542924822341101,7.455129774501179
869,1.9210654449519189,5.622308594616857,7.543374039568777
870,1.9698799693347258,5.861509278898578,7.831389248233304
871,1.9293689417075817,5.839165754618631,7.7685346963262125
872,1.6650389824209528,5.493173696953183,7.158212679374135
873,1.4859637526576035,5.261500835518741,6.747464588176345
874,1.9432767353925402,5.629683795826889,7.5729605312194295
875,1.9789695453747533,5.819274334736337,7.798243880111091
876,1.9401503544706473,5.81129675803248,7.7514471125031275
877,1.8448989001403018,5.653542285546843,7.4984411856871445
878,1.9283735404708975,5.73700381244045,7.665377352911348
879,1.5464213689693744,5.754175374498533,7.300596743467907
880,1.4089571466787294,5.339493873731357,6.748451020410086
881,1.413695642733198,4.924401536603804,6.338097179337002
882,1.8273376640968289,5.481157844065443,7.308495508162272
883,1.81214871072327,5.494289957048215,7.306438667771485
884,1.7965368615525803,5.573217724439549,7.369754585992129
885,1.8058891139256565,5.637517034747899,7.443406148673555
886,1.7210444987597198,5.4974833351586065,7.218527833918326
887,1.5010590370994696,5.342208449543137,6.843267486642607
888,1.8329744566649369,5.565869509771701,7.398843966436638
889,1.8227209383967864,5.60082767040838,7.4235486088051665
890,1.8212023833652642,5.613793818909568,7.434996202274832
891,1.8312798030885846,5.655350358493612,7.486630161582196
892,1.8385530180823866,5.630124891532543,7.46867790961493
893,1.4928238769475561,5.338643831307573,6.831467708255129
894,1.4227327004310637,4.952094157505589,6.374826857936652
895,1.5921774837020506,5.4181711817831975,7.010348665485248
896,1.5701041873890464,5.478014900813268,7.048119088202315
897,1.5386929173630106,5.612603857773001,7.151296775136012
898,1.5120714252621248,5.664374764702119,7.176446189964244
899,1.5615677532801522,5.55263959000418,7.114207343284332
900,1.5854525546918619,5.429993707238078,7.01544626192994
901,1.5886123394545322,5.500811094923174,7.089423434377706
902,1.5661620706823272,5.559835485413715,7.125997556096042
903,1.534975815265207,5.581743531553809,7.116719346819016
904,1.538852030777754,5.627203430672243,7.166055461449997
905,1.5558188104816164,5.5773508150171915,7.133169625498808
906,1.5158274613580993,5.225035357859322,6.740862819217421
907,1.582931840442415,5.2230513042176,6.805983144660015
908,1.5072195190191486,5.234475622634341,6.74169514165349
909,1.4650838590846045,5.158136629773305,6.62322048885791
910,1.4015833246873104,5.263701373771595,6.665284698458906
911,1.448662419609165,5.1900660760603134,6.638728495669478
912,1.5675936375096462,5.310454543584365,6.8780481810940115
913,1.5661184171716518,5.248361459589251,6.8144798767609025
914,1.4998675274210864,5.228460633447155,6.728328160868242
915,1.4520921102297268,5.160847239233495,6.612939349463222
916,1.4245582649936357,5.23037705999966,6.654935324993296
917,1.4985219114813377,5.140932626924645,6.639454538405983
918,1.613334366778737,5.004652766575219,6.617987133353957
919,1.556583333098433,4.931984768274029,6.488568101372462
920,1.4860628211809006,4.87266057331837,6.358723394499271
921,1.4289337382273684,4.859021244724292,6.2879549829516606
922,1.4320219846796138,4.777205332063586,6.2092273167432
923,1.48069476537997,4.867155877346969,6.3478506427269386
924,1.597073843920522,4.929156347800678,6.5262301917212
925,1.5418481763961742,4.9019345864484265,6.4437827628446005
926,1.4619817050532304,4.850286761671436,6.3122684667246665
927,1.440334227409325,4.80491540614084,6.2452496335501655
928,1.5291352184006421,4.91091204509422,6.440047263494861
929,2.1808957090855237,5.719332083647951,7.9002277927334745
930,2.0620128043563026,5.585237723640327,7.647250527996629
931,1.980797935673417,5.553105577832466,7.533903513505883
932,1.7857849153516456,5.314198294616664,7.099983209968309
933,1.6266514416709312,5.060834768436098,6.6874862101070285
934,2.2779774752172095,5.824811424068281,8.10278889928549
935,2.148259655982702,5.648604825551728,7.7968644815344295
936,2.0550254455356507,5.529129481158213,7.584154926693864
937,1.9372969182766762,5.431175892261607,7.368472810538283
938,2.097687980036737,5.553659664746027,7.6513476447827635
939,2.070958458164604,5.729356639177928,7.800315097342532
940,1.9722067551007052,5.620418117277241,7.592624872377947
941,1.7408624230527003,5.325734720485372,7.066597143538073
942,1.5778627211944043,5.07961442280296,6.657477143997364
943,2.17718890975019,5.731913933991805,7.909102843741995
944,2.157021293214477,5.8067229216982055,7.9637442149126825
945,2.0602622125503296,5.658101620854767,7.718363833405096
946,1.9234414553019894,5.483065119498441,7.406506574800431
947,2.07742794771822,5.620860703030563,7.698288650748783
948,2.0076121302595036,5.882666249364452,7.890278379623956
949,1.7096115156324998,5.362645164277886,7.072256679910386
950,1.5363720767802556,5.140850904991152,6.677222981771408
951,2.0698131992694186,5.651341944302205,7.7211551435716235
952,2.1233495391417385,5.900832604079588,8.024182143221328
953,2.073926441846497,5.906237447499232,7.980163889345729
954,1.9099210699270874,5.628709597298752,7.53863066722584
955,2.074463304310892,5.846748546816054,7.921211851126946
956,1.6911522099233567,5.395076474051739,7.086228683975095
957,1.4848197528590146,5.1718088488845675,6.6566286017435825
958,1.9723682386662553,5.610731275155082,7.583099513821337
959,2.0165987440873914,5.80860944143006,7.825208185517452
960,2.071470334902066,5.974330218908708,8.045800553810775
961,1.9159619510907528,5.728075083524732,7.644037034615485
962,2.058445996207418,5.934524574584288,7.992970570791707
963,1.5656550581718796,5.281982106334619,6.847637164506498
964,1.768534902829222,5.342513159142655,7.111048061971877
965,1.7515752609944308,5.408039378895181,7.159614639889611
966,1.7183341792191171,5.401516863714206,7.119851042933323
967,1.7439303451236086,5.455385513677713,7.199315858801322
968,1.7556742635545355,5.415763228285366,7.171437491839901
969,1.6072988701539548,5.078261248626687,6.685560118780641
970,1.5808375398048826,5.136501699462116,6.717339239266998
971,1.5224770465788393,5.159134259462082,6.681611306040921
972,1.5228364165984947,5.173990131794723,6.696826548393217
973,1.5602192860581592,5.138310514720772,6.698529800778932
974,2.190346732714321,5.786147894336322,7.976494627050643
975,2.077973822038997,5.647228093691399,7.725201915730396
976,1.950443043313408,5.520877684168141,7.471320727481549
977,2.1004200876416097,5.631718297014882,7.732138384656492
978,2.112344156439297,5.87583576367997,7.988179920119267
979,1.9482656147430106,5.632164344498025,7.580429959241036
980,2.1120201814716255,5.811523920392164,7.923544101863789
981,1.9591423500818723,5.712597368881234,7.6717397189631065
982,2.132778797342661,5.975965477935959,8.10874427527862
983,2.0019761494343538,5.774326128720502,7.776302278154856
