0,83
0,159
0,1481
0,1557
1,84
1,120
1,1482
1,1558
2,85
2,121
2,1483
2,1559
3,1520
3,86
3,202
3,1404
4,1521
4,87
4,203
4,1405
5,1522
5,88
5,204
5,1406
6,89
6,205
6,1407
6,1523
7,90
7,206
7,1408
7,1524
8,91
8,207
8,1409
8,1525
9,92
9,208
9,1410
9,1526
10,93
10,209
10,1411
10,1527
11,94
11,210
11,1412
11,1528
12,95
12,211
12,1413
12,1529
13,96
13,212
13,1414
13,1530
14,97
14,213
14,1415
14,1531
15,98
15,214
15,1416
15,1532
16,99
16,215
16,1417
16,1533
17,100
17,1498
17,216
17,1534
18,101
18,137
18,1499
18,1535
19,102
19,138
19,1500
19,1536
20,103
20,139
20,1501
20,1537
21,104
21,140
21,1502
21,1538
22,141
22,1539
22,105
22,1423
23,1540
23,106
23,222
23,1424
24,1541
24,107
24,223
24,1425
25,108
25,224
25,1426
25,1542
26,109
26,225
26,1427
26,1543
27,110
27,226
27,1428
27,1544
28,111
28,227
28,1429
28,1545
29,112
29,228
29,1430
29,1546
30,113
30,229
30,1431
30,1547
31,114
31,230
31,1432
31,1548
32,115
32,231
32,1433
32,1549
33,116
33,232
33,1434
33,1550
34,117
34,233
34,1435
34,1551
35,118
35,234
35,1436
35,1552
36,119
36,235
36,1437
36,1553
37,80
37,1518
37,236
37,1554
38,81
38,1519
38,237
38,1555
39,82
39,158
39,1480
39,1556
40,123
40,199
40,1521
40,1597
41,124
41,160
41,1522
41,1598
42,161
42,1599
42,125
42,1443
43,162
43,1560
43,126
43,1444
44,1561
44,127
44,243
44,1445
45,128
45,244
45,1446
45,1562
46,129
46,245
46,1447
46,1563
47,130
47,246
47,1448
47,1564
48,131
48,247
48,1449
48,1565
49,132
49,248
49,1450
49,1566
50,133
50,249
50,1451
50,1567
51,134
51,250
51,1452
51,1568
52,135
52,251
52,1453
52,1569
53,136
53,252
53,1454
53,1570
54,137
54,253
54,1455
54,1571
55,138
55,254
55,1456
55,1572
56,139
56,255
56,1457
56,1573
57,140
57,1538
57,256
57,1574
58,141
58,177
58,1539
58,1575
59,142
59,178
59,1540
59,1576
60,143
60,179
60,1541
60,1577
61,144
61,180
61,1542
61,1578
62,181
62,1579
62,145
62,1463
63,1580
63,146
63,262
63,1464
64,1581
64,147
64,263
64,1465
65,148
65,264
65,1466
65,1582
66,149
66,265
66,1467
66,1583
67,150
67,266
67,1468
67,1584
68,151
68,267
68,1469
68,1585
69,152
69,268
69,1470
69,1586
70,153
70,269
70,1471
70,1587
71,154
71,270
71,1472
71,1588
72,155
72,271
72,1473
72,1589
73,156
73,272
73,1474
73,1590
74,157
74,273
74,1475
74,1591
75,158
75,274
75,1476
75,1592
76,159
76,275
76,1477
76,1593
77,120
77,276
77,1478
77,1594
78,121
78,197
78,1559
78,1595
79,122
79,198
79,1520
79,1596
80,163
80,239
80,1561
81,164
81,200
81,1562
82,165
82,201
82,1563
83,166
83,282
83,1484
84,167
84,283
84,1485
85,168
85,284
85,1486
86,169
86,285
86,1487
87,170
87,286
87,1488
88,171
88,287
88,1489
89,172
89,288
89,1490
90,173
90,289
90,1491
91,174
91,290
91,1492
92,175
92,291
92,1493
93,176
93,292
93,1494
94,177
94,293
94,1495
95,178
95,294
95,1496
96,179
96,295
96,1497
97,180
97,1578
97,296
98,181
98,217
98,1579
99,182
99,218
99,1580
100,183
100,219
100,1581
101,184
101,220
101,1582
102,221
102,185
102,1503
103,186
103,302
103,1504
104,187
104,303
104,1505
105,188
105,304
105,1506
106,189
106,305
106,1507
107,190
107,306
107,1508
108,191
108,307
108,1509
109,192
109,308
109,1510
110,193
110,309
110,1511
111,194
111,310
111,1512
112,195
112,311
112,1513
113,196
113,312
113,1514
114,197
114,313
114,1515
115,198
115,314
115,1516
116,199
116,315
116,1517
117,160
117,1598
117,316
118,161
118,1599
118,317
119,162
119,238
119,1560
120,203
120,279
121,204
121,240
122,241
122,205
122,1523
123,242
123,206
123,1524
124,207
124,323
124,1525
125,208
125,324
125,1526
126,209
126,325
126,1527
127,210
127,326
127,1528
128,211
128,327
128,1529
129,212
129,328
129,1530
130,213
130,329
130,1531
131,214
131,330
131,1532
132,215
132,331
132,1533
133,216
133,332
133,1534
134,217
134,333
134,1535
135,218
135,334
135,1536
136,219
136,335
136,1537
137,220
137,336
138,221
138,257
139,222
139,258
140,223
140,259
141,224
141,260
142,261
142,225
142,1543
143,226
143,342
143,1544
144,227
144,343
144,1545
145,228
145,344
145,1546
146,229
146,345
146,1547
147,230
147,346
147,1548
148,231
148,347
148,1549
149,232
149,348
149,1550
150,233
150,349
150,1551
151,234
151,350
151,1552
152,235
152,351
152,1553
153,236
153,352
153,1554
154,237
154,353
154,1555
155,238
155,354
155,1556
156,239
156,355
156,1557
157,200
157,356
157,1558
158,201
158,277
159,202
159,278
160,243
160,319
161,244
161,280
162,245
162,281
163,246
163,362
163,1564
164,247
164,363
164,1565
165,248
165,364
165,1566
166,249
166,365
166,1567
167,250
167,366
167,1568
168,251
168,367
168,1569
169,252
169,368
169,1570
170,253
170,369
170,1571
171,254
171,370
171,1572
172,255
172,371
172,1573
173,256
173,372
173,1574
174,257
174,373
174,1575
175,258
175,374
175,1576
176,259
176,375
176,1577
177,260
177,376
178,261
178,297
179,262
179,298
180,263
180,299
181,264
181,300
182,301
182,265
182,1583
183,266
183,382
183,1584
184,267
184,383
184,1585
185,268
185,384
185,1586
186,269
186,385
186,1587
187,270
187,386
187,1588
188,271
188,387
188,1589
189,272
189,388
189,1590
190,273
190,389
190,1591
191,274
191,390
191,1592
192,275
192,391
192,1593
193,276
193,392
193,1594
194,277
194,393
194,1595
195,278
195,394
195,1596
196,279
196,395
196,1597
197,240
197,396
198,241
198,397
199,242
199,318
200,283
200,359
201,284
201,320
202,321
202,285
203,322
203,286
204,287
204,403
205,288
205,404
206,289
206,405
207,290
207,406
208,291
208,407
209,292
209,408
210,293
210,409
211,294
211,410
212,295
212,411
213,296
213,412
214,297
214,413
215,298
215,414
216,299
216,415
217,300
217,416
218,301
218,337
219,302
219,338
220,303
220,339
221,304
221,340
222,341
222,305
223,306
223,422
224,307
224,423
225,308
225,424
226,309
226,425
227,310
227,426
228,311
228,427
229,312
229,428
230,313
230,429
231,314
231,430
232,315
232,431
233,316
233,432
234,317
234,433
235,318
235,434
236,319
236,435
237,280
237,436
238,281
238,357
239,282
239,358
240,323
240,399
241,324
241,360
242,325
242,361
243,326
243,442
244,327
244,443
245,328
245,444
246,329
246,445
247,330
247,446
248,331
248,447
249,332
249,448
250,333
250,449
251,334
251,450
252,335
252,451
253,336
253,452
254,337
254,453
255,338
255,454
256,339
256,455
257,340
257,456
258,341
258,377
259,342
259,378
260,343
260,379
261,344
261,380
262,381
262,345
263,346
263,462
264,347
264,463
265,348
265,464
266,349
266,465
267,350
267,466
268,351
268,467
269,352
269,468
270,353
270,469
271,354
271,470
272,355
272,471
273,356
273,472
274,357
274,473
275,358
275,474
276,359
276,475
277,320
277,476
278,321
278,477
279,322
279,398
280,363
280,439
281,364
281,400
282,401
282,365
283,402
283,366
284,367
284,483
285,368
285,484
286,369
286,485
287,370
287,486
288,371
288,487
289,372
289,488
290,373
290,489
291,374
291,490
292,375
292,491
293,376
293,492
294,377
294,493
295,378
295,494
296,379
296,495
297,380
297,496
298,381
298,417
299,382
299,418
300,383
300,419
301,384
301,420
302,421
302,385
303,386
303,502
304,387
304,503
305,388
305,504
306,389
306,505
307,390
307,506
308,391
308,507
309,392
309,508
310,393
310,509
311,394
311,510
312,395
312,511
313,396
313,512
314,397
314,513
315,398
315,514
316,399
316,515
317,360
317,516
318,361
318,437
319,362
319,438
320,403
320,479
321,404
321,440
322,405
322,441
323,406
323,522
324,407
324,523
325,408
325,524
326,409
326,525
327,410
327,526
328,411
328,527
329,412
329,528
330,413
330,529
331,414
331,530
332,415
332,531
333,416
333,532
334,417
334,533
335,418
335,534
336,419
336,535
337,420
337,536
338,421
338,457
339,422
339,458
340,423
340,459
341,424
341,460
342,461
342,425
343,426
343,542
344,427
344,543
345,428
345,544
346,429
346,545
347,430
347,546
348,431
348,547
349,432
349,548
350,433
350,549
351,434
351,550
352,435
352,551
353,436
353,552
354,437
354,553
355,438
355,554
356,439
356,555
357,400
357,556
358,401
358,557
359,402
359,478
360,443
360,519
361,444
361,480
362,481
362,445
363,482
363,446
364,447
364,563
365,448
365,564
366,449
366,565
367,450
367,566
368,451
368,567
369,452
369,568
370,453
370,569
371,454
371,570
372,455
372,571
373,456
373,572
374,457
374,573
375,458
375,574
376,459
376,575
377,460
377,576
378,461
378,497
379,462
379,498
380,463
380,499
381,464
381,500
382,501
382,465
383,466
383,582
384,467
384,583
385,468
385,584
386,469
386,585
387,470
387,586
388,471
388,587
389,472
389,588
390,473
390,589
391,474
391,590
392,475
392,591
393,476
393,592
394,477
394,593
395,478
395,594
396,479
396,595
397,440
397,596
398,441
398,517
399,442
399,518
400,483
400,559
401,484
401,520
402,485
402,521
403,486
403,602
404,487
404,603
405,488
405,604
406,489
406,605
407,490
407,606
408,491
408,607
409,492
409,608
410,493
410,609
411,494
411,610
412,495
412,611
413,496
413,612
414,497
414,613
415,498
415,614
416,499
416,615
417,500
417,616
418,501
418,537
419,502
419,538
420,503
420,539
421,504
421,540
422,541
422,505
423,506
423,622
424,507
424,623
425,508
425,624
426,509
426,625
427,510
427,626
428,511
428,627
429,512
429,628
430,513
430,629
431,514
431,630
432,515
432,631
433,516
433,632
434,517
434,633
435,518
435,634
436,519
436,635
437,480
437,636
438,481
438,637
439,482
439,558
440,523
440,599
441,524
441,560
442,561
442,525
443,562
443,526
444,527
444,643
445,528
445,644
446,529
446,645
447,530
447,646
448,531
448,647
449,532
449,648
450,533
450,649
451,534
451,650
452,535
452,651
453,536
453,652
454,537
454,653
455,538
455,654
456,539
456,655
457,540
457,656
458,541
458,577
459,542
459,578
460,543
460,579
461,544
461,580
462,581
462,545
463,546
463,662
464,547
464,663
465,548
465,664
466,549
466,665
467,550
467,666
468,551
468,667
469,552
469,668
470,553
470,669
471,554
471,670
472,555
472,671
473,556
473,672
474,557
474,673
475,558
475,674
476,559
476,675
477,520
477,676
478,521
478,597
479,522
479,598
480,563
480,639
481,564
481,600
482,565
482,601
483,566
483,682
484,567
484,683
485,568
485,684
486,569
486,685
487,570
487,686
488,571
488,687
489,572
489,688
490,573
490,689
491,574
491,690
492,575
492,691
493,576
493,692
494,577
494,693
495,578
495,694
496,579
496,695
497,580
497,696
498,581
498,617
499,582
499,618
500,583
500,619
501,584
501,620
502,621
502,585
503,586
503,702
504,587
504,703
505,588
505,704
506,589
506,705
507,590
507,706
508,591
508,707
509,592
509,708
510,593
510,709
511,594
511,710
512,595
512,711
513,596
513,712
514,597
514,713
515,598
515,714
516,599
516,715
517,560
517,716
518,561
518,717
519,562
519,638
520,603
520,679
521,604
521,640
522,641
522,605
523,642
523,606
524,607
524,723
525,608
525,724
526,609
526,725
527,610
527,726
528,611
528,727
529,612
529,728
530,613
530,729
531,614
531,730
532,615
532,731
533,616
533,732
534,617
534,733
535,618
535,734
536,619
536,735
537,620
537,736
538,621
538,657
539,622
539,658
540,623
540,659
541,624
541,660
542,661
542,625
543,626
543,742
544,627
544,743
545,628
545,744
546,629
546,745
547,630
547,746
548,631
548,747
549,632
549,748
550,633
550,749
551,634
551,750
552,635
552,751
553,636
553,752
554,637
554,753
555,638
555,754
556,639
556,755
557,600
557,756
558,601
558,677
559,602
559,678
560,643
560,719
561,644
561,680
562,645
562,681
563,646
563,762
564,647
564,763
565,648
565,764
566,649
566,765
567,650
567,766
568,651
568,767
569,652
569,768
570,653
570,769
571,654
571,770
572,655
572,771
573,656
573,772
574,657
574,773
575,658
575,774
576,659
576,775
577,660
577,776
578,661
578,697
579,662
579,698
580,663
580,699
581,664
581,700
582,701
582,665
583,666
583,782
584,667
584,783
585,668
585,784
586,669
586,785
587,670
587,786
588,671
588,787
589,672
589,788
590,673
590,789
591,674
591,790
592,675
592,791
593,676
593,792
594,677
594,793
595,678
595,794
596,679
596,795
597,640
597,796
598,641
598,797
599,642
599,718
600,683
600,759
601,684
601,720
602,721
602,685
603,722
603,686
604,687
604,803
605,688
605,804
606,689
606,805
607,690
607,806
608,691
608,807
609,692
609,808
610,693
610,809
611,694
611,810
612,695
612,811
613,696
613,812
614,697
614,813
615,698
615,814
616,699
616,815
617,700
617,816
618,701
618,737
619,702
619,738
620,703
620,739
621,704
621,740
622,741
622,705
623,706
623,822
624,707
624,823
625,708
625,824
626,709
626,825
627,710
627,826
628,711
628,827
629,712
629,828
630,713
630,829
631,714
631,830
632,715
632,831
633,716
633,832
634,717
634,833
635,718
635,834
636,719
636,835
637,680
637,836
638,681
638,757
639,682
639,758
640,723
640,799
641,724
641,760
642,725
642,761
643,726
643,842
644,727
644,843
645,728
645,844
646,729
646,845
647,730
647,846
648,731
648,847
649,732
649,848
650,733
650,849
651,734
651,850
652,735
652,851
653,736
653,852
654,737
654,853
655,738
655,854
656,739
656,855
657,740
657,856
658,741
658,777
659,742
659,778
660,743
660,779
661,744
661,780
662,781
662,745
663,746
663,862
664,747
664,863
665,748
665,864
666,749
666,865
667,750
667,866
668,751
668,867
669,752
669,868
670,753
670,869
671,754
671,870
672,755
672,871
673,756
673,872
674,757
674,873
675,758
675,874
676,759
676,875
677,720
677,876
678,721
678,877
679,722
679,798
680,763
680,839
681,764
681,800
682,801
682,765
683,802
683,766
684,767
684,883
685,768
685,884
686,769
686,885
687,770
687,886
688,771
688,887
689,772
689,888
690,773
690,889
691,774
691,890
692,775
692,891
693,776
693,892
694,777
694,893
695,778
695,894
696,779
696,895
697,780
697,896
698,781
698,817
699,782
699,818
700,783
700,819
701,784
701,820
702,821
702,785
703,786
703,902
704,787
704,903
705,788
705,904
706,789
706,905
707,790
707,906
708,791
708,907
709,792
709,908
710,793
710,909
711,794
711,910
712,795
712,911
713,796
713,912
714,797
714,913
715,798
715,914
716,799
716,915
717,760
717,916
718,761
718,837
719,762
719,838
720,803
720,879
721,804
721,840
722,805
722,841
723,806
723,922
724,807
724,923
725,808
725,924
726,809
726,925
727,810
727,926
728,811
728,927
729,812
729,928
730,813
730,929
731,814
731,930
732,815
732,931
733,816
733,932
734,817
734,933
735,818
735,934
736,819
736,935
737,820
737,936
738,821
738,857
739,822
739,858
740,823
740,859
741,824
741,860
742,861
742,825
743,826
743,942
744,827
744,943
745,828
745,944
746,829
746,945
747,830
747,946
748,831
748,947
749,832
749,948
750,833
750,949
751,834
751,950
752,835
752,951
753,836
753,952
754,837
754,953
755,838
755,954
756,839
756,955
757,800
757,956
758,801
758,957
759,802
759,878
760,843
760,919
761,844
761,880
762,881
762,845
763,882
763,846
764,847
764,963
765,848
765,964
766,849
766,965
767,850
767,966
768,851
768,967
769,852
769,968
770,853
770,969
771,854
771,970
772,855
772,971
773,856
773,972
774,857
774,973
775,858
775,974
776,859
776,975
777,860
777,976
778,861
778,897
779,862
779,898
780,863
780,899
781,864
781,900
782,901
782,865
783,866
783,982
784,867
784,983
785,868
785,984
786,869
786,985
787,870
787,986
788,871
788,987
789,872
789,988
790,873
790,989
791,874
791,990
792,875
792,991
793,876
793,992
794,877
794,993
795,878
795,994
796,879
796,995
797,840
797,996
798,841
798,917
799,842
799,918
800,883
800,959
801,884
801,920
802,885
802,921
803,886
803,1002
804,887
804,1003
805,888
805,1004
806,889
806,1005
807,890
807,1006
808,891
808,1007
809,892
809,1008
810,893
810,1009
811,894
811,1010
812,895
812,1011
813,896
813,1012
814,897
814,1013
815,898
815,1014
816,899
816,1015
817,900
817,1016
818,901
818,937
819,902
819,938
820,903
820,939
821,904
821,940
822,941
822,905
823,906
823,1022
824,907
824,1023
825,908
825,1024
826,909
826,1025
827,910
827,1026
828,911
828,1027
829,912
829,1028
830,913
830,1029
831,914
831,1030
832,915
832,1031
833,916
833,1032
834,917
834,1033
835,918
835,1034
836,919
836,1035
837,880
837,1036
838,881
838,1037
839,882
839,958
840,923
840,999
841,924
841,960
842,961
842,925
843,962
843,926
844,927
844,1043
845,928
845,1044
846,929
846,1045
847,930
847,1046
848,931
848,1047
849,932
849,1048
850,933
850,1049
851,934
851,1050
852,935
852,1051
853,936
853,1052
854,937
854,1053
855,938
855,1054
856,939
856,1055
857,940
857,1056
858,941
858,977
859,942
859,978
860,943
860,979
861,944
861,980
862,981
862,945
863,946
863,1062
864,947
864,1063
865,948
865,1064
866,949
866,1065
867,950
867,1066
868,951
868,1067
869,952
869,1068
870,953
870,1069
871,954
871,1070
872,955
872,1071
873,956
873,1072
874,957
874,1073
875,958
875,1074
876,959
876,1075
877,920
877,1076
878,921
878,997
879,922
879,998
880,963
880,1039
881,964
881,1000
882,965
882,1001
883,966
883,1082
884,967
884,1083
885,968
885,1084
886,969
886,1085
887,970
887,1086
888,971
888,1087
889,972
889,1088
890,973
890,1089
891,974
891,1090
892,975
892,1091
893,976
893,1092
894,977
894,1093
895,978
895,1094
896,979
896,1095
897,980
897,1096
898,981
898,1017
899,982
899,1018
900,983
900,1019
901,984
901,1020
902,1021
902,985
903,986
903,1102
904,987
904,1103
905,988
905,1104
906,989
906,1105
907,990
907,1106
908,991
908,1107
909,992
909,1108
910,993
910,1109
911,994
911,1110
912,995
912,1111
913,996
913,1112
914,997
914,1113
915,998
915,1114
916,999
916,1115
917,960
917,1116
918,961
918,1117
919,962
919,1038
920,1003
920,1079
921,1004
921,1040
922,1041
922,1005
923,1042
923,1006
924,1007
924,1123
925,1008
925,1124
926,1009
926,1125
927,1010
927,1126
928,1011
928,1127
929,1012
929,1128
930,1013
930,1129
931,1014
931,1130
932,1015
932,1131
933,1016
933,1132
934,1017
934,1133
935,1018
935,1134
936,1019
936,1135
937,1020
937,1136
938,1021
938,1057
939,1022
939,1058
940,1023
940,1059
941,1024
941,1060
942,1061
942,1025
943,1026
943,1142
944,1027
944,1143
945,1028
945,1144
946,1029
946,1145
947,1030
947,1146
948,1031
948,1147
949,1032
949,1148
950,1033
950,1149
951,1034
951,1150
952,1035
952,1151
953,1036
953,1152
954,1037
954,1153
955,1038
955,1154
956,1039
956,1155
957,1000
957,1156
958,1001
958,1077
959,1002
959,1078
960,1043
960,1119
961,1044
961,1080
962,1045
962,1081
963,1046
963,1162
964,1047
964,1163
965,1048
965,1164
966,1049
966,1165
967,1050
967,1166
968,1051
968,1167
969,1052
969,1168
970,1053
970,1169
971,1054
971,1170
972,1055
972,1171
973,1056
973,1172
974,1057
974,1173
975,1058
975,1174
976,1059
976,1175
977,1060
977,1176
978,1061
978,1097
979,1062
979,1098
980,1063
980,1099
981,1064
981,1100
982,1101
982,1065
983,1066
983,1182
984,1067
984,1183
985,1068
985,1184
986,1069
986,1185
987,1070
987,1186
988,1071
988,1187
989,1072
989,1188
990,1073
990,1189
991,1074
991,1190
992,1075
992,1191
993,1076
993,1192
994,1077
994,1193
995,1078
995,1194
996,1079
996,1195
997,1040
997,1196
998,1041
998,1197
999,1042
999,1118
1000,1083
1000,1159
1001,1084
1001,1120
1002,1121
1002,1085
1003,1122
1003,1086
1004,1087
1004,1203
1005,1088
1005,1204
1006,1089
1006,1205
1007,1090
1007,1206
1008,1091
1008,1207
1009,1092
1009,1208
1010,1093
1010,1209
1011,1094
1011,1210
1012,1095
1012,1211
1013,1096
1013,1212
1014,1097
1014,1213
1015,1098
1015,1214
1016,1099
1016,1215
1017,1100
1017,1216
1018,1101
1018,1137
1019,1102
1019,1138
1020,1103
1020,1139
1021,1104
1021,1140
1022,1141
1022,1105
1023,1106
1023,1222
1024,1107
1024,1223
1025,1108
1025,1224
1026,1109
1026,1225
1027,1110
1027,1226
1028,1111
1028,1227
1029,1112
1029,1228
1030,1113
1030,1229
1031,1114
1031,1230
1032,1115
1032,1231
1033,1116
1033,1232
1034,1117
1034,1233
1035,1118
1035,1234
1036,1119
1036,1235
1037,1080
1037,1236
1038,1081
1038,1157
1039,1082
1039,1158
1040,1123
1040,1199
1041,1124
1041,1160
1042,1125
1042,1161
1043,1126
1043,1242
1044,1127
1044,1243
1045,1128
1045,1244
1046,1129
1046,1245
1047,1130
1047,1246
1048,1131
1048,1247
1049,1132
1049,1248
1050,1133
1050,1249
1051,1134
1051,1250
1052,1135
1052,1251
1053,1136
1053,1252
1054,1137
1054,1253
1055,1138
1055,1254
1056,1139
1056,1255
1057,1140
1057,1256
1058,1141
1058,1177
1059,1142
1059,1178
1060,1143
1060,1179
1061,1144
1061,1180
1062,1181
1062,1145
1063,1146
1063,1262
1064,1147
1064,1263
1065,1148
1065,1264
1066,1149
1066,1265
1067,1150
1067,1266
1068,1151
1068,1267
1069,1152
1069,1268
1070,1153
1070,1269
1071,1154
1071,1270
1072,1155
1072,1271
1073,1156
1073,1272
1074,1157
1074,1273
1075,1158
1075,1274
1076,1159
1076,1275
1077,1120
1077,1276
1078,1121
1078,1277
1079,1122
1079,1198
1080,1163
1080,1239
1081,1164
1081,1200
1082,1201
1082,1165
1083,1202
1083,1166
1084,1167
1084,1283
1085,1168
1085,1284
1086,1169
1086,1285
1087,1170
1087,1286
1088,1171
1088,1287
1089,1172
1089,1288
1090,1173
1090,1289
1091,1174
1091,1290
1092,1175
1092,1291
1093,1176
1093,1292
1094,1177
1094,1293
1095,1178
1095,1294
1096,1179
1096,1295
1097,1180
1097,1296
1098,1181
1098,1217
1099,1182
1099,1218
1100,1183
1100,1219
1101,1184
1101,1220
1102,1221
1102,1185
1103,1186
1103,1302
1104,1187
1104,1303
1105,1188
1105,1304
1106,1189
1106,1305
1107,1190
1107,1306
1108,1191
1108,1307
1109,1192
1109,1308
1110,1193
1110,1309
1111,1194
1111,1310
1112,1195
1112,1311
1113,1196
1113,1312
1114,1197
1114,1313
1115,1198
1115,1314
1116,1199
1116,1315
1117,1160
1117,1316
1118,1161
1118,1237
1119,1162
1119,1238
1120,1203
1120,1279
1121,1204
1121,1240
1122,1205
1122,1241
1123,1206
1123,1322
1124,1207
1124,1323
1125,1208
1125,1324
1126,1209
1126,1325
1127,1210
1127,1326
1128,1211
1128,1327
1129,1212
1129,1328
1130,1213
1130,1329
1131,1214
1131,1330
1132,1215
1132,1331
1133,1216
1133,1332
1134,1217
1134,1333
1135,1218
1135,1334
1136,1219
1136,1335
1137,1220
1137,1336
1138,1221
1138,1257
1139,1222
1139,1258
1140,1223
1140,1259
1141,1224
1141,1260
1142,1261
1142,1225
1143,1226
1143,1342
1144,1227
1144,1343
1145,1228
1145,1344
1146,1229
1146,1345
1147,1230
1147,1346
1148,1231
1148,1347
1149,1232
1149,1348
1150,1233
1150,1349
1151,1234
1151,1350
1152,1235
1152,1351
1153,1236
1153,1352
1154,1237
1154,1353
1155,1238
1155,1354
1156,1239
1156,1355
1157,1200
1157,1356
1158,1201
1158,1357
1159,1202
1159,1278
1160,1243
1160,1319
1161,1244
1161,1280
1162,1281
1162,1245
1163,1282
1163,1246
1164,1247
1164,1363
1165,1248
1165,1364
1166,1249
1166,1365
1167,1250
1167,1366
1168,1251
1168,1367
1169,1252
1169,1368
1170,1253
1170,1369
1171,1254
1171,1370
1172,1255
1172,1371
1173,1256
1173,1372
1174,1257
1174,1373
1175,1258
1175,1374
1176,1259
1176,1375
1177,1260
1177,1376
1178,1261
1178,1297
1179,1262
1179,1298
1180,1263
1180,1299
1181,1264
1181,1300
1182,1301
1182,1265
1183,1266
1183,1382
1184,1267
1184,1383
1185,1268
1185,1384
1186,1269
1186,1385
1187,1270
1187,1386
1188,1271
1188,1387
1189,1272
1189,1388
1190,1273
1190,1389
1191,1274
1191,1390
1192,1275
1192,1391
1193,1276
1193,1392
1194,1277
1194,1393
1195,1278
1195,1394
1196,1279
1196,1395
1197,1240
1197,1396
1198,1241
1198,1317
1199,1242
1199,1318
1200,1283
1200,1359
1201,1284
1201,1320
1202,1285
1202,1321
1203,1286
1203,1402
1204,1287
1204,1403
1205,1288
1205,1404
1206,1289
1206,1405
1207,1290
1207,1406
1208,1291
1208,1407
1209,1292
1209,1408
1210,1293
1210,1409
1211,1294
1211,1410
1212,1295
1212,1411
1213,1296
1213,1412
1214,1297
1214,1413
1215,1298
1215,1414
1216,1299
1216,1415
1217,1300
1217,1416
1218,1301
1218,1337
1219,1302
1219,1338
1220,1303
1220,1339
1221,1304
1221,1340
1222,1341
1222,1305
1223,1306
1223,1422
1224,1307
1224,1423
1225,1308
1225,1424
1226,1309
1226,1425
1227,1310
1227,1426
1228,1311
1228,1427
1229,1312
1229,1428
1230,1313
1230,1429
1231,1314
1231,1430
1232,1315
1232,1431
1233,1316
1233,1432
1234,1317
1234,1433
1235,1318
1235,1434
1236,1319
1236,1435
1237,1280
1237,1436
1238,1281
1238,1437
1239,1282
1239,1358
1240,1323
1240,1399
1241,1324
1241,1360
1242,1361
1242,1325
1243,1362
1243,1326
1244,1327
1244,1443
1245,1328
1245,1444
1246,1329
1246,1445
1247,1330
1247,1446
1248,1331
1248,1447
1249,1332
1249,1448
1250,1333
1250,1449
1251,1334
1251,1450
1252,1335
1252,1451
1253,1336
1253,1452
1254,1337
1254,1453
1255,1338
1255,1454
1256,1339
1256,1455
1257,1340
1257,1456
1258,1341
1258,1377
1259,1342
1259,1378
1260,1343
1260,1379
1261,1344
1261,1380
1262,1381
1262,1345
1263,1346
1263,1462
1264,1347
1264,1463
1265,1348
1265,1464
1266,1349
1266,1465
1267,1350
1267,1466
1268,1351
1268,1467
1269,1352
1269,1468
1270,1353
1270,1469
1271,1354
1271,1470
1272,1355
1272,1471
1273,1356
1273,1472
1274,1357
1274,1473
1275,1358
1275,1474
1276,1359
1276,1475
1277,1320
1277,1476
1278,1321
1278,1397
1279,1322
1279,1398
1280,1363
1280,1439
1281,1364
1281,1400
1282,1365
1282,1401
1283,1366
1283,1482
1284,1367
1284,1483
1285,1368
1285,1484
1286,1369
1286,1485
1287,1370
1287,1486
1288,1371
1288,1487
1289,1372
1289,1488
1290,1373
1290,1489
1291,1374
1291,1490
1292,1375
1292,1491
1293,1376
1293,1492
1294,1377
1294,1493
1295,1378
1295,1494
1296,1379
1296,1495
1297,1380
1297,1496
1298,1381
1298,1417
1299,1382
1299,1418
1300,1383
1300,1419
1301,1384
1301,1420
1302,1421
1302,1385
1303,1386
1303,1502
1304,1387
1304,1503
1305,1388
1305,1504
1306,1389
1306,1505
1307,1390
1307,1506
1308,1391
1308,1507
1309,1392
1309,1508
1310,1393
1310,1509
1311,1394
1311,1510
1312,1395
1312,1511
1313,1396
1313,1512
1314,1397
1314,1513
1315,1398
1315,1514
1316,1399
1316,1515
1317,1360
1317,1516
1318,1361
1318,1517
1319,1362
1319,1438
1320,1403
1320,1479
1321,1404
1321,1440
1322,1441
1322,1405
1323,1442
1323,1406
1324,1407
1324,1523
1325,1408
1325,1524
1326,1409
1326,1525
1327,1410
1327,1526
1328,1411
1328,1527
1329,1412
1329,1528
1330,1413
1330,1529
1331,1414
1331,1530
1332,1415
1332,1531
1333,1416
1333,1532
1334,1417
1334,1533
1335,1418
1335,1534
1336,1419
1336,1535
1337,1420
1337,1536
1338,1421
1338,1457
1339,1422
1339,1458
1340,1423
1340,1459
1341,1424
1341,1460
1342,1461
1342,1425
1343,1426
1343,1542
1344,1427
1344,1543
1345,1428
1345,1544
1346,1429
1346,1545
1347,1430
1347,1546
1348,1431
1348,1547
1349,1432
1349,1548
1350,1433
1350,1549
1351,1434
1351,1550
1352,1435
1352,1551
1353,1436
1353,1552
1354,1437
1354,1553
1355,1438
1355,1554
1356,1439
1356,1555
1357,1400
1357,1556
1358,1401
1358,1477
1359,1402
1359,1478
1360,1443
1360,1519
1361,1444
1361,1480
1362,1445
1362,1481
1363,1446
1363,1562
1364,1447
1364,1563
1365,1448
1365,1564
1366,1449
1366,1565
1367,1450
1367,1566
1368,1451
1368,1567
1369,1452
1369,1568
1370,1453
1370,1569
1371,1454
1371,1570
1372,1455
1372,1571
1373,1456
1373,1572
1374,1457
1374,1573
1375,1458
1375,1574
1376,1459
1376,1575
1377,1460
1377,1576
1378,1461
1378,1497
1379,1462
1379,1498
1380,1463
1380,1499
1381,1464
1381,1500
1382,1501
1382,1465
1383,1466
1383,1582
1384,1467
1384,1583
1385,1468
1385,1584
1386,1469
1386,1585
1387,1470
1387,1586
1388,1471
1388,1587
1389,1472
1389,1588
1390,1473
1390,1589
1391,1474
1391,1590
1392,1475
1392,1591
1393,1476
1393,1592
1394,1477
1394,1593
1395,1478
1395,1594
1396,1479
1396,1595
1397,1440
1397,1596
1398,1441
1398,1597
1399,1442
1399,1518
1400,1483
1400,1559
1401,1484
1401,1520
1402,1521
1402,1485
1403,1522
1403,1486
1404,1487
1405,1488
1406,1489
1407,1490
1408,1491
1409,1492
1410,1493
1411,1494
1412,1495
1413,1496
1414,1497
1415,1498
1416,1499
1417,1500
1418,1501
1418,1537
1419,1502
1419,1538
1420,1503
1420,1539
1421,1504
1421,1540
1422,1541
1422,1505
1423,1506
1424,1507
1425,1508
1426,1509
1427,1510
1428,1511
1429,1512
1430,1513
1431,1514
1432,1515
1433,1516
1434,1517
1435,1518
1436,1519
1437,1480
1438,1481
1438,1557
1439,1482
1439,1558
1440,1523
1440,1599
1441,1524
1441,1560
1442,1525
1442,1561
1443,1526
1444,1527
1445,1528
1446,1529
1447,1530
1448,1531
1449,1532
1450,1533
1451,1534
1452,1535
1453,1536
1454,1537
1455,1538
1456,1539
1457,1540
1458,1541
1458,1577
1459,1542
1459,1578
1460,1543
1460,1579
1461,1544
1461,1580
1462,1581
1462,1545
1463,1546
1464,1547
1465,1548
1466,1549
1467,1550
1468,1551
1469,1552
1470,1553
1471,1554
1472,1555
1473,1556
1474,1557
1475,1558
1476,1559
1477,1520
1478,1521
1479,1522
1479,1598
1480,1563
1481,1564
1482,1565
1483,1566
1484,1567
1485,1568
1486,1569
1487,1570
1488,1571
1489,1572
1490,1573
1491,1574
1492,1575
1493,1576
1494,1577
1495,1578
1496,1579
1497,1580
1498,1581
1499,1582
1500,1583
1501,1584
1502,1585
1503,1586
1504,1587
1505,1588
1506,1589
1507,1590
1508,1591
1509,1592
1510,1593
1511,1594
1512,1595
1513,1596
1514,1597
1515,1598
1516,1599
1517,1560
1518,1561
1519,1562
