0,1.6534406492089824,11.170056025482436,12.82349667469142
1,1.4590887670745518,11.521492772617771,12.980581539692324
2,1.2054947483262934,10.647076381752425,11.852571130078719
3,1.2027174793756896,8.843719877422018,10.046437356797707
4,1.487488809990674,8.477721605641193,9.965210415631867
5,1.7660544249001693,8.315727003041347,10.081781427941516
6,2.4457673288121926,11.674255350800786,14.12002267961298
7,2.196386436022276,11.691265368343824,13.8876518043661
8,1.9241449790895664,11.408855719301581,13.333000698391148
9,1.4937194971956698,10.849367764627962,12.343087261823632
10,1.3525872122319198,10.4650599138589,11.817647126090819
11,1.1178878221614585,9.377252122254635,10.495139944416094
12,1.1173710658209688,7.487783087365486,8.605154153186454
13,1.2646442309219035,7.48141690576654,8.746061136688443
14,1.4430938979180181,7.4813319412084605,8.924425839126478
15,1.9073133060764473,10.575777744031395,12.483091050107843
16,1.7398597543479686,10.481525846976815,12.221385601324783
17,1.6039078904564292,10.570877737497357,12.174785627953787
18,1.4081338305518678,10.374910766630943,11.783044597182812
19,1.2762669999177134,9.505404366849836,10.781671366767549
20,1.1499255889927886,7.938257526991387,9.088183115984176
21,1.120363412476729,6.888066851759346,8.008430264236075
22,1.7998256016363994,10.105761990974353,11.905587592610752
23,1.687085035461513,10.179301299494986,11.866386334956498
24,1.5958039709700398,10.349429267836387,11.945233238806427
25,1.5081391278289304,10.546057694137826,12.054196821966755
26,1.3987579785554802,9.951005057372276,11.349763035927756
27,1.2819527694324127,8.739425152223342,10.021377921655755
28,1.1716430137387381,7.982400364574267,9.154043378313006
29,1.1708763828181055,6.913218749544088,8.084095132362194
30,1.7410259997173294,10.051238923994738,11.792264923712068
31,1.6621042294005195,10.216411197970606,11.878515427371125
32,1.5851640374606921,10.526633396951679,12.11179743441237
33,1.497759159701504,10.413106355731339,11.910865515432842
34,99999.0,99999.0,99999.0
35,99999.0,99999.0,99999.0
36,99999.0,99999.0,99999.0
37,99999.0,99999.0,99999.0
38,99999.0,99999.0,99999.0
39,99999.0,99999.0,99999.0
40,1.6210790281227905,10.298567385036753,11.919646413159544
41,1.7349494056238521,7.729157868345664,9.464107273969516
42,1.510108026924843,7.810518111517992,9.320626138442835
43,1.235863356740975,8.241345059864878,9.477208416605853
44,1.2426995680816073,7.387839695772152,8.630539263853759
45,1.5674289266900223,6.908919036378134,8.476347963068157
46,1.8613287281941635,6.634871536874322,8.496200265068486
47,2.582929903979557,7.7349181526655055,10.317848056645062
48,2.3333910382417082,7.8395086289429345,10.172899667184643
49,2.0249166165113803,7.67735783365478,9.70227445016616
50,1.5725069450657794,7.149260823991037,8.721767769056816
51,99999.0,99999.0,99999.0
52,1.16176535325874,7.326364084318611,8.488129437577351
53,99999.0,99999.0,99999.0
54,1.330324602407957,5.894481127785069,7.224805730193026
55,99999.0,99999.0,99999.0
56,99999.0,99999.0,99999.0
57,1.8338210597081124,6.945032296951135,8.778853356659248
58,99999.0,99999.0,99999.0
59,1.481997094836281,6.776545849021979,8.258542943858261
60,1.3304222592676118,6.449900235724171,7.780322494991783
61,1.2059111521071655,6.025834651659652,7.231745803766818
62,1.1780058726231935,5.501305253839222,6.679311126462416
63,1.9089796027825991,6.7035264504873275,8.612506053269927
64,1.7790611385559223,6.672295913777327,8.451357052333249
65,1.6829591087704638,6.791911340504549,8.474870449275013
66,1.5901418462711134,6.857392895314706,8.44753474158582
67,99999.0,99999.0,99999.0
68,1.3432411755617002,6.193142227724309,7.536383403286009
69,99999.0,99999.0,99999.0
70,1.2430939707422146,5.36121847887789,6.604312449620105
71,99999.0,99999.0,99999.0
72,1.7704899389168727,6.749281563884234,8.519771502801106
73,99999.0,99999.0,99999.0
74,1.5904477586265617,6.791014715078449,8.38146247370501
75,99999.0,99999.0,99999.0
76,99999.0,99999.0,99999.0
77,99999.0,99999.0,99999.0
78,99999.0,99999.0,99999.0
79,99999.0,99999.0,99999.0
80,99999.0,99999.0,99999.0
81,1.747189768116513,6.762675718910859,8.509865487027371
82,1.8019469290828822,6.637417672697558,8.43936460178044
83,1.597794836755222,6.765634296212048,8.36342913296727
84,1.274484272245369,7.616383031068833,8.890867303314202
85,1.2829413074173073,6.951562174031228,8.234503481448535
86,1.6792273590210585,6.461275792110967,8.140503151132025
87,2.080534322762778,6.2853724335738805,8.365906756336658
88,2.8160918891346314,6.6437357359593765,9.459827625094007
89,2.6052867291327537,6.830528271283024,9.435815000415777
90,2.18741493415469,6.736819353719845,8.924234287874535
91,1.674257175245549,6.025221887198664,7.6994790624442135
92,1.4959193140148213,6.079791476673312,7.575710790688133
93,1.215000121805623,6.6459862655160435,7.860986387321667
94,1.2379890790706354,5.681115704637835,6.9191047837084705
95,1.5709773267698852,5.709686321102602,7.280663647872487
96,1.7022287722184406,5.3504146307161715,7.052643402934612
97,2.28018736988554,5.999647559134754,8.279834929020295
98,2.13754585869499,6.123056408320702,8.260602267015692
99,1.8347954172334306,5.965823889007057,7.800619306240487
100,1.5781258822776585,5.672208104721494,7.250333986999152
101,1.4121072980093683,5.629821612685072,7.04192891069444
102,1.3139373417667195,5.539969364282019,6.853906706048738
103,1.3117077036551994,5.211640014550107,6.523347718205306
104,2.2355864211881133,5.75729698932675,7.992883410514863
105,2.0197394201559624,5.6915261452698696,7.7112655654258315
106,1.8597461253326255,5.771556897113491,7.631303022446117
107,1.762639666105972,5.784835813794063,7.547475479900036
108,1.6337269995485786,5.554410716867858,7.188137716416437
109,1.5031301944298052,5.581843734631044,7.084973929060849
110,1.4791414653090287,5.735547015702791,7.2146884810118195
111,1.448160405628163,5.170773731596095,6.618934137224258
112,2.2924466484883537,5.784706657631992,8.077153306120346
113,2.0700001840079967,5.817098258132048,7.8870984421400445
114,1.9220796955598867,5.780215149044646,7.702294844604532
115,1.860121114701618,5.808688287024615,7.668809401726232
116,99999.0,99999.0,99999.0
117,99999.0,99999.0,99999.0
118,99999.0,99999.0,99999.0
119,99999.0,99999.0,99999.0
120,99999.0,99999.0,99999.0
121,99999.0,99999.0,99999.0
122,1.991521697147527,5.685999708516811,7.677521405664338
123,1.8878540584355918,6.23457004835295,8.122424106788541
124,99999.0,99999.0,99999.0
125,99999.0,99999.0,99999.0
126,1.3347607087249072,6.766175409344009,8.100936118068915
127,1.7135489455648762,6.166350767328686,7.879899712893563
128,99999.0,99999.0,99999.0
129,99999.0,99999.0,99999.0
130,99999.0,99999.0,99999.0
131,2.2247451633042146,6.187020853671453,8.411766016975667
132,99999.0,99999.0,99999.0
133,99999.0,99999.0,99999.0
134,99999.0,99999.0,99999.0
135,99999.0,99999.0,99999.0
136,99999.0,99999.0,99999.0
137,99999.0,99999.0,99999.0
138,99999.0,99999.0,99999.0
139,99999.0,99999.0,99999.0
140,99999.0,99999.0,99999.0
141,1.71333968584854,5.370241658136486,7.083581343985026
142,1.4936831077536028,5.38240199746185,6.876085105215452
143,99999.0,99999.0,99999.0
144,99999.0,99999.0,99999.0
145,2.6524941603223633,5.445056724821152,8.097550885143516
146,2.362359888042786,5.41191245051486,7.774272338557646
147,99999.0,99999.0,99999.0
148,99999.0,99999.0,99999.0
149,99999.0,99999.0,99999.0
150,1.6782079075960852,5.392449134534359,7.070657042130444
151,99999.0,99999.0,99999.0
152,1.684187889289943,5.266287913254969,6.950475802544911
153,99999.0,99999.0,99999.0
154,2.495008926818008,5.523098188731759,8.018107115549768
155,99999.0,99999.0,99999.0
156,2.1451629801664374,5.570359995402215,7.715522975568652
157,99999.0,99999.0,99999.0
158,99999.0,99999.0,99999.0
159,99999.0,99999.0,99999.0
160,99999.0,99999.0,99999.0
161,99999.0,99999.0,99999.0
162,99999.0,99999.0,99999.0
163,99999.0,99999.0,99999.0
164,2.2134575751080554,13.662556411322354,15.87601398643041
165,1.3376454651916676,10.537867131855315,11.875512597046981
166,1.1622802845332392,7.3869005074868115,8.549180792020051
167,1.3057380121949902,6.156959089587111,7.462697101782101
168,99999.0,99999.0,99999.0
169,2.271322736760748,6.765222598827422,9.036545335588169
170,2.406030202085054,7.532394967195424,9.938425169280478
171,2.7989162411326913,9.595924555604457,12.394840796737148
172,2.500455290995459,10.94561079746525,13.446066088460709
173,1.7842728523401672,9.100821474895072,10.88509432723524
174,1.2598950770100423,8.230666498481229,9.490561575491272
175,99999.0,99999.0,99999.0
176,1.323927518733122,5.6822822473759445,7.006209766109066
177,1.5011465271052091,5.442500858752639,6.943647385857847
178,3.8368555713635795,9.04370489966725,12.88056047103083
179,99999.0,99999.0,99999.0
180,3.091346358519543,11.307364920984497,14.39871127950404
181,1.9596875783667933,9.211762112245571,11.171449690612365
182,99999.0,99999.0,99999.0
183,1.3238541036084222,6.635284178563974,7.959138282172396
184,1.275493034757368,5.649353502797114,6.924846537554481
185,99999.0,99999.0,99999.0
186,3.6847749521037785,11.191520328615246,14.876295280719024
187,2.780766759535254,10.7287718569516,13.509538616486854
188,2.4439382420492164,10.49566131385846,12.939599555907677
189,1.8606338715679562,7.403964973067922,9.264598844635877
190,1.5273647740966578,6.563176299626577,8.090541073723235
191,99999.0,99999.0,99999.0
192,1.4681212038424152,5.839234566267914,7.307355770110329
193,3.1984765991991426,10.074719459022669,13.273196058221812
194,2.759920855814066,10.34390963590096,13.103830491715026
195,2.5750030223258227,10.349041772469247,12.92404479479507
196,99999.0,99999.0,99999.0
197,99999.0,99999.0,99999.0
198,1.6139483872532392,6.486738895557967,8.100687282811206
199,2.716931063178297,10.265802905677578,12.982733968855875
200,99999.0,99999.0,99999.0
201,2.296369778176883,9.454868893039755,11.751238671216639
202,2.0083978381271494,8.099664816989772,10.108062655116921
203,99999.0,99999.0,99999.0
204,1.3990205219148135,12.603387534625824,14.002408056540638
205,1.1415524093926652,8.109246155604469,9.250798564997133
206,1.2343346179867785,6.808722151920823,8.0430567699076
207,99999.0,99999.0,99999.0
208,99999.0,99999.0,99999.0
209,1.858601643496776,7.648746195097308,9.507347838594084
210,1.9012156971362433,9.15550984101874,11.056725538154982
211,99999.0,99999.0,99999.0
212,2.0540036739457483,13.037032605887664,15.091036279833412
213,1.3069202668103947,10.242738757415665,11.54965902422606
214,1.2028965968363894,6.774588040415202,7.9774846372515915
215,99999.0,99999.0,99999.0
216,99999.0,99999.0,99999.0
217,2.3262696156870444,8.032966292506844,10.359235908193888
218,2.5024533389013564,9.11201082045779,11.614464159359146
219,3.2006134899764236,12.424678745040739,15.625292235017163
220,2.8305411430287806,14.86086247494038,17.69140361796916
221,1.5341039083191557,8.66370485867448,10.197808766993635
222,1.3524338406488412,8.256242656219053,9.608676496867893
223,99999.0,99999.0,99999.0
224,2.513044339188641,8.217850688205669,10.73089502739431
225,2.800027373063442,9.602799597820223,12.402826970883664
226,3.691182377745423,13.170965305060955,16.862147682806377
227,99999.0,99999.0,99999.0
228,2.106053088283852,9.332884342686066,11.438937430969919
229,1.4878571624759431,7.339363745459351,8.827220907935294
230,99999.0,99999.0,99999.0
231,99999.0,99999.0,99999.0
232,3.240738722604752,9.286767977941224,12.527506700545976
233,4.435768393165438,12.421503416785287,16.857271809950724
234,99999.0,99999.0,99999.0
235,3.8097737679471515,13.999953690618637,17.80972745856579
236,1.7003189496942013,7.2133120681045835,8.913631017798785
237,99999.0,99999.0,99999.0
238,4.821210392540156,13.181896763070782,18.003107155610937
239,99999.0,99999.0,99999.0
240,4.336598128850225,15.508757123700391,19.84535525255062
241,2.520140909196606,11.254373707292363,13.774514616488968
242,3.0713146386318595,10.342365671639326,13.413680310271186
243,1.1826164343008316,9.406303040431027,10.588919474731858
244,1.159862149394959,7.6830436361326875,8.842905785527647
245,1.2151499115650357,7.1380967264615425,8.353246638026578
246,99999.0,99999.0,99999.0
247,99999.0,99999.0,99999.0
248,1.315966534588524,9.087293222953413,10.403259757541937
249,1.4652291529374675,11.188605418614776,12.653834571552244
250,1.5360952675985546,10.813578187285334,12.349673454883888
251,99999.0,99999.0,99999.0
252,1.456288147352027,8.337972195211545,9.794260342563572
253,1.2945381267276033,7.434940523188857,8.72947864991646
254,1.303656999282288,7.207187304825171,8.510844304107458
255,99999.0,99999.0,99999.0
256,99999.0,99999.0,99999.0
257,1.4638527368274263,10.98388004041576,12.447732777243187
258,1.4799392212943827,10.250330961850402,11.730270183144786
259,1.740978164499298,9.917260161291832,11.65823832579113
260,99999.0,99999.0,99999.0
261,1.6911630294587563,7.925742597611702,9.616905627070459
262,1.8161041198031573,9.760912423066426,11.577016542869583
263,99999.0,99999.0,99999.0
264,99999.0,99999.0,99999.0
265,1.478395735989341,10.78327248466104,12.261668220650382
266,1.5773306038560868,9.633738983578118,11.211069587434205
267,1.983549662274374,9.168593146746357,11.15214280902073
268,99999.0,99999.0,99999.0
269,1.9486122631955238,7.744728420208624,9.693340683404148
270,1.872796421945112,10.351332088157159,12.224128510102272
271,99999.0,99999.0,99999.0
272,99999.0,99999.0,99999.0
273,1.5159899655992366,10.160606100102926,11.676596065702164
274,1.6841570280156821,9.171898242636239,10.856055270651922
275,2.2235928588098495,8.729021531836002,10.952614390645852
276,1.8671580203441418,10.781947993884835,12.649106014228977
277,99999.0,99999.0,99999.0
278,99999.0,99999.0,99999.0
279,1.5499982219211514,9.654328046565931,11.204326268487083
280,99999.0,99999.0,99999.0
281,1.4658974813232157,8.762614010514522,10.228511491837738
282,1.3912696542119822,7.535698671635081,8.926968325847064
283,1.3134601518912126,6.505539680770585,7.818999832661798
284,1.24262058070838,6.626531142475242,7.869151723183622
285,1.1973478398279698,6.904045110109436,8.101392949937406
286,1.2029627377103629,7.376494907181759,8.579457644892122
287,1.1992384652850996,7.6586814261892435,8.857919891474342
288,1.197200687370149,8.243817237030829,9.441017924400978
289,1.4462775061705033,8.555428512584253,10.001706018754756
290,99999.0,99999.0,99999.0
291,1.8338457142459736,8.717769545482174,10.551615259728148
292,1.352786778792598,6.611104456096232,7.96389123488883
293,1.2723097163868353,6.803545713177663,8.075855429564498
294,1.2261650141033191,7.095779939698044,8.321944953801363
295,1.2101635093133123,7.267846345718315,8.478009855031628
296,1.197998545745715,7.32229201646648,8.520290562212194
297,1.2199522914163075,7.2409143168467285,8.460866608263036
298,1.3287402284794334,7.4861742240161275,8.814914452495561
299,1.4053596416242478,6.688440717870123,8.09380035949437
300,99999.0,99999.0,99999.0
301,1.278696575133175,7.11211550221558,8.390812077348755
302,1.233990717978059,7.1974548366707625,8.431445554648821
303,1.25786951809411,7.156450270157836,8.414319788251946
304,1.2511942832663743,7.089624183906457,8.34081846717283
305,1.250587701826342,7.073967611277458,8.324555313103799
306,1.333499229977953,6.889800863675518,8.22330009365347
307,99999.0,99999.0,99999.0
308,1.3794398477968344,6.973601820885494,8.353041668682328
309,99999.0,99999.0,99999.0
310,1.285878472160396,7.165017806202858,8.450896278363254
311,1.2939517927460487,7.098933979344405,8.392885772090454
312,1.2683396877415256,6.877305266493375,8.1456449542349
313,1.5241291686671232,7.256986591806079,8.781115760473202
314,99999.0,99999.0,99999.0
315,1.3386378293107781,7.068272633659727,8.406910462970504
316,99999.0,99999.0,99999.0
317,99999.0,99999.0,99999.0
318,2.2299393411384827,8.158315733313001,10.388255074451484
319,1.5595575774632022,5.660909200955164,7.220466778418366
320,1.481763121856632,5.685069508883261,7.1668326307398935
321,99999.0,99999.0,99999.0
322,1.331699796598235,6.002496941814708,7.334196738412943
323,99999.0,99999.0,99999.0
324,1.1611307422108965,6.762310050414572,7.923440792625469
325,1.313220205183823,6.426104706940713,7.739324912124536
326,1.6566893720316764,6.826290492182825,8.482979864214501
327,2.3088393877030016,7.51578316457925,9.824622552282252
328,1.5587196510680064,5.47154774935081,7.030267400418817
329,99999.0,99999.0,99999.0
330,1.3824312627082218,5.776020995597668,7.15845225830589
331,99999.0,99999.0,99999.0
332,1.2369979054335265,5.843053230532071,7.080051135965597
333,1.2076224373982707,5.7637554479984505,6.971377885396722
334,99999.0,99999.0,99999.0
335,1.6107514205432603,5.515540454292105,7.126291874835365
336,1.5206807656534114,5.556883948390037,7.077564714043448
337,99999.0,99999.0,99999.0
338,1.3643875831078707,5.763775927200808,7.128163510308678
339,99999.0,99999.0,99999.0
340,1.2914948264117576,5.614280452675393,6.905775279087151
341,99999.0,99999.0,99999.0
342,1.2746424570435038,5.278249399738199,6.552891856781702
343,1.6824546988550444,5.647876977073201,7.330331675928246
344,1.593455791158603,5.724622141939082,7.318077933097685
345,1.4779155952293066,5.741229567790798,7.219145163020105
346,1.4088097969796494,5.750575895930398,7.159385692910047
347,1.3729642311318788,5.595341567000202,6.96830579813208
348,1.3164075156592585,5.465841918614643,6.7822494342739015
349,99999.0,99999.0,99999.0
350,99999.0,99999.0,99999.0
351,1.4957088589771534,5.7218877677029845,7.2175966266801375
352,1.4498559088288165,5.689162682044816,7.139018590873633
353,99999.0,99999.0,99999.0
354,99999.0,99999.0,99999.0
355,1.8346955289990365,5.57896388514931,7.413659414148347
356,1.565515402464381,5.411329865950279,6.97684526841466
357,99999.0,99999.0,99999.0
358,1.3632753665113193,5.572340923212989,6.935616289724308
359,1.1962762629751043,6.233214555637361,7.429490818612465
360,99999.0,99999.0,99999.0
361,99999.0,99999.0,99999.0
362,2.1457659267944864,6.2203138427276645,8.366079769522152
363,2.0194229812543,5.301670914511313,7.321093895765612
364,99999.0,99999.0,99999.0
365,1.6144397886052386,5.2566353955792025,6.871075184184441
366,1.475127347849694,5.335631346078888,6.810758693928582
367,99999.0,99999.0,99999.0
368,1.3159737662774222,5.3545390570011655,6.670512823278588
369,99999.0,99999.0,99999.0
370,99999.0,99999.0,99999.0
371,1.8867323849324025,5.222063821434304,7.108796206366707
372,1.7011766352132174,5.180807578143091,6.881984213356309
373,99999.0,99999.0,99999.0
374,1.5452908955216222,5.162120745678744,6.707411641200366
375,1.4614727775429712,5.245364928955935,6.706837706498906
376,99999.0,99999.0,99999.0
377,1.4464878631070441,5.116099022866065,6.562586885973109
378,2.379285083915914,5.403893142443487,7.783178226359402
379,2.023258451325772,5.2743252746284375,7.29758372595421
380,99999.0,99999.0,99999.0
381,99999.0,99999.0,99999.0
382,1.6574317545581225,5.177504622506208,6.834936377064331
383,99999.0,99999.0,99999.0
384,2.28119896265525,5.452232722327536,7.733431684982786
385,99999.0,99999.0,99999.0
386,1.8695862764109756,5.283951198058865,7.153537474469841
387,1.873672690206462,5.431828761842892,7.305501452049354
388,2.1075201289293046,5.380919527055054,7.488439655984359
389,4.35680909399828,7.911186388236453,12.267995482234733
390,3.228785815941009,7.272828440239082,10.50161425618009
391,99999.0,99999.0,99999.0
392,1.7806984796340684,6.2294444579405175,8.010142937574585
393,99999.0,99999.0,99999.0
394,1.3451748173830143,5.452998081690288,6.798172899073302
395,99999.0,99999.0,99999.0
396,2.129548108958275,5.307779406035005,7.43732751499328
397,99999.0,99999.0,99999.0
398,2.692028415746882,5.834543610937731,8.526572026684612
399,2.252849574423831,5.610630671236607,7.863480245660439
400,1.9272286133867087,5.58900206381201,7.516230677198719
401,1.6695022949191498,5.6345254342585696,7.30402772917772
402,99999.0,99999.0,99999.0
403,99999.0,99999.0,99999.0
404,3.5854961895037714,6.1127015312531245,9.698197720756896
405,99999.0,99999.0,99999.0
406,2.2903291052757786,5.41533277634266,7.705661881618438
407,99999.0,99999.0,99999.0
408,1.957920274741478,5.304034584783412,7.26195485952489
409,1.850372102402031,5.48302597281514,7.333398075217171
410,99999.0,99999.0,99999.0
411,1.8017230796488697,5.171121920434665,6.9728450000835345
412,3.02031314169445,5.534823016028822,8.555136157723272
413,99999.0,99999.0,99999.0
414,99999.0,99999.0,99999.0
415,2.2245374467188164,5.3968391433947005,7.621376590113517
416,2.1683322450621914,5.301860924189577,7.470193169251768
417,99999.0,99999.0,99999.0
418,2.9252335063190977,5.488784712311891,8.41401821863099
419,99999.0,99999.0,99999.0
420,2.5327340643320495,5.465655046556932,7.998389110888981
421,2.3059287672913924,5.350868133757975,7.656796901049367
422,2.741684287246366,5.416381264570037,8.158065551816403
423,3.988542457133986,9.234704297077728,13.223246754211715
424,2.037629040581094,6.268485840414543,8.306114880995636
425,1.6630885633544668,6.244294793629627,7.907383356984093
426,99999.0,99999.0,99999.0
427,1.264804484575374,5.551197374671094,6.816001859246469
428,99999.0,99999.0,99999.0
429,1.742958596599905,5.033767928331756,6.776726524931661
430,3.6990402019178097,7.2302967537341285,10.929336955651937
431,99999.0,99999.0,99999.0
432,2.2857991456291686,6.2332708115889055,8.519069957218074
433,99999.0,99999.0,99999.0
434,1.5350022796945701,5.81363588819494,7.3486381678895105
435,99999.0,99999.0,99999.0
436,1.4079243194897257,5.115475756190823,6.523400075680549
437,2.9249617091753017,6.168726773290642,9.093688482465943
438,2.6533095554154387,6.194755027133961,8.8480645825494
439,99999.0,99999.0,99999.0
440,2.050725736171232,5.918480102354068,7.9692058385252995
441,1.8045324137178338,5.427535381373415,7.232067795091249
442,1.6336255084683222,5.537091619845527,7.170717128313849
443,99999.0,99999.0,99999.0
444,1.60449000926914,5.109066625331922,6.713556634601062
445,99999.0,99999.0,99999.0
446,2.4396003610988877,5.901699792642896,8.341300153741784
447,99999.0,99999.0,99999.0
448,2.083454549891613,5.697058831469814,7.780513381361427
449,1.8408583366723574,5.338983784064276,7.179842120736634
450,1.695631946746945,5.239915535136597,6.9355474818835425
451,2.5070559344364503,5.8589180709565545,8.365974005393005
452,2.450763149306355,5.890370106994691,8.341133256301045
453,99999.0,99999.0,99999.0
454,2.0451701799100315,5.506437046535442,7.551607226445474
455,99999.0,99999.0,99999.0
456,2.120785151053812,7.450807455466391,9.571592606520202
457,99999.0,99999.0,99999.0
458,1.2458176228934552,7.21715806150714,8.462975684400595
459,1.207753298002138,5.749365592901409,6.957118890903547
460,1.3602405965847368,5.299313222087605,6.659553818672341
461,1.5430220132445267,5.054301779410387,6.5973237926549135
462,4.515096818981506,9.339283334617969,13.854380153599475
463,3.115451180496228,7.973424049332387,11.088875229828615
464,2.486599330986135,7.69324997754172,10.179849308527855
465,1.8018759460304083,6.678271441762257,8.480147387792664
466,1.493847499866125,6.365505276623469,7.859352776489594
467,1.3314030345318144,5.833019056386794,7.164422090918609
468,99999.0,99999.0,99999.0
469,3.209605098712373,7.576968767851255,10.786573866563629
470,2.6167064232335813,7.164921971896047,9.781628395129628
471,99999.0,99999.0,99999.0
472,2.1339275296172633,7.204799897528674,9.338727427145937
473,99999.0,99999.0,99999.0
474,1.5178738404143393,5.867918098933902,7.385791939348241
475,1.4240506820725494,5.766848197201851,7.1908988792744
476,1.484010571369566,5.275429399431679,6.759439970801244
477,2.6213315116513893,6.9742778354040595,9.595609347055449
478,2.389014274492537,6.976179247296911,9.365193521789449
479,2.239224879149883,6.971880158313388,9.211105037463271
480,2.055393785885951,6.6745206669588,8.729914452844751
481,1.7595786502801736,5.8377395365383435,7.597318186818518
482,1.5713629811331726,5.54079467932112,7.112157660454293
483,2.415207813733883,6.91343947339212,9.328647287126003
484,99999.0,99999.0,99999.0
485,2.0916850777916185,6.622570801803786,8.714255879595404
486,1.9166951777799464,6.245130745750508,8.161825923530454
487,2.12107446367404,6.358273777091208,8.479348240765248
488,2.1237669663561274,12.164610812573969,14.288377778930096
489,1.338231447287696,8.268240020284788,9.606471467572483
490,1.2426127235764852,6.147460771759982,7.390073495336467
491,99999.0,99999.0,99999.0
492,99999.0,99999.0,99999.0
493,2.4235097473576763,6.581305859117083,9.004815606474759
494,2.6094351569548473,7.626888293072653,10.2363234500275
495,3.321755816778417,11.00244614927243,14.324201966050847
496,3.0756594966631203,11.419037443875649,14.49469694053877
497,1.6070634959315475,7.32054061983975,8.927604115771297
498,1.4052105590639623,6.580968704754238,7.9861792638182
499,99999.0,99999.0,99999.0
500,2.6671572520728226,6.530430925138988,9.19758817721181
501,2.9982977196693774,7.714357744673343,10.71265546434272
502,3.9475908132040907,10.658289103074448,14.605879916278539
503,99999.0,99999.0,99999.0
504,2.1856305116161745,8.119122206275499,10.304752717891674
505,1.5465929990892961,6.408418682957434,7.95501168204673
506,99999.0,99999.0,99999.0
507,99999.0,99999.0,99999.0
508,3.35710208807685,7.613838005604274,10.970940093681124
509,4.639362039642994,10.994070414401277,15.633432454044272
510,99999.0,99999.0,99999.0
511,3.993257845526441,11.691892699338641,15.685150544865083
512,1.8062586387811084,6.129636266604343,7.935894905385451
513,99999.0,99999.0,99999.0
514,5.088454688117347,10.702624860983846,15.791079549101193
515,99999.0,99999.0,99999.0
516,4.582872037348971,11.898404098012527,16.481276135361497
517,2.6993614240868826,8.306999783317622,11.006361207404504
518,3.207086858860377,8.33174848946221,11.538835348322587
519,1.45833321043803,8.49029677525806,9.948629985696089
520,99999.0,99999.0,99999.0
521,1.3178049120008468,5.860422119929804,7.178227031930651
522,99999.0,99999.0,99999.0
523,99999.0,99999.0,99999.0
524,1.8945659993446986,8.052716310814136,9.947282310158833
525,99999.0,99999.0,99999.0
526,2.4908568936864257,12.736255382351834,15.227112276038259
527,1.8566025589795325,8.929057907800168,10.7856604667797
528,1.5015144167749925,7.117733297841196,8.619247714616188
529,99999.0,99999.0,99999.0
530,2.032992452660627,7.828599390618904,9.86159184327953
531,1.9826454676395333,8.653574529537712,10.636219997177246
532,99999.0,99999.0,99999.0
533,2.140252649777003,11.554629005543203,13.694881655320206
534,99999.0,99999.0,99999.0
535,1.7210603683988932,7.630016770535261,9.351077138934155
536,99999.0,99999.0,99999.0
537,1.4930496691475865,6.144120160600969,7.637169829748555
538,99999.0,99999.0,99999.0
539,2.1493025207026775,10.17748115118716,12.326783671889839
540,99999.0,99999.0,99999.0
541,2.407594191610929,12.430140860323553,14.837735051934482
542,2.246511583984326,8.938169276081803,11.184680860066129
543,1.6638607518884145,7.05185343924617,8.715714191134584
544,2.1804052889206735,10.438097163558655,12.61850245247933
545,99999.0,99999.0,99999.0
546,2.346431357284047,12.146237514761344,14.49266887204539
547,2.8152650282833385,12.208001334383733,15.023266362667071
548,2.602935876444163,11.612287400308855,14.215223276753019
549,1.442926160980716,7.573402198180341,9.016328359161058
550,1.251615888713859,6.533744156808935,7.785360045522794
551,1.2654208480384777,6.159295925564436,7.424716773602913
552,99999.0,99999.0,99999.0
553,99999.0,99999.0,99999.0
554,1.347302972972359,7.75338965853379,9.10069263150615
555,1.4009118022874154,7.566561899421992,8.967473701709407
556,1.6992555953265465,8.008314839936808,9.707570435263355
557,99999.0,99999.0,99999.0
558,1.7003130130812771,7.077556443484198,8.777869456565476
559,1.7734590793537341,7.150568125106195,8.924027204459929
560,99999.0,99999.0,99999.0
561,99999.0,99999.0,99999.0
562,1.3688533401236578,7.6536218558531175,9.022475195976774
563,1.5075956717330585,7.0476882303689194,8.555283902101978
564,2.0084177893354833,7.745976449949853,9.754394239285336
565,99999.0,99999.0,99999.0
566,2.0234192717089434,7.03858040095038,9.061999672659324
567,1.8981191960031079,7.264333303082031,9.16245249908514
568,99999.0,99999.0,99999.0
569,99999.0,99999.0,99999.0
570,1.4273563891792556,7.173803814010838,8.601160203190094
571,1.6245699286477138,6.844687642247615,8.469257570895328
572,2.2284335830932993,7.5619373452094525,9.790370928302751
573,1.8212935228044218,7.469078335476202,9.290371858280624
574,99999.0,99999.0,99999.0
575,99999.0,99999.0,99999.0
576,1.4814561442355985,6.895809045755421,8.37726518999102
577,99999.0,99999.0,99999.0
578,1.5394556856101969,7.062309351006268,8.601765036616465
579,99999.0,99999.0,99999.0
580,99999.0,99999.0,99999.0
581,99999.0,99999.0,99999.0
582,99999.0,99999.0,99999.0
583,1.301168168439753,5.991387586125441,7.2925557545651944
584,99999.0,99999.0,99999.0
585,1.5274602594014441,6.899106764914996,8.42656702431644
586,1.8380352806138092,8.042809424765423,9.880844705379232
587,99999.0,99999.0,99999.0
588,1.4099110118400966,5.77313953984118,7.183050551681276
589,1.3241104130645225,5.829372846041571,7.1534832591060935
590,1.2891509722712238,5.905321895575405,7.1944728678466285
591,99999.0,99999.0,99999.0
592,1.4574346168950318,6.338236085543326,7.7956707024383585
593,99999.0,99999.0,99999.0
594,1.748316105186218,6.99461230871719,8.742928413903407
595,99999.0,99999.0,99999.0
596,1.540090357922393,6.050157910571345,7.590248268493738
597,99999.0,99999.0,99999.0
598,99999.0,99999.0,99999.0
599,1.4430790623414549,5.9712588403317275,7.414337902673182
600,1.5009135393140187,6.302564409240319,7.803477948554338
601,1.6111506143427967,5.947444643206241,7.558595257549038
602,99999.0,99999.0,99999.0
603,1.4236517363965318,5.875304401276703,7.298956137673235
604,1.407570225842272,5.790110082451735,7.197680308294006
605,1.5698662096557723,5.914856627420417,7.484722837076189
606,2.133760464890462,6.952736404182864,9.086496869073326
607,1.811894689697575,5.365767753138851,7.177662442836426
608,1.622015366961652,5.365259332204455,6.987274699166107
609,99999.0,99999.0,99999.0
610,99999.0,99999.0,99999.0
611,1.313431321941699,5.467067317209925,6.780498639151624
612,1.3716964467953532,5.708782285012064,7.080478731807418
613,99999.0,99999.0,99999.0
614,1.8993958767306847,5.28582965006775,7.185225526798435
615,99999.0,99999.0,99999.0
616,1.6166223740217942,5.308960834494242,6.925583208516036
617,99999.0,99999.0,99999.0
618,1.4876218899478584,5.39366924571761,6.881291135665468
619,99999.0,99999.0,99999.0
620,99999.0,99999.0,99999.0
621,1.5887045403794144,5.8409725060378,7.429677046417215
622,99999.0,99999.0,99999.0
623,1.9604027596113893,5.517524273085051,7.47792703269644
624,99999.0,99999.0,99999.0
625,1.5780880490961897,5.4259602177032615,7.004048266799451
626,1.5944853711930687,5.426507902066083,7.020993273259152
627,99999.0,99999.0,99999.0
628,2.0561370819636946,5.482480529855312,7.5386176118190065
629,99999.0,99999.0,99999.0
630,1.6737469037247654,5.338783809682054,7.01253071340682
631,99999.0,99999.0,99999.0
632,99999.0,99999.0,99999.0
633,99999.0,99999.0,99999.0
634,1.8467368871459307,5.03482675654702,6.881563643692951
635,99999.0,99999.0,99999.0
636,1.5381779933691897,5.178848746775874,6.717026740145064
637,1.3828041177655914,5.120283078726371,6.503087196491962
638,1.3661381759587639,5.235169430561582,6.601307606520345
639,1.50225615870176,5.4217934420732945,6.924049600775055
640,2.4446917793125893,5.244124278740746,7.688816058053336
641,2.1201075865559167,5.12934142039998,7.249449006955897
642,1.884043200405062,5.083319298343788,6.96736249874885
643,99999.0,99999.0,99999.0
644,99999.0,99999.0,99999.0
645,1.5674059868787662,5.1948063573008305,6.762212344179597
646,99999.0,99999.0,99999.0
647,99999.0,99999.0,99999.0
648,99999.0,99999.0,99999.0
649,2.4848238306822013,5.538010954934773,8.022834785616974
650,99999.0,99999.0,99999.0
651,1.950265371121012,5.441638668858283,7.391904039979295
652,1.8025927506123294,5.110660064866538,6.9132528154788675
653,1.6858632495912653,5.2441033900008485,6.929966639592114
654,2.5721491003149564,5.373047336585422,7.945196436900378
655,99999.0,99999.0,99999.0
656,2.0637291270130316,5.268797113981383,7.332526240994414
657,1.8983331662970133,5.108618372546371,7.006951538843385
658,2.337847399753344,5.410783170175537,7.748630569928881
659,4.278258828191271,7.662409439093429,11.9406682672847
660,99999.0,99999.0,99999.0
661,2.1411442984521676,6.057064600679012,8.19820889913118
662,1.701968113126928,6.219574630656038,7.921542743782966
663,99999.0,99999.0,99999.0
664,1.6056467033360775,5.252387029239992,6.85803373257607
665,4.82946681796803,7.312052066193405,12.141518884161435
666,99999.0,99999.0,99999.0
667,2.743917383803615,6.1527451778578435,8.896662561661458
668,2.4725567733178866,6.039717164866645,8.512273938184531
669,99999.0,99999.0,99999.0
670,1.93868079901974,5.864250436609614,7.802931235629354
671,99999.0,99999.0,99999.0
672,1.9792050104319152,5.4868034244917085,7.466008434923624
673,99999.0,99999.0,99999.0
674,99999.0,99999.0,99999.0
675,99999.0,99999.0,99999.0
676,2.481163643551808,5.933038492296217,8.414202135848026
677,2.191344800959506,5.430559445532943,7.6219042464924485
678,2.0093020869496923,5.414978007537988,7.4242800944876794
679,3.045217242103621,5.930646328461256,8.975863570564877
680,99999.0,99999.0,99999.0
681,2.6107685626015074,5.7735270996617585,8.384295662263266
682,2.387344368735212,5.592675114047499,7.980019482782711
683,2.7633480397365857,5.7415586718512905,8.504906711587877
684,3.2850305377990514,8.087405622772817,11.37243616057187
685,99999.0,99999.0,99999.0
686,99999.0,99999.0,99999.0
687,99999.0,99999.0,99999.0
688,1.487414811911811,5.230080351866174,6.7174951637779845
689,99999.0,99999.0,99999.0
690,4.156305949697299,7.931878512253185,12.088184461950483
691,99999.0,99999.0,99999.0
692,2.649377177502587,7.150000037675973,9.79937721517856
693,2.0372474266706635,6.1605472009124425,8.197794627583106
694,1.714966376473974,5.953856019742109,7.6688223962160835
695,99999.0,99999.0,99999.0
696,1.7960287978463712,5.391005192494764,7.187033990341135
697,3.5276783810938444,7.022220582525335,10.54989896361918
698,3.087292386187288,7.127073993350365,10.214366379537653
699,99999.0,99999.0,99999.0
700,99999.0,99999.0,99999.0
701,99999.0,99999.0,99999.0
702,1.864948609438337,5.58262752996141,7.4475761393997475
703,99999.0,99999.0,99999.0
704,99999.0,99999.0,99999.0
705,99999.0,99999.0,99999.0
706,2.2782452530374777,6.091557508312307,8.369802761349785
707,99999.0,99999.0,99999.0
708,2.4579759631906946,8.979800236713734,11.437776199904429
709,1.6170054730019436,6.9778931484026785,8.594898621404623
710,1.446266964780085,6.22007456057821,7.666341525358295
711,1.4301652428382097,5.431047774151682,6.8612130169898915
712,3.387950605331129,7.010141424591642,10.39809202992277
713,4.464724103548991,9.288618265345296,13.753342368894288
714,3.942467185036811,10.454573712871769,14.39704089790858
715,3.379028854207711,10.544802675137191,13.923831529344902
716,99999.0,99999.0,99999.0
717,99999.0,99999.0,99999.0
718,99999.0,99999.0,99999.0
719,1.658688720695063,5.411080081775765,7.069768802470827
720,99999.0,99999.0,99999.0
721,3.766037570610556,10.11178032392819,13.877817894538747
722,99999.0,99999.0,99999.0
723,2.874202396314102,9.130886978043337,12.00508937435744
724,1.8958598823689183,5.863690429102889,7.759550311471807
725,1.6991601409076877,5.801503959022089,7.500664099929777
726,3.678124425066315,9.85460068341434,13.532725108480655
727,3.4257221446786943,10.054167355267035,13.47988949994573
728,2.984268501817684,9.117001075817047,12.101269577634731
729,2.3691136353317366,7.136434260745683,9.50554789607742
730,99999.0,99999.0,99999.0
731,1.705814179598536,7.432010063594763,9.137824243193299
732,1.4657148212292228,6.079759918980507,7.5454747402097295
733,1.3789479933080795,5.377025029615549,6.755973022923628
734,2.2873493272584877,6.386430746197312,8.673780073455799
735,2.355039019231874,7.190805631752788,9.545844650984662
736,2.5976143432894645,9.038349063638968,11.635963406928433
737,3.0685222484559245,10.971040438428398,14.039562686884322
738,2.5572586016156693,8.948223124218124,11.505481725833793
739,1.6251356990508996,6.253952192326392,7.879087891377292
740,99999.0,99999.0,99999.0
741,1.516069459717484,5.32583814769246,6.841907607409944
742,99999.0,99999.0,99999.0
743,2.8326887090723925,9.10567158819891,11.938360297271302
744,3.19885032120204,10.496427819258754,13.695278140460793
745,3.943183070028066,11.643321833278849,15.586504903306915
746,1.900410585631777,6.456542050004184,8.356952635635961
747,1.599325795883149,5.652194387332607,7.251520183215756
748,99999.0,99999.0,99999.0
749,3.202270763099271,10.296841436974855,13.499112200074126
750,3.5995692834205646,10.521905691821328,14.121474975241892
751,3.578408381540194,10.246424170964387,13.824832552504581
752,99999.0,99999.0,99999.0
753,1.788515279745719,6.9898567802998866,8.778372060045605
754,1.526280375526519,5.822478828632567,7.348759204159086
755,99999.0,99999.0,99999.0
756,1.7016446967280534,6.701993016844687,8.40363771357274
757,1.6673008826515272,6.976350423380319,8.643651306031847
758,1.636628051970476,7.153733967943615,8.790362019914092
759,1.935803158110314,7.6535412724358824,9.589344430546197
760,2.1976702344029717,8.042730151732858,10.24040038613583
761,1.786848417033106,6.685140369523557,8.471988786556663
762,1.6270571136481786,5.669414103756523,7.296471217404702
763,1.8597459791259765,6.9101687560115135,8.76991473513749
764,1.7379959347552822,6.9751360657316575,8.71313200048694
765,1.6906753171095577,7.021799910311749,8.712475227421306
766,99999.0,99999.0,99999.0
767,2.3219229971691773,8.531646765231713,10.853569762400891
768,2.075538976121245,7.21765915580018,9.293198131921425
769,1.835914963576025,7.035737288338938,8.871652251914963
770,99999.0,99999.0,99999.0
771,1.7174195176011033,6.99714667149189,8.714566189092993
772,1.7859019984022164,7.065837962440381,8.851739960842597
773,1.76675577696392,6.947127185618629,8.713882962582549
774,1.7979854973629232,6.551203681162005,8.349189178524929
775,1.96217463711247,6.001402064600538,7.9635767017130075
776,99999.0,99999.0,99999.0
777,99999.0,99999.0,99999.0
778,1.4724233024716862,6.061262473531963,7.533685776003649
779,1.6006304312629358,5.88671203318946,7.4873424644523965
780,2.1278279806665776,6.8494185363926405,8.977246517059218
781,99999.0,99999.0,99999.0
782,2.0901470538719256,6.43255918807852,8.522706241950445
783,1.9797978757993306,6.111489549263631,8.091287425062962
784,99999.0,99999.0,99999.0
785,99999.0,99999.0,99999.0
786,1.5387873908806067,5.855489212719644,7.39427660360025
787,1.752557901811288,5.782190133328728,7.534748035140017
788,2.3286888705811077,6.600893703097057,8.929582573678164
789,1.993867086427974,6.2033470708413905,8.197214157269364
790,99999.0,99999.0,99999.0
791,99999.0,99999.0,99999.0
792,1.6192352431201367,5.641041452236124,7.260276695356261
793,99999.0,99999.0,99999.0
794,1.8916752166048,5.49854444061018,7.39021965721498
795,1.7520564791790156,5.475136334368763,7.227192813547779
796,99999.0,99999.0,99999.0
797,99999.0,99999.0,99999.0
798,99999.0,99999.0,99999.0
799,1.7282744424177372,5.907202062167777,7.635476504585514
800,99999.0,99999.0,99999.0
801,2.306085375220669,7.475781559923626,9.781866935144295
802,1.9876739355097308,5.676829697183812,7.664503632693543
803,1.7364548873257366,5.381860510069226,7.118315397394962
804,99999.0,99999.0,99999.0
805,1.4883058079239453,5.237753387288856,6.726059195212801
806,1.7382104230826685,5.475453818054312,7.21366424113698
807,99999.0,99999.0,99999.0
808,1.8773429525521044,5.523943859869269,7.4012868124213735
809,99999.0,99999.0,99999.0
810,1.6025202640610423,5.25132003105377,6.8538402951148125
811,1.6345604043780884,5.275573295939339,6.910133700317427
812,1.7990713267504812,5.386337632638656,7.185408959389138
813,4.452746756908232,7.124060234648681,11.576806991556914
814,3.0192094389097885,6.097756228875327,9.116965667785117
815,2.7443453297898035,6.074707029054392,8.819052358844196
816,2.2462334912950053,5.924927991573492,8.171161482868497
817,2.0401123293392454,5.889070458434532,7.929182787773778
818,99999.0,99999.0,99999.0
819,2.140701584553384,5.504421240807143,7.645122825360527
820,4.808301259848452,6.674430256388822,11.482731516237275
821,3.293471903624981,6.001121927252092,9.294593830877073
822,2.9466780346054238,5.911241388262976,8.857919422868399
823,99999.0,99999.0,99999.0
824,99999.0,99999.0,99999.0
825,2.313739465921699,5.7265502184410675,8.040289684362767
826,3.6329290957640437,6.0157158006103435,9.648644896374387
827,99999.0,99999.0,99999.0
828,2.827756992000132,5.847281476404675,8.675038468404807
829,2.5433243323996892,5.669705683581685,8.213030015981374
830,99999.0,99999.0,99999.0
831,3.567669037216006,7.550732892874938,11.118401930090943
832,3.019204594258817,7.210384071540143,10.22958866579896
833,2.1637655466504433,6.271306844212544,8.435072390862988
834,1.8600962292213008,5.965060842001753,7.825157071223054
835,99999.0,99999.0,99999.0
836,1.9606899476949675,5.264355113318647,7.225045061013614
837,5.001398149858374,7.826510047606475,12.827908197464849
838,99999.0,99999.0,99999.0
839,99999.0,99999.0,99999.0
840,2.796699439710226,6.865292307023445,9.661991746733671
841,2.2279065768797293,5.761870303939738,7.989776880819468
842,1.9586261248476535,5.48056418736275,7.439190312210404
843,3.6100323861329118,7.066688218475887,10.6767206046088
844,99999.0,99999.0,99999.0
845,2.9459515124741755,6.743444465209198,9.689395977683374
846,99999.0,99999.0,99999.0
847,2.8695322721160466,6.214338183277191,9.083870455393239
848,3.9694981601408252,10.446346364159835,14.41584452430066
849,99999.0,99999.0,99999.0
850,1.7082433759255191,6.052268661636064,7.760512037561583
851,99999.0,99999.0,99999.0
852,1.7864698406371435,5.404279205920048,7.190749046557191
853,4.0256939059297165,7.5942299991897535,11.619923905119471
854,4.593191533415278,9.85538490734903,14.44857644076431
855,99999.0,99999.0,99999.0
856,3.2252497285175226,8.992050691966774,12.217300420484296
857,1.990341301047553,5.8316017928150705,7.8219430938626235
858,1.8229990957547715,5.60252055215477,7.4255196479095416
859,4.45057938957359,9.54681918932868,13.99739857890227
860,99999.0,99999.0,99999.0
861,99999.0,99999.0,99999.0
862,2.521610764845068,7.006100365156541,9.52771113000161
863,99999.0,99999.0,99999.0
864,2.2376410739866253,7.604878784819685,9.84251985880631
865,1.6088740746464771,6.036267732203432,7.645141806849908
866,99999.0,99999.0,99999.0
867,99999.0,99999.0,99999.0
868,3.414791179970982,7.091476537288445,10.506267717259426
869,4.68240099739136,10.234640552026798,14.917041549418158
870,99999.0,99999.0,99999.0
871,4.055152358540567,10.836152581705646,14.891304940246211
872,1.8677065190613804,5.923544039133028,7.791250558194409
873,99999.0,99999.0,99999.0
874,5.1854157456953285,10.218579998242614,15.403995743937942
875,99999.0,99999.0,99999.0
876,4.6300436597774,11.015591920219533,15.645635579996934
877,2.7106485268303335,7.8733870192797815,10.584035546110115
878,3.242678392333939,7.522911160723723,10.765589553057662
879,1.8720540409383704,6.447709580209942,8.319763621148311
880,99999.0,99999.0,99999.0
881,1.6408766290189971,5.167231811741301,6.808108440760298
882,99999.0,99999.0,99999.0
883,2.298106703570698,6.922428952971831,9.220535656542529
884,99999.0,99999.0,99999.0
885,2.5405802920040546,8.251804772464679,10.792385064468734
886,2.387083561573903,7.375995298407934,9.763078859981837
887,1.8038709797153787,5.712308344151875,7.516179323867254
888,2.3396964820513766,6.936434041781409,9.276130523832785
889,99999.0,99999.0,99999.0
890,2.4830836996381715,7.846692743242769,10.32977644288094
891,2.9656344929876752,8.571874844533896,11.537509337521572
892,2.716168667741837,7.811103814240529,10.527272481982367
893,2.211193960537814,6.6543595004707266,8.86555346100854
894,1.9275978722736336,5.768576986258022,7.696174858531656
895,99999.0,99999.0,99999.0
896,1.8955885511292936,6.013077074921415,7.908665626050708
897,1.7563751708953075,5.987149284382904,7.743524455278212
898,1.6874856662273237,5.972357827887437,7.659843494114761
899,2.1678713437861465,6.59005109854518,8.757922442331326
900,2.6517356445128,7.732289855507353,10.384025500020153
901,2.0405883812168373,5.992582133173477,8.033170514390314
902,1.8659916876860703,6.003325287448503,7.869316975134573
903,1.7625744844398321,5.830460724133755,7.593035208573587
904,1.8546156458870058,5.987788086802158,7.842403732689164
905,99999.0,99999.0,99999.0
906,2.2905405864349824,6.577986817638703,8.868527404073685
907,99999.0,99999.0,99999.0
908,99999.0,99999.0,99999.0
909,99999.0,99999.0,99999.0
910,1.7359737559032298,5.732283467238858,7.468257223142087
911,99999.0,99999.0,99999.0
912,99999.0,99999.0,99999.0
913,99999.0,99999.0,99999.0
914,99999.0,99999.0,99999.0
915,99999.0,99999.0,99999.0
916,1.7711458680765264,5.577349962275277,7.348495830351803
917,99999.0,99999.0,99999.0
918,2.1522039464197382,5.438194471503396,7.590398417923134
919,2.0893089146272947,5.7609110251306435,7.850219939757938
920,99999.0,99999.0,99999.0
921,1.7376412956995626,5.337871930135166,7.075513225834729
922,1.8896584524244802,5.23749276872688,7.12715122115136
923,2.2524566302181204,6.026569541074791,8.27902617129291
924,2.161372620026005,5.583891653574894,7.745264273600899
925,99999.0,99999.0,99999.0
926,1.8350733281001343,5.202478134043016,7.03755146214315
927,1.7998311409151917,5.07062339094868,6.870454531863872
928,2.0568741218894147,5.323276232360106,7.380150354249521
929,4.103876181673047,7.2372845817620854,11.341160763435132
930,99999.0,99999.0,99999.0
931,3.1557252506820825,7.174870233716325,10.330595484398408
932,2.405095493370028,5.8043450832984345,8.209440576668463
933,2.1919796099784854,5.541558328850014,7.7335379388284995
934,4.4508580405517515,7.238900271698754,11.689758312250506
935,99999.0,99999.0,99999.0
936,3.2686878640350967,6.79260023263884,10.061288096673938
937,2.763187810776927,6.289855077368305,9.053042888145232
938,99999.0,99999.0,99999.0
939,4.934694772660471,10.239407523848959,15.17410229650943
940,3.5804502347566958,9.224365431745928,12.804815666502623
941,2.1460106265542933,5.8130724434777035,7.959083070031997
942,2.058339033439287,5.610480830301391,7.668819863740678
943,5.259933574309004,9.459344923613394,14.719278497922398
944,99999.0,99999.0,99999.0
945,3.9047998373810464,9.006175765877332,12.910975603258379
946,2.7520424765500673,6.828495189168944,9.58053766571901
947,3.2260565954071683,6.876102931080383,10.10215952648755
948,4.24366330472647,10.6428199247079,14.88648322943437
949,2.013668141275192,5.875402665102171,7.889070806377363
950,99999.0,99999.0,99999.0
951,5.403564595669361,10.045517033040241,15.449081628709603
952,99999.0,99999.0,99999.0
953,99999.0,99999.0,99999.0
954,99999.0,99999.0,99999.0
955,99999.0,99999.0,99999.0
956,2.020381966315864,6.0900397674196105,8.110421733735475
957,1.7253935211956308,5.408813419707321,7.134206940902952
958,3.651634289211236,8.99660422286355,12.648238512074785
959,99999.0,99999.0,99999.0
960,5.479561191289025,11.53980735255636,17.019368543845385
961,3.236034891277788,8.145590434957638,11.381625326235426
962,4.249547518175938,9.114191200818107,13.363738718994046
963,99999.0,99999.0,99999.0
964,99999.0,99999.0,99999.0
965,99999.0,99999.0,99999.0
966,99999.0,99999.0,99999.0
967,99999.0,99999.0,99999.0
968,99999.0,99999.0,99999.0
969,99999.0,99999.0,99999.0
970,99999.0,99999.0,99999.0
971,99999.0,99999.0,99999.0
972,99999.0,99999.0,99999.0
973,1.977919071043322,5.377698147811728,7.35561721885505
974,99999.0,99999.0,99999.0
975,99999.0,99999.0,99999.0
976,99999.0,99999.0,99999.0
977,99999.0,99999.0,99999.0
978,99999.0,99999.0,99999.0
979,99999.0,99999.0,99999.0
980,99999.0,99999.0,99999.0
981,99999.0,99999.0,99999.0
982,99999.0,99999.0,99999.0
983,3.9831194871508675,8.64300278903994,12.626122276190808
