0,1.44451600190672,5.8412828820346245,7.285798883941345
1,1.4409998016004217,5.912267731155969,7.353267532756391
2,1.4268240883392858,6.091908652163407,7.518732740502693
3,1.407684528465852,6.245382556209717,7.653067084675569
4,1.3799824628819004,6.790384495507222,8.170366958389122
5,1.3344767966575333,6.0274713965967335,7.361948193254267
6,1.375306340347137,5.3976369614055395,6.772943301752677
7,1.4017382870573407,5.185208606021703,6.586946893079044
8,1.4477916024725468,5.800836670029811,7.248628272502358
9,1.4448106260367546,5.947948816470232,7.3927594425069865
10,1.4399901080171758,5.9838729481463835,7.423863056163559
11,1.4289711930143496,6.07654486279008,7.50551605580443
12,1.4012694793227372,6.272011054940464,7.673280534263201
13,1.2694207318864121,7.13011040620887,8.399531138095282
14,1.3130713316090348,5.902841055006263,7.215912386615297
15,1.3640003964573952,5.547157135594593,6.911157532051988
16,1.3895339341607411,5.303007216166003,6.692541150326744
17,1.4477337188130137,5.911509972467474,7.359243691280488
18,1.4428183184606995,5.98136189248877,7.424180210949469
19,1.4386059853493753,6.04393424693378,7.482540232283156
20,1.4142465275478395,6.203024517279046,7.617271044826886
21,1.361992034567315,6.374001590181015,7.73599362474833
22,1.3167190273098053,6.1448683628010645,7.46158739011087
23,1.3085561558718208,5.844271613566555,7.1528277694383755
24,1.3552717903770846,5.557283781958348,6.912555572335433
25,1.4487173791100774,5.910904424160265,7.3596218032703415
26,1.446582933913401,5.946913739370648,7.393496673284049
27,1.4446394399273037,5.978836853676267,7.423476293603571
28,1.4390024244095008,6.011947610998573,7.4509500354080735
29,1.4222993035514642,6.122226202678446,7.54452550622991
30,1.3743591668114963,6.044984868306498,7.4193440351179945
31,1.3015346063747517,6.136550737312574,7.438085343687326
32,1.3361002858728435,5.755766923625976,7.09186720949882
33,1.450063536420078,5.939394666426205,7.389458202846283
34,1.4479195608571618,5.966392819842947,7.414312380700109
35,1.4434733506988542,5.980587222805085,7.424060573503939
36,1.4356966126250996,6.065806610284189,7.501503222909289
37,1.4045700407359294,6.195051413082823,7.599621453818752
38,1.3518538885440778,5.83416770318994,7.1860215917340176
39,1.335281548879401,5.831649486699718,7.166931035579119
40,1.4500255651815972,5.935556133747221,7.385581698928819
41,1.4470699435632042,5.9561915531102,7.403261496673404
42,1.4440965368532452,5.947591040882197,7.391687577735443
43,1.4342555036254188,5.991686384915509,7.425941888540928
44,1.4141011129939145,6.04877444162965,7.462875554623564
45,1.4479379917006898,5.934143443544215,7.382081435244905
46,1.4765308067063496,4.949707970270246,6.426238776976595
47,1.4745767987440308,4.980022724114945,6.454599522858976
48,1.4610122169067075,5.08324149695605,6.544253713862757
49,1.435400500679006,5.227786253801031,6.663186754480037
50,1.3753428010581665,5.991233917344561,7.366576718402727
51,1.3522944310609457,5.4021038213270955,6.754398252388041
52,1.4090438364173894,4.970120677034031,6.37916451345142
53,1.4395770891303838,4.781061151348025,6.220638240478409
54,1.4815842723232049,4.916079093369901,6.397663365693106
55,1.4790423195647848,5.002414963260339,6.481457282825124
56,1.47538344542835,5.057308228419381,6.532691673847731
57,1.4594240069717266,5.083244516331129,6.542668523302855
58,1.4288535698110436,5.216387778439254,6.645241348250297
59,1.2795595243733964,6.0864194308290385,7.365978955202435
60,1.3429853947570822,5.211117233739261,6.554102628496343
61,1.4047445020152214,4.9436215193077375,6.348366021322959
62,1.427085347677562,4.750005226008082,6.1770905736856445
63,1.4842818595718161,5.018483711526103,6.502765571097919
64,1.4766051468949535,5.038894520839379,6.515499667734332
65,1.4714718252887093,5.0788557975935635,6.550327622882273
66,1.4523511204827757,5.130729731296647,6.583080851779423
67,1.3903904572527057,5.262738880725812,6.653129337978518
68,1.3310175225227492,5.288295105854981,6.619312628377731
69,1.345387529940445,5.09682211230583,6.442209642246275
70,1.3931031187803762,4.881741964737326,6.274845083517702
71,1.4833948770101224,4.999743292517405,6.4831381695275265
72,1.4817106518985927,5.0325498241314035,6.514260476029996
73,1.4789320486395001,5.04824805935276,6.52718010799226
74,1.4712736662006713,5.063073603459896,6.534347269660568
75,1.4529805314263344,5.104853816008747,6.557834347435081
76,1.3972575779033694,5.180973096963281,6.57823067486665
77,1.3335979803996065,5.234203972790093,6.567801953189699
78,1.3678973664400358,5.038770920876099,6.406668287316135
79,1.4853744450604802,5.034358326733948,6.519732771794428
80,1.482482479458892,5.039240016833368,6.52172249629226
81,1.4754720508548629,5.044635446939182,6.520107497794045
82,1.46839296708792,5.080970191472953,6.5493631585608725
83,1.4436216513355917,5.087950620479745,6.531572271815337
84,1.3917035164099398,5.04483006066723,6.436533577077169
85,1.3614884541048116,5.03164289372187,6.393131347826682
86,1.4842223786751514,5.029859270800309,6.514081649475461
87,1.4808157875411159,5.040374664734509,6.521190452275625
88,1.4782756809568394,5.039461459944901,6.51773714090174
89,1.4665310169414358,5.060814197660249,6.527345214601684
90,1.4476400784896342,5.047488300718043,6.495128379207677
91,1.4826130891153013,5.0384261705393785,6.52103925965468
92,1.5731453517078595,4.755713784689969,6.328859136397829
93,1.527651533614566,4.792177693329824,6.319829226944391
94,1.4862938849600633,4.832579787843652,6.318873672803715
95,1.4679722265061756,4.928455912102943,6.396428138609119
96,1.378937876635791,5.979536634999607,7.358474511635398
97,1.3520361031365264,5.32009203971526,6.672128142851786
98,1.4224786839204833,4.852250074339178,6.274728758259661
99,1.512111215754299,4.725032601100337,6.237143816854636
100,1.572723014996309,4.696657796070255,6.269380811066564
101,1.5747608470104284,4.790848132111489,6.365608979121918
102,1.5261164707716497,4.777475764894694,6.303592235666343
103,1.5012300237480687,4.812302860313598,6.313532884061667
104,1.473966651710224,4.918899118163686,6.392865769873909
105,1.2899461983682938,5.881379529541916,7.17132572791021
106,1.3482003988995204,5.02527587696266,6.373476275862181
107,1.465841852602609,4.800000881162672,6.265842733765282
108,1.5027960808879295,4.660116077925617,6.162912158813547
109,1.5804565290851884,4.755846735840476,6.3363032649256645
110,1.5473724120016907,4.773006137036087,6.320378549037778
111,1.5279873210313593,4.785452831074605,6.313440152105964
112,1.5079115984774782,4.808964956761331,6.316876555238809
113,1.4089801624862863,5.002923576053385,6.411903738539671
114,1.343772962694872,5.044400521391527,6.388173484086399
115,1.3678389168222274,4.878013265724159,6.245852182546386
116,1.4409067695227877,4.725667802429859,6.166574571952647
117,1.583098214226804,4.752239053792554,6.335337268019358
118,1.5777518706769953,4.777748831434756,6.355500702111751
119,1.5542523832300992,4.77584120544506,6.330093588675159
120,1.547642446014407,4.787027595567412,6.33467004158182
121,1.5078409423166963,4.787507915124428,6.295348857441125
122,1.4240816093634572,4.984448819113777,6.408530428477235
123,1.3807709868916336,5.030139701166474,6.410910688058108
124,1.4185965500241187,4.835428283823102,6.254024833847221
125,1.5891524187548232,4.776573616840211,6.365726035595034
126,1.5768348149071816,4.78897138480395,6.365806199711131
127,1.5594982709161909,4.781585307684421,6.341083578600612
128,1.5406206944418996,4.780521492355196,6.321142186797095
129,1.5001439754386212,4.78847687507027,6.288620850508891
130,1.4343830328934997,4.82989255762213,6.26427559051563
131,1.413419018412113,4.787075167377793,6.200494185789906
132,1.5824442786253428,4.779379718575632,6.361823997200975
133,1.5708404394610596,4.783852124662145,6.354692564123205
134,1.5661853275151723,4.783687742079531,6.349873069594703
135,1.54856875723125,4.775482599700011,6.32405135693126
136,1.5173963683138896,4.783309406269785,6.300705774583674
137,1.575292757801146,4.791041212406447,6.366333970207593
138,1.6023036747979325,4.680596296881646,6.282899971679578
139,1.53277851763827,4.660469711711732,6.193248229350003
140,1.5071958848049787,4.710771696997944,6.217967581802923
141,1.5078720311289608,4.853889067139012,6.361761098267973
142,1.390687345292433,5.900571971046986,7.291259316339419
143,1.3601715775435474,5.238783791561945,6.598955369105492
144,1.4235574832650215,4.793948801107235,6.217506284372257
145,1.5315247491099935,4.677146860649749,6.208671609759743
146,1.6383740465610575,4.679068762406101,6.317442808967158
147,1.5952614522952335,4.664034050568651,6.259295502863884
148,1.5513458153515824,4.65949492364103,6.210840738992612
149,1.5559371614175834,4.72328870590946,6.279225867327043
150,1.4956693160635202,4.8468540002461395,6.342523316309659
151,1.2986269065184395,5.8091083111821415,7.107735217700581
152,1.360501011631604,4.920062288348746,6.280563299980351
153,1.4778128452299975,4.716828141064755,6.194640986294752
154,1.5717866619726168,4.65125063650167,6.223037298474287
155,1.647258311019236,4.714728777169442,6.361987088188678
156,1.58115699077926,4.661931752858114,6.243088743637374
157,1.5732461966264923,4.679625325924484,6.252871522550977
158,1.5407466441600475,4.69668948130915,6.2374361254691975
159,1.4237008971677145,4.924920542887926,6.34862144005564
160,1.3555658701103583,4.9865638131501395,6.342129683260498
161,1.3815743493698516,4.777106063499091,6.158680412868943
162,1.4877639113414336,4.66822980973682,6.155993721078254
163,1.6434783864983311,4.679023382581745,6.322501769080076
164,1.6169864784178114,4.66873512559041,6.285721604008222
165,1.5975761072051802,4.680923117306007,6.278499224511187
166,1.5912864108866949,4.693117606597985,6.28440401748468
167,1.5278665813071322,4.677456756507159,6.205323337814292
168,1.4402927224487456,4.855019952998863,6.295312675447609
169,1.3982269473367481,4.946759967084765,6.344986914421513
170,1.4601660996366708,4.744161930496225,6.204328030132896
171,1.6467774354482212,4.710809145345946,6.357586580794168
172,1.6177131805627536,4.669850213198211,6.287563393760965
173,1.598026003189621,4.679866990751525,6.277892993941146
174,1.567149814104386,4.673648226031203,6.240798040135589
175,1.5255847604055894,4.679846201238241,6.20543096164383
176,1.4596808366077947,4.730085934737942,6.189766771345736
177,1.448304915969826,4.708598295428777,6.156903211398603
178,1.6283269540880227,4.686477375820884,6.314804329908906
179,1.6089057129746922,4.676611764961267,6.28551747793596
180,1.6085355547464117,4.688030917597858,6.296566472344269
181,1.5779340210146204,4.6699192105744585,6.247853231589079
182,1.5510370150679778,4.672859409265823,6.223896424333801
183,1.6203392278914694,4.696190697034498,6.316529924925968
184,1.5637026790405817,4.754399529513151,6.318102208553732
185,1.539811899802323,4.8178871620308,6.357699061833123
186,1.5150386179625281,4.9827669901618545,6.4978056081243825
187,1.3921142538516778,6.3019532809430245,7.694067534794702
188,1.3547522513168735,5.316361579573652,6.671113830890525
189,1.4201948517612557,4.836098819291367,6.256293671052623
190,1.529486132311289,4.704071333738568,6.233557466049858
191,1.623668238550263,4.67152601955656,6.295194258106823
192,1.62730865807792,4.766235260449928,6.393543918527849
193,1.5703654595976575,4.739043690751818,6.309409150349476
194,1.5538669140169754,4.757002590261265,6.31086950427824
195,1.5120690712104168,4.896993128300973,6.409062199511389
196,1.2943608677849923,5.9261083047051235,7.220469172490116
197,1.3551322200462415,4.993158584493334,6.348290804539575
198,1.4700429024959998,4.757010540539862,6.227053443035862
199,1.531821560613501,4.623384143220818,6.155205703834319
200,1.6437642988871157,4.76145014275162,6.405214441638736
201,1.5926324830733145,4.73589978126656,6.3285322643398745
202,1.5745835086711593,4.739575089645514,6.3141585983166735
203,1.5545781354471813,4.762683022694137,6.317261158141319
204,1.4346379960866744,5.038309468958529,6.472947465045204
205,1.354115326745886,5.058329998720453,6.412445325466338
206,1.3776764805468968,4.823109533426329,6.200786013973226
207,1.4720659445633073,4.696220284076453,6.168286228639761
208,1.6387863535087732,4.714536204797362,6.353322558306135
209,1.6380792983676356,4.772910376445198,6.410989674812834
210,1.6017034131794812,4.735744780539663,6.337448193719144
211,1.5934655561578117,4.745365578865863,6.338831135023675
212,1.5461123963897507,4.728417745138297,6.274530141528048
213,1.443659540881724,4.9590929199093905,6.402752460791115
214,1.3900072455949364,5.019165856451529,6.4091731020464655
215,1.44028222936425,4.789001198685871,6.229283428050121
216,1.6446469000572053,4.761582748701767,6.4062296487589725
217,1.6286257874635628,4.74930340177042,6.377929189233983
218,1.6089434879037308,4.743543217553748,6.352486705457479
219,1.5857705991554316,4.735083139490873,6.320853738646305
220,1.5409571834546216,4.762328774005138,6.30328595745976
221,1.466791640901185,4.803382845862909,6.270174486764094
222,1.4431241335585365,4.75449742058037,6.197621554138907
223,1.636380978981369,4.761915670837713,6.398296649819081
224,1.6193479505935746,4.745182923200727,6.364530873794302
225,1.6149790956889654,4.745355441136975,6.36033453682594
226,1.5933660225003847,4.730099184430691,6.3234652069310755
227,1.5548680031533968,4.76839928821945,6.323267291372846
228,1.6253845091967551,4.751407465892936,6.3767919750896915
229,1.5414911084784273,4.913357615576684,6.454848724055111
230,1.5074202351192396,5.059256866710174,6.566677101829414
231,1.383797658491687,6.566979269539265,7.950776928030951
232,1.3468288624104812,5.452242346647206,6.799071209057687
233,1.4114756726024718,4.889891709757519,6.301367382359991
234,1.474755512285341,4.712802830573997,6.187558342859338
235,1.5676456136172254,4.678677700761324,6.246323314378549
236,1.5794621698038838,4.82747049494652,6.4069326647504035
237,1.568807657267599,4.8401403020002425,6.4089479592678416
238,1.541013610584416,4.864450529614236,6.405464140198652
239,1.4967357278851303,4.951364384748642,6.448100112633772
240,1.2881670121662194,6.005909864365048,7.294076876531268
241,1.3416985493794045,5.109103272162034,6.450801821541439
242,1.4310792610148322,4.812921243855826,6.244000504870659
243,1.4738918053122976,4.643569517690769,6.1174613230030666
244,1.581360451690769,4.793466049052491,6.374826500743261
245,1.574202337451076,4.832438588137593,6.406640925588668
246,1.5543664159748558,4.828339761055131,6.382706177029986
247,1.533171935188879,4.863828019813353,6.396999955002233
248,1.4363543072907339,5.248391336484502,6.684745643775236
249,1.3419220561911973,5.148533693014057,6.490455749205255
250,1.356065996344419,4.962827798123287,6.318893794467707
251,1.426794611853925,4.760001103903824,6.186795715757749
252,1.5868475109733329,4.802503432312368,6.3893509432857005
253,1.5844525255994861,4.828654822362144,6.41310734796163
254,1.5669883725619247,4.821551027771329,6.388539400333253
255,1.554697624357069,4.824994795475947,6.379692419833016
256,1.5279602735811297,4.821835815820368,6.349796089401497
257,1.4352368336881887,5.0631898054138045,6.498426639101993
258,1.3719938925729382,5.036484837020533,6.408478729593471
259,1.4092206920240136,4.84640134146466,6.255622033488674
260,1.583822233411254,4.7979809480309115,6.381803181442166
261,1.5840869482156161,4.83516248762313,6.419249435838746
262,1.5672963458297486,4.818952709092618,6.3862490549223665
263,1.5630779348886383,4.83649642322658,6.399574358115219
264,1.531217962570398,4.883376428989453,6.414594391559851
265,1.443033929490947,4.88830120958197,6.331335139072917
266,1.4114750223813763,4.835076478526582,6.246551500907958
267,1.585789534164663,4.827776708836086,6.413566243000749
268,1.578613969939886,4.824852223303183,6.403466193243069
269,1.5746651997239753,4.825481118996319,6.400146318720295
270,1.5607670788498176,4.818881011250478,6.379648090100296
271,1.5216496857511008,4.848452150192922,6.370101835944023
272,1.580243162643649,4.828791315342396,6.409034477986045
273,1.523633860796684,5.198730805414831,6.722364666211515
274,1.3938559206986618,6.783329591996112,8.177185512694773
275,1.347944948741361,5.687457160716189,7.03540210945755
276,1.4031947900606918,5.043828505374993,6.4470232954356845
277,1.4447856851377845,4.797260126742876,6.2420458118806605
278,1.5420715971121328,4.78890067432606,6.330972271438193
279,1.575571585134693,4.831788429000901,6.407360014135594
280,1.5631870446773333,4.994923150220709,6.558110194898042
281,1.5502337273347988,5.03352497175612,6.583758699090919
282,1.4979786049388693,5.117962197580603,6.615940802519472
283,1.2839508489908673,6.4051358386974595,7.689086687688327
284,1.3365839884058677,5.318406426122084,6.654990414527951
285,1.4129490409573358,4.954737551583236,6.367686592540571
286,1.451880376512048,4.742755039286253,6.1946354157983015
287,1.5637489712977963,4.901367211610948,6.465116182908744
288,1.56705942085013,4.9855726932103535,6.552632114060484
289,1.5621195607474996,5.017715920598518,6.579835481346018
290,1.5337358336941043,5.038322831168547,6.572058664862651
291,1.4327312680129514,5.548408246230103,6.981139514243054
292,1.3399421930537039,5.419331755439927,6.759273948493631
293,1.3452484251306243,5.179891906850681,6.525140331981305
294,1.4198310433281964,4.994426701852153,6.4142577451803495
295,1.5727199530284441,4.808968266555264,6.381688219583708
296,1.5717247971607151,4.972755310275253,6.544480107435968
297,1.5655080775571275,4.988834852217879,6.554342929775006
298,1.5503814075703217,4.998457202759311,6.548838610329632
299,1.5251065512698987,4.968612897648952,6.493719448918851
300,1.4357038152117765,5.253099165962252,6.688802981174028
301,1.3578405062807102,5.3689826949868875,6.726823201267598
302,1.3948329635699244,5.092273230418673,6.4871061939885974
303,1.5699970608643388,4.945341698912214,6.515338759776553
304,1.5723669572486114,5.00165041613071,6.574017373379322
305,1.5619744920845517,4.995068488012213,6.557042980096765
306,1.5528128407005484,4.992487568299276,6.545300408999824
307,1.5294377061195785,5.169947986925703,6.699385693045281
308,1.4402984952810232,5.201124001602554,6.641422496883576
309,1.3910261468813387,5.1018282899310385,6.492854436812378
310,1.5716042618433288,4.969645413641582,6.541249675484911
311,1.5712551032059066,4.9909726303799955,6.562227733585902
312,1.5685948517520778,4.999314028975984,6.567908880728062
313,1.5592722438008388,4.984017340482934,6.543289584283773
314,1.52210482773441,5.0221855031662095,6.544290330900619
315,1.571700833448569,5.00904325379773,6.580744087246298
316,1.404081147245434,7.643933839225608,9.048014986471042
317,1.3074866372640903,6.63015684049475,7.93764347775884
318,1.369932288267612,5.404576025224448,6.77450831349206
319,1.4330627861293461,5.077016403118606,6.510079189247952
320,1.5358793496406542,4.944226904994487,6.480106254635141
321,1.5455784955508935,5.02867094436027,6.5742494399111635
322,1.5472053768688296,5.028729059484384,6.575934436353213
323,1.5792764250598716,5.04688379936021,6.626160224420082
324,1.5189269042366256,5.191517858332305,6.7104447625689305
325,1.3061409067722964,7.205989668423545,8.51213057519584
326,1.3218548345532006,5.814400955481614,7.136255790034815
327,1.4047443441812688,5.289616769459606,6.694361113640875
328,1.4542078511008418,4.9868791011572595,6.441086952258101
329,1.554392846903179,5.04254439402895,6.596937240932129
330,1.5605120226331322,5.050049542955216,6.610561565588348
331,1.5791017096412268,5.057429723923405,6.636531433564631
332,1.5537319897671196,5.150618009563277,6.704349999330397
333,1.4429444860068645,6.3292323530874395,7.772176839094304
334,1.3382849005038495,6.149290619837363,7.487575520341213
335,1.327012745497662,5.726626413442304,7.053639158939966
336,1.3963808695859485,5.407735290303821,6.8041161598897695
337,1.5590489304156252,4.987068913739101,6.546117844154726
338,1.5589396069416583,5.063358499103872,6.62229810604553
339,1.5779940659813485,5.062592868783718,6.640586934765067
340,1.5718390674577287,5.147277732779357,6.719116800237086
341,1.526838646216535,5.058895895168368,6.585734541384903
342,1.4334407135908613,5.634931653542562,7.068372367133423
343,1.363498008816844,6.234907547528351,7.598405556345195
344,1.387513464944908,5.552234284354209,6.939747749299117
345,1.5659341830104863,5.044791388387543,6.610725571398029
346,1.5701246331605385,5.092164559644888,6.662289192805426
347,1.577034638543944,5.1582005749087,6.735235213452644
348,1.5498380092065365,5.09502531354747,6.644863322754007
349,1.5170569537384344,5.158621440131701,6.675678393870135
350,1.4273564506532799,5.979663684700611,7.407020135353891
351,1.39655714374642,5.96486174739802,7.36141889114444
352,1.5711722127140988,5.063269797168629,6.6344420098827275
353,1.5786637947195217,5.085286884557023,6.663950679276545
354,1.5677734160764902,5.142565677607867,6.710339093684357
355,1.550030246458931,5.061448262865988,6.611478509324919
356,1.530360758475511,5.0973706178722855,6.627731376347796
357,1.5789468025010691,5.1664841502652115,6.745430952766281
358,1.2931219535835137,7.033505922785967,8.32662787636948
359,1.3076051556827708,6.281245485285647,7.588850640968419
360,1.3471368699157507,6.117960994022808,7.465097863938559
361,1.382783760387949,6.6325523181187584,8.015336078506706
362,1.3791853281521402,6.970040620204193,8.349225948356333
363,1.370671032585312,7.023200445426658,8.39387147801197
364,1.3730310534499859,7.256423667528591,8.629454720978577
365,1.3663579781066328,7.412864474448866,8.779222452555498
366,99999.0,99999.0,99999.0
367,1.3274997605388568,6.457631185405779,7.785130945944635
368,1.3263569814704648,6.2904265732388644,7.616783554709329
369,1.3540615132385438,6.072497726968599,7.426559240207143
370,1.391209057183468,7.064445340810747,8.455654397994214
371,1.3768334701726141,7.097308203351588,8.474141673524201
372,1.3752821663468813,7.108518888327516,8.483801054674396
373,1.3653350828663515,7.39725146436797,8.76258654723432
374,1.3614656627517752,7.189140581824359,8.550606244576134
375,99999.0,99999.0,99999.0
376,1.3242337189200748,6.568075783325373,7.892309502245448
377,1.3208599869791158,6.375864615047727,7.696724602026843
378,1.3965894202454072,6.865855510088268,8.262444930333675
379,1.3884326696272316,7.161485795205066,8.549918464832297
380,1.3828984294113698,7.183103158005228,8.566001587416597
381,1.3765378361133853,7.2234400446896245,8.59997788080301
382,1.3747050484705858,7.193418731439147,8.568123779909733
383,1.3583719424950964,6.636913677952553,7.995285620447649
384,99999.0,99999.0,99999.0
385,1.3516578421511116,6.109650124107584,7.461307966258696
386,1.3990146511321488,7.002219064053394,8.401233715185542
387,1.390848136014433,7.179905711287266,8.570753847301699
388,1.381509934418596,7.189601903977314,8.57111183839591
389,1.3801887796156684,7.211846685281083,8.592035464896751
390,1.3652385531215598,7.207003769221938,8.572242322343499
391,1.3509396123184763,6.380027274450033,7.730966886768509
392,99999.0,99999.0,99999.0
393,1.3961651472199084,7.044062744068415,8.440227891288323
394,1.387822236770017,7.1941589351833235,8.581981171953341
395,1.3830914242590142,7.192361512702005,8.57545293696102
396,1.3760220181310396,7.123567690559138,8.499589708690177
397,1.3705939314484659,6.817036040995621,8.187629972444087
398,1.3891348314708993,7.189527480733827,8.578662312204726
399,1.359970725666071,5.546259633170209,6.90623035883628
400,1.3584439299992574,5.373227744277295,6.731671674276552
401,1.3658966054694441,5.291970314972126,6.65786692044157
402,1.3602813219643393,5.4259138606212405,6.78619518258558
403,1.3491388634209684,5.537431387714559,6.886570251135527
404,1.3410659614170368,5.705658710638673,7.04672467205571
405,1.319602821371221,5.997267559723469,7.31687038109469
406,1.2665062007116334,6.837966771660906,8.10447297237254
407,1.3368339255268296,5.68305194358516,7.01988586911199
408,1.3972186599829126,5.130430368571845,6.527649028554757
409,1.378926081815647,5.392252394306789,6.7711784761224365
410,1.3674275291570832,5.3693815547116035,6.736809083868687
411,1.354851238929929,5.534149035162948,6.8890002740928775
412,1.3495212616629846,5.663032499151825,7.01255376081481
413,1.331598836055089,5.81151749345253,7.1431163295076185
414,1.3018050233581906,5.9283518743731864,7.230156897731377
415,1.295960017780101,5.989081063720742,7.285041081500843
416,1.3239558245829177,5.752329889625493,7.07628571420841
417,1.3699181914379455,5.307594405951449,6.677512597389395
418,1.372480737835234,5.396896534847285,6.769377272682519
419,1.363285131330103,5.400354693664678,6.763639824994781
420,1.3590884092380349,5.543186408104157,6.902274817342192
421,1.345034414740854,5.660628376012568,7.005662790753422
422,1.3374734975575981,5.72656064348974,7.064034141047338
423,1.315145560480061,5.758364831016876,7.073510391496937
424,1.2879531722278736,5.930524282096779,7.218477454324653
425,1.3322063680306673,5.561064277692636,6.8932706457233035
426,1.3748111596047226,5.479986005572079,6.854797165176802
427,1.3676992475047933,5.529099132566937,6.896798380071731
428,1.354904013786502,5.64164207453329,6.996546088319792
429,1.3404724518719784,5.6715778300865685,7.012050281958547
430,1.32902148133361,5.635099359086722,6.964120840420333
431,1.307673918717977,5.54664516855192,6.8543190872698965
432,1.3025585252167007,5.703023623830434,7.005582149047135
433,1.3766074621090574,5.539550906070602,6.9161583681796595
434,1.3667273913210074,5.5796973762375695,6.946424767558577
435,1.3585071727749858,5.663954863103904,7.02246203587889
436,1.3426239094517884,5.617220759533983,6.959844668985771
437,1.3325128849491195,5.533554986296715,6.866067871245835
438,1.3716755917595622,5.63909045079224,7.010766042551802
439,1.4223681008588376,4.856457749466692,6.278825850325529
440,1.428435466984974,4.79561101691719,6.224046483902164
441,1.4233103900736424,4.847035635729246,6.270346025802889
442,1.4095788317235607,4.914897618332244,6.324476450055805
443,1.3946710655074972,4.986333598672366,6.381004664179863
444,1.3743944457134942,5.168491233501154,6.542885679214648
445,1.2767569880420442,6.103991906357479,7.380748894399523
446,1.3586653424620996,5.190840259296446,6.549505601758546
447,1.4140577080012262,4.929104337534247,6.343162045535474
448,1.4278934740613725,4.7309725067269355,6.158865980788308
449,1.4293317523045226,4.830721347471116,6.260053099775639
450,1.4151978214492706,4.871633081772269,6.2868309032215395
451,1.40774741720625,4.944375126004101,6.352122543210351
452,1.3964984514411405,5.024320208317458,6.420818659758599
453,1.3532739528076903,5.166583245883311,6.519857198691001
454,1.3224177357675277,5.1418934159811105,6.464311151748638
455,1.3457348637310909,5.115285869722871,6.461020733453962
456,1.3963926368726494,4.918493939918126,6.314886576790776
457,1.4340927403223576,4.843193009713013,6.277285750035371
458,1.4261869586353937,4.840062240197372,6.2662491988327655
459,1.4209812341484067,4.90215986477723,6.323141098925637
460,1.4082898001520503,4.943275050232467,6.351564850384517
461,1.3964582876243752,4.985957349070246,6.3824156366946205
462,1.3671840649974492,5.003040311549613,6.370224376547062
463,1.3195146288193347,5.229228982164697,6.548743610984031
464,1.3634284072382343,5.006282070636234,6.369710477874468
465,1.4372277308415649,4.844504817159792,6.281732548001357
466,1.4321765313343802,4.875051908048696,6.307228439383076
467,1.4184237319864441,4.917447595339882,6.335871327326327
468,1.410803868879909,4.975035700469467,6.385839569349376
469,1.3931037253858487,4.968149015297141,6.361252740682989
470,1.3639975498911712,4.943827254503327,6.307824804394498
471,1.3478341714479551,4.975762997697035,6.32359716914499
472,1.4370088571052502,4.866170202015282,6.303179059120533
473,1.428234696555662,4.890402369125609,6.318637065681271
474,1.4238132578474962,4.925003249902273,6.34881650774977
475,1.4089159384159378,4.930833430544485,6.3397493689604225
476,1.3960436278985344,4.892731583772455,6.288775211670989
477,1.4331839811240443,4.904472260662046,6.337656241786091
478,1.5303922567573847,4.643278224020585,6.17367048077797
479,1.519645682393333,4.688142283283668,6.207787965677001
480,1.4823526158438478,4.6983917978171625,6.18074441366101
481,1.4713901269103409,4.7681189584743855,6.239509085384727
482,1.4411358705481232,4.926261408168494,6.367397278716617
483,1.2865977129180937,5.782321541116901,7.068919254034995
484,1.3538012073857215,4.972534832128015,6.326336039513737
485,1.4727483725798298,4.795825480690316,6.268573853270146
486,1.5009429720272984,4.66582794255768,6.166770914584978
487,1.5375451424747586,4.678223420165744,6.215768562640503
488,1.5035749454350011,4.69113969536858,6.194714640803581
489,1.4966231019960237,4.711341090477235,6.207964192473258
490,1.473242537085456,4.761690455662768,6.234932992748224
491,1.3847114503014624,4.944744718813487,6.329456169114949
492,1.3400980502727426,4.992865513299017,6.332963563571759
493,1.3682119450704644,4.887540508936319,6.2557524540067835
494,1.463124028509278,4.768972749914131,6.232096778423409
495,1.542070696665282,4.668180148962912,6.2102508456281935
496,1.5329113246352388,4.697491698867065,6.230403023502304
497,1.5129056419554827,4.699019036208571,6.211924678164054
498,1.5018352589092223,4.710161208693375,6.211996467602598
499,1.469405965518792,4.738330074747705,6.207736040266497
500,1.4062900865552217,4.8320186696544605,6.238308756209682
501,1.36284325475814,4.925727984218573,6.288571238976712
502,1.4148746881650514,4.82792838497779,6.242803073142841
503,1.5458091420015305,4.696496589165716,6.242305731167247
504,1.5332755510038338,4.695524128848461,6.228799679852294
505,1.5148143677481734,4.706732225968716,6.22154659371689
506,1.4953382798132262,4.727484234983028,6.222822514796254
507,1.4627733982073736,4.729861109245305,6.192634507452679
508,1.4191244081573244,4.7686880923911374,6.187812500548462
509,1.4136765815849535,4.770308012628605,6.183984594213558
510,1.5430453697703068,4.7083382049670695,6.2513835747373765
511,1.528106121177758,4.703176966466213,6.231283087643971
512,1.5226065777895843,4.707627608505494,6.230234186295078
513,1.5030957375029572,4.693813006182463,6.19690874368542
514,1.4775278191500234,4.699883006789463,6.177410825939487
515,1.5333121281050006,4.713452154220287,6.246764282325288
516,1.6286087430686371,4.678901364819317,6.307510107887953
517,1.5884252111055386,4.683173159280784,6.2715983703863225
518,1.5832585689578857,4.756292655347149,6.339551224305035
519,1.5227092739931538,4.877579907941706,6.400289181934859
520,1.3064127985799205,6.10641133197567,7.41282413055559
521,1.370020345410979,4.9257016840242365,6.295722029435216
522,1.4839909928828554,4.703493717837417,6.187484710720272
523,1.5678609906533716,4.5955631996104795,6.163424190263851
524,1.6849500823295833,4.734549680877612,6.419499763207195
525,1.613937009453552,4.681148551286059,6.295085560739611
526,1.6112865405458325,4.709376476786529,6.320663017332362
527,1.5693982818592802,4.73806733370322,6.3074656155625
528,1.44486925152095,4.957249700948252,6.402118952469202
529,1.3676971566932767,4.9875098192311675,6.355206975924444
530,1.3960303032365857,4.810168074589248,6.206198377825833
531,1.5055112084594047,4.65603840828767,6.161549616747075
532,1.6888250141393795,4.746616874243137,6.435441888382517
533,1.655056341627739,4.703947283164807,6.359003624792546
534,1.629498799107016,4.6967179129362036,6.32621671204322
535,1.623312137355909,4.7063725773318605,6.32968471468777
536,1.5588709838316237,4.684848001322801,6.243718985154425
537,1.4555641185299948,4.893698449475631,6.349262568005625
538,1.4066575554590461,4.985248330899168,6.391905886358214
539,1.4720539433000357,4.742440494772248,6.214494438072284
540,1.6786124206676662,4.72852389831191,6.4071363189795765
541,1.6535303233712828,4.708276575829581,6.361806899200864
542,1.6320342794477547,4.703399484519193,6.335433763966948
543,1.6001149351010768,4.68376586483414,6.283880799935217
544,1.5550433543962172,4.685444658326616,6.2404880127228335
545,1.4807998727702698,4.74135435570336,6.22215422847363
546,1.4661048460096469,4.6683743179398824,6.134479163949529
547,1.6642154887205831,4.715865847382266,6.380081336102849
548,1.6440125120617006,4.708292038897907,6.352304550959608
549,1.6391042436670287,4.701517883256409,6.340622126923438
550,1.6075807218073417,4.677049628716353,6.2846303505236945
551,1.5728323007194076,4.6781047691407975,6.250937069860205
552,1.653606609411705,4.717609328834773,6.371215938246478
553,1.6070305119081074,4.827979074818811,6.435009586726919
554,1.5883784519522852,4.841807381179701,6.430185833131986
555,1.5326057025487674,4.981413199317726,6.514018901866493
556,1.3001494086706957,5.925672251710065,7.225821660380761
557,1.3621292130140015,5.069265724767575,6.431394937781577
558,1.477742363333921,4.793090668221629,6.270833031555551
559,1.540069748437124,4.642982068575673,6.183051817012797
560,1.655343271612814,4.7852587534017035,6.440602025014518
561,1.634059827968404,4.829881494939681,6.463941322908084
562,1.6102182841594361,4.819961631250135,6.430179915409571
563,1.5697758778838078,4.82566738633503,6.395443264218837
564,1.4555257852029306,5.115299815615147,6.570825600818078
565,1.3582707787906785,5.08475776561046,6.443028544401138
566,1.3832696094063737,4.8729898960404086,6.256259505446782
567,1.4843629603289792,4.722189330558404,6.206552290887383
568,1.6539213517431908,4.764013480187026,6.417934831930217
569,1.6644095366404437,4.841510594823407,6.505920131463851
570,1.635119448291144,4.818080808467682,6.4532002567588265
571,1.6144739533245684,4.815239008767166,6.429712962091735
572,1.571117091605599,4.805392190505466,6.376509282111065
573,1.455681462231148,5.02640006063935,6.482081522870498
574,1.4007953134332172,5.013709056403623,6.414504369836839
575,1.4513016685570082,4.807889648129764,6.259191316686772
576,1.657506780558118,4.8019640816791656,6.459470862237284
577,1.6652117601015086,4.848341823024914,6.513553583126422
578,1.6326971630052336,4.813327880328818,6.446025043334052
579,1.6099848724214352,4.809286664209072,6.419271536630507
580,1.564248491884047,4.811890036530337,6.376138528414383
581,1.47405156174255,4.848225160837419,6.32227672257997
582,1.4440349513989503,4.766654432999698,6.210689384398648
583,1.6597603797065619,4.812956569772606,6.472716949479167
584,1.648139196630577,4.821055005577938,6.469194202208516
585,1.642010802322295,4.821599993686929,6.463610796009224
586,1.621866362406417,4.808984197440912,6.430850559847329
587,1.5787482307621494,4.834929923787572,6.4136781545497215
588,1.6506810946487178,4.820024031261844,6.470705125910562
589,1.588864745966535,4.891273087048003,6.480137833014537
590,1.5177344677272449,5.006442616686798,6.524177084414044
591,1.2928182122048049,6.0289532212209895,7.321771433425795
592,1.3416109291412592,5.178120764785024,6.519731693926283
593,1.445076970046242,4.84392706574018,6.289004035786422
594,1.5097127720529693,4.656037391089397,6.165750163142366
595,1.614018358345709,4.790253621521699,6.404271979867408
596,1.6175935733725881,4.847310727318211,6.464904300690799
597,1.6053443772109106,4.8630273518078315,6.468371729018742
598,1.5577984763457573,4.856366046988814,6.414164523334572
599,1.4534243431144902,5.16726732009565,6.62069166321014
600,1.3486116605584995,5.167668645049686,6.516280305608185
601,1.3616662546892493,4.949593182109634,6.311259436798883
602,1.4515226238936132,4.769972640765523,6.221495264659136
603,1.6215431120232537,4.773106856523812,6.394649968547066
604,1.6215424510456806,4.831842746886915,6.453385197932596
605,1.6222669503651617,4.861170606249772,6.483437556614933
606,1.5998274912205368,4.851877608640526,6.451705099861063
607,1.554426628143061,4.827011607476006,6.381438235619067
608,1.4450289166616572,5.100555312748038,6.5455842294096955
609,1.384543240048517,5.110132213006541,6.494675453055058
610,1.425765911031032,4.880171764849921,6.305937675880953
611,1.6326830908546872,4.799066066277683,6.43174915713237
612,1.6271621934870053,4.851739518760789,6.4789017122477945
613,1.610492848164698,4.845960791897236,6.456453640061934
614,1.587751529625753,4.836294352310641,6.424045881936394
615,1.5528338207389085,4.818728630272418,6.371562451011327
616,1.4589602562531543,4.936814414796138,6.395774671049292
617,1.4313253427378398,4.831907166074172,6.263232508812012
618,1.6294978609159525,4.82283032494546,6.452328185861412
619,1.6244745747014542,4.852686163534517,6.4771607382359715
620,1.614565042128398,4.846522344070975,6.461087386199372
621,1.6023860279424036,4.835641053078063,6.438027081020467
622,1.5614932740460696,4.863595737057764,6.425089011103834
623,1.6222388471837568,4.853795623244635,6.476034470428392
624,1.532020892978829,5.0285765308381425,6.560597423816971
625,1.294006668613875,6.322685437718375,7.61669210633225
626,1.3406921801303948,5.364697738666461,6.705389918796856
627,1.4476903530413143,4.998245603132617,6.445935956173931
628,1.5004600242713055,4.756941428003825,6.25740145227513
629,1.601694119715135,4.86298944746466,6.464683567179795
630,1.6073517905328134,4.876189198979458,6.483540989512271
631,1.6201881775857947,4.906364596210239,6.526552773796034
632,1.5836022773041945,4.942746095036513,6.526348372340708
633,1.470506399843161,5.08855776083972,6.559064160682881
634,1.354147590805947,5.4588551755770816,6.813002766383029
635,1.3570092926855424,5.186655948958946,6.543665241644488
636,1.4443137897544163,4.93018539076976,6.374499180524177
637,1.6071368872806748,4.822986026872769,6.4301229141534435
638,1.6076627156011862,4.889777929867458,6.497440645468645
639,1.6278145474523198,4.879234834337815,6.507049381790135
640,1.617015447280376,4.942828900452198,6.559844347732573
641,1.5599228603032074,4.887604201250816,6.447527061554023
642,1.4607075479072427,5.21754790344268,6.678255451349923
643,1.377591847202414,5.336428108118765,6.714019955321179
644,1.4289254185651277,5.070228126350248,6.499153544915376
645,1.6144947041385602,4.8644286903800245,6.478923394518585
646,1.618215442568734,4.911253510047398,6.529468952616132
647,1.6211220297470634,4.929587843927675,6.550709873674738
648,1.5885031453396266,4.905024751723413,6.49352789706304
649,1.554077291410234,4.864734281377972,6.418811572788206
650,1.4672424499259598,5.142643802721352,6.609886252647312
651,1.433454408512295,5.16477575734443,6.598230165856726
652,1.6204171217891739,4.878203441705898,6.498620563495072
653,1.6271756096700623,4.929441582230382,6.556617191900444
654,1.6143910272424138,4.922858561195138,6.537249588437552
655,1.5892998435242731,4.877910704696723,6.467210548220996
656,1.5711735326862724,4.918959174639155,6.490132707325428
657,1.6266400146610087,4.947463302183444,6.574103316844453
658,1.3075078310023531,6.754634602514822,8.062142433517176
659,1.3214542687959763,5.581462956826774,6.902917225622751
660,1.3970533940136853,5.237189961983297,6.634243355996983
661,1.4226380377159478,4.952568214813065,6.375206252529013
662,1.5369981960228098,4.987279293793539,6.524277489816349
663,1.5312363976791679,5.002440191630665,6.533676589309833
664,1.5342056309818946,5.050886584530056,6.58509221551195
665,1.5348238882026104,5.0810370332532955,6.615860921455906
666,1.4722186483964557,5.205841176786226,6.6780598251826815
667,1.3607714409189549,5.714013120504409,7.074784561423364
668,1.3292166314146387,5.371194308814167,6.700410940228806
669,1.3799544299383835,5.1158373952755145,6.495791825213898
670,1.5403044811667685,4.951007763263962,6.4913122444307305
671,1.5406773830586709,5.0109250924430695,6.55160247550174
672,1.5410333424207099,5.040728879595147,6.581762222015857
673,1.54154211043047,5.080406291256593,6.621948401687063
674,1.5638923547243824,4.990012867846563,6.553905222570945
675,1.4361733065276996,5.373072975969967,6.809246282497666
676,1.3445761829785083,5.741102705455614,7.085678888434122
677,1.3788074902426768,5.184311263400892,6.563118753643569
678,1.5450473245788356,4.989922395754798,6.534969720333633
679,1.545885098989407,5.029250310999941,6.575135409989348
680,1.5462228170201662,5.086152245762691,6.632375062782858
681,1.55346438035427,5.0963199317403145,6.649784312094584
682,1.5180295605987575,5.020178295101808,6.538207855700566
683,1.4209348677993543,5.355316274963423,6.776251142762777
684,1.3894177735871365,5.4048207993597694,6.794238572946906
685,1.5485113537766353,5.021303783544612,6.569815137321247
686,1.5448637005137342,5.047568021981261,6.592431722494996
687,1.5528486160689923,5.106488207258678,6.659336823327671
688,1.5575507620435318,5.029425710327422,6.586976472370953
689,1.5150758629677707,5.004854588160398,6.519930451128168
690,1.5512078813832675,5.072141436599367,6.623349317982634
691,1.275876324890289,6.101438204924881,7.3773145298151706
692,1.274420528081946,5.84378302109378,7.1182035491757265
693,1.2802979016498743,5.839030604897275,7.1193285065471485
694,1.3078063728749711,5.972061974531814,7.279868347406786
695,1.2897044610209474,6.043607084632188,7.333311545653135
696,1.2848183012543677,6.074721201773534,7.359539503027902
697,1.2818235761887369,6.161122165351064,7.442945741539801
698,1.2973418190225388,6.114201416244716,7.411543235267255
699,99999.0,99999.0,99999.0
700,1.2870022225778823,5.789116789347535,7.076119011925417
701,1.2773219608826605,5.8493146408092,7.12663660169186
702,1.3168682687792872,5.947788956062814,7.264657224842101
703,1.3023337007247882,6.091030521259249,7.393364221984037
704,1.2970185036322788,6.0345206438712236,7.331539147503502
705,1.2927243083041815,6.114676299856354,7.407400608160536
706,1.2919683315844621,6.093235935163736,7.385204266748198
707,1.3039872644837747,5.982484363057554,7.286471627541329
708,99999.0,99999.0,99999.0
709,1.300453156961451,5.712090208059429,7.01254336502088
710,1.3302344125511505,5.837131133495851,7.167365546047002
711,1.3089355411155434,5.999028582372097,7.307964123487641
712,1.2935950237268579,6.103774810856422,7.397369834583279
713,1.2901145440126542,6.083910411496954,7.374024955509609
714,1.2898920220729333,6.083399612249776,7.37329163432271
715,1.311634259670588,5.796434349052239,7.108068608722827
716,99999.0,99999.0,99999.0
717,1.3178099334727171,5.943952690599367,7.261762624072085
718,1.303281165097567,6.075267792504251,7.378548957601818
719,1.297421688723882,6.050022601465483,7.347444290189365
720,1.2950060536217984,6.073521547547015,7.368527601168814
721,1.3018317298964417,5.871805829522687,7.173637559419129
722,1.307201196362586,5.9893512941212625,7.296552490483848
723,1.37426970159629,5.16084768885445,6.53511739045074
724,1.3673739470272293,5.05383487536672,6.4212088223939485
725,1.3745109560502409,5.043633579702352,6.418144535752592
726,1.3519669307180637,5.167844424928942,6.519811355647006
727,1.342193240776181,5.248983846314379,6.591177087090561
728,1.3245122295713516,5.322557760251137,6.647069989822489
729,1.305018034231921,5.400229227797693,6.705247262029614
730,1.3362905211615446,5.507019226032693,6.843309747194237
731,1.3827162073235035,5.122042073801485,6.504758281124989
732,1.3932228903403387,5.03406155449162,6.427284444831959
733,1.3755317741755453,4.921411526919803,6.296943301095348
734,1.3662752406038217,5.064452168884997,6.430727409488819
735,1.3567068256472008,5.1644655681850775,6.521172393832279
736,1.3420665885707979,5.213942086474581,6.556008675045378
737,1.3315889967670997,5.232455279559538,6.564044276326638
738,1.3210592255846618,5.211893773077025,6.532952998661687
739,1.3064346980192225,5.591623945215609,6.898058643234831
740,1.3798699503190035,5.049381471942236,6.429251422261239
741,1.3804162553796995,4.991589200982343,6.372005456362043
742,1.372218368514543,5.094199590344564,6.4664179588591075
743,1.3495758317118214,5.135023270067695,6.484599101779516
744,1.3388790135762878,5.132933947824481,6.471812961400769
745,1.3238309766067868,5.108765644889165,6.432596621495952
746,1.3114918137907556,5.1119998220005645,6.42349163579132
747,1.3349941290628977,5.2590812671288125,6.594075396191711
748,1.3771727957906894,5.034164599899421,6.4113373956901105
749,1.3624796186652806,5.063264383693301,6.425744002358582
750,1.3570635196844327,5.120327104773981,6.477390624458414
751,1.3399418998549173,5.071133249443034,6.411075149297951
752,1.3345847176530186,5.017025793934305,6.351610511587324
753,1.3687094698313065,5.11317944252186,6.481888912353166
754,1.4741967203652546,4.78309318658719,6.257289906952445
755,1.4925408695046443,4.776847183528588,6.269388053033232
756,1.4638822149276363,4.796145425553021,6.260027640480658
757,1.4555696842471233,4.87604716706186,6.331616851308984
758,1.4251494909534326,4.966801337911044,6.391950828864477
759,1.358144912596744,5.038014363595465,6.3961592761922095
760,1.3454206397498296,5.173072103610048,6.518492743359878
761,1.39776149119698,5.0661171306062895,6.4638786218032696
762,1.4688863108629333,4.900672473578394,6.3695587844413275
763,1.4948034056815387,4.753743675653427,6.248547081334966
764,1.482975295999514,4.777858937773722,6.260834233773236
765,1.4731826485410437,4.824792317656911,6.2979749661979545
766,1.4587556352249074,4.869195282263204,6.327950917488112
767,1.4302838663347133,4.908259624549054,6.338543490883768
768,1.3859670322135538,4.937092593224564,6.323059625438118
769,1.3667812315694279,5.167803212196198,6.534584443765626
770,1.4377417037040987,5.005193281560764,6.442934985264863
771,1.5035334574544996,4.824276143663491,6.327809601117991
772,1.4889067331130594,4.839217679434827,6.328124412547886
773,1.4678171779788345,4.845803710814198,6.313620888793032
774,1.44420831803354,4.876819247607852,6.321027565641392
775,1.4231058482808827,4.864104583700259,6.2872104319811415
776,1.3995182224471405,4.8847712464360455,6.284289468883186
777,1.4054679408052635,4.998660628663795,6.404128569469059
778,1.496260387721598,4.848089299789716,6.344349687511314
779,1.4816496718847578,4.842143071584966,6.323792743469723
780,1.475846978282838,4.869021214910288,6.3448681931931254
781,1.4513691607383703,4.840128713223323,6.291497873961694
782,1.4440667995708167,4.866686621803483,6.3107534213743
783,1.4907602785972367,4.875549055240401,6.366309333837638
784,1.5718014033481165,4.636878070412744,6.208679473760861
785,1.5311381515502018,4.6376903779368845,6.168828529487087
786,1.5159859372651843,4.6715560109073,6.187541948172484
787,1.4753428957557406,4.723504661798031,6.198847557553771
788,1.377208500227536,4.864820977281743,6.242029477509279
789,1.3442565223879206,4.961793621094149,6.30605014348207
790,1.3843195225803957,4.865248877041899,6.249568399622294
791,1.4991443221135345,4.7458438442071715,6.244988166320706
792,1.5800725330768144,4.629514722419984,6.209587255496798
793,1.5573497745754403,4.621168304414064,6.178518078989504
794,1.5474202366301304,4.671158844768678,6.218579081398809
795,1.5355044459888554,4.6956122454699205,6.231116691458776
796,1.470027480849902,4.6993619195555185,6.169389400405421
797,1.4069523689408203,4.761655849473799,6.16860821841462
798,1.3878761692532848,5.031179628926003,6.419055798179287
799,1.4569632827759098,4.79286902971707,6.24983231249298
800,1.5851578612904955,4.649215007661146,6.234372868951642
801,1.5694053309987577,4.659312813505264,6.228718144504022
802,1.5454754673813038,4.67913997579308,6.224615443174384
803,1.5117179060282855,4.677671815560077,6.189389721588363
804,1.4754585362781998,4.688331746742588,6.163790283020788
805,1.43848380850684,4.74152916062477,6.18001296913161
806,1.4367010257123938,4.746397953705731,6.183098979418125
807,1.5737816653502943,4.652337731382011,6.226119396732305
808,1.5607771730542486,4.671614701894502,6.23239187494875
809,1.5597078512517726,4.693318040190864,6.253025891442636
810,1.5225039619267182,4.663959642929825,6.186463604856543
811,1.511770580743587,4.665980694428678,6.177751275172265
812,1.5753971755643106,4.69681569727772,6.27221287284203
813,1.6379828969486478,4.777894732076234,6.415877629024882
814,1.6230204598298594,4.789891998217577,6.412912458047437
815,1.5882099387865083,4.82904537612834,6.417255314914848
816,1.4623220809566808,5.06880886181887,6.531130942775551
817,1.3740312097395009,5.039317221456255,6.413348431195756
818,1.4014723133491114,4.861611877101742,6.263084190450853
819,1.5077123592110164,4.703596327368571,6.211308686579587
820,1.7023495750926643,4.799055160217701,6.5014047353103654
821,1.6821991291532312,4.824196223555283,6.506395352708514
822,1.6438641663092486,4.784931978324267,6.428796144633516
823,1.6427486361740833,4.80262684721445,6.445375483388533
824,1.5771133503722496,4.786810862240705,6.363924212612954
825,1.4656463153661687,4.992137868953427,6.457784184319596
826,1.4133975954296594,4.969908518734858,6.383306114164517
827,1.4808650839136683,4.823748094099198,6.3046131780128665
828,1.7041699833765507,4.826333912796131,6.530503896172682
829,1.6754639900474684,4.81293512839317,6.488399118440639
830,1.6511218847655216,4.793266039948916,6.444387924714437
831,1.619090848957775,4.77647971501197,6.395570563969745
832,1.571654125907019,4.775614162459705,6.347268288366724
833,1.4869759222428103,4.813064307916154,6.300040230158964
834,1.4738070496268714,4.730684074984985,6.204491124611857
835,1.681146937517619,4.791842178337329,6.472989115854948
836,1.6614244834134049,4.797797866006143,6.459222349419548
837,1.6596941429246574,4.795472257238349,6.455166400163007
838,1.6264650064582444,4.766193945901991,6.392658952360235
839,1.5858160589199057,4.780863548609841,6.366679607529747
840,1.6705880056161313,4.807451602982635,6.478039608598766
841,1.6209916873785057,4.846714387745472,6.467706075123978
842,1.5762602058980053,4.851050473472,6.427310679370006
843,1.4626959064991332,5.18389757414509,6.646593480644222
844,1.3586934802698378,5.11504786991933,6.473741350189168
845,1.3751489719896233,4.9255385608795175,6.300687532869141
846,1.4772248542902684,4.73841795680464,6.2156428110949085
847,1.6375797166839186,4.7547065080036806,6.392286224687599
848,1.6452142361293092,4.834970424093327,6.480184660222636
849,1.64601533939657,4.846597165352323,6.492612504748893
850,1.6220135242918332,4.836684405491412,6.458697929783245
851,1.5715497486983536,4.814367690539639,6.385917439237993
852,1.452980413650072,5.049106092089491,6.5020865057395625
853,1.3926249565756665,5.056684718443453,6.449309675019119
854,1.4413704369640419,4.793958619199793,6.235329056163835
855,1.643901217817785,4.796278153824892,6.440179371642677
856,1.6532154460782684,4.851204207322917,6.504419653401186
857,1.6329077128228218,4.833629612425237,6.4665373252480585
858,1.6041988626951356,4.816513078968793,6.420711941663928
859,1.5683617955256648,4.815757158300746,6.384118953826411
860,1.4749899493522916,4.896187969697838,6.37117791905013
861,1.4487237609832935,4.7909283564645495,6.239652117447843
862,1.6482287785031156,4.813054161378186,6.461282939881301
863,1.651652155741096,4.849541266854195,6.501193422595291
864,1.6364207856447845,4.832732717424091,6.469153503068876
865,1.6200743113032856,4.819232069973812,6.439306381277097
866,1.5790614888647476,4.840125623329382,6.41918711219413
867,1.647540036073977,4.838822108155706,6.486362144229683
868,1.596184735316044,4.891818383624223,6.4880031189402665
869,1.4727519224531866,5.178714229584026,6.651466152037212
870,1.3556000526194703,5.189493545603309,6.545093598222779
871,1.3596182570099473,4.98661177263934,6.346230029649288
872,1.4611118072273417,4.800416225749655,6.2615280329769964
873,1.6284408799262333,4.768430773777774,6.396871653704007
874,1.6296434492272374,4.835781921573809,6.4654253708010465
875,1.6426335909255876,4.873671419620655,6.516305010546243
876,1.6386461212811503,4.886647527952493,6.525293649233643
877,1.5729906094184802,4.846134010840188,6.419124620258668
878,1.4568219079092977,5.128894865516509,6.585716773425807
879,1.390594531912154,5.097880826525723,6.488475358437878
880,1.4263967535890478,4.839041731551264,6.2654384851403115
881,1.6359301270500566,4.805487620060507,6.441417747110564
882,1.638381199801446,4.852548592317243,6.490929792118688
883,1.6463479107298151,4.886977502706686,6.533325413436501
884,1.6124799710559277,4.862362726379146,6.474842697435074
885,1.5729688738502665,4.8593737705626285,6.432342644412895
886,1.474750074997744,4.999424137423148,6.474174212420892
887,1.4418544268882663,4.892842131906906,6.334696558795172
888,1.6440656141922882,4.828773702442591,6.47283931663488
889,1.646099029787902,4.8652359503445,6.511334980132402
890,1.637153409814504,4.872500723314553,6.5096541331290565
891,1.6125807498549418,4.8443098048251745,6.4568905546801165
892,1.578593984314252,4.868620841439084,6.447214825753336
893,1.6500154660065443,4.882659750359881,6.5326752163664255
894,1.4860407317884665,5.090036754900487,6.576077486688953
895,1.3601036784496396,5.396289874191676,6.756393552641315
896,1.3575260351880172,5.0872442448446815,6.4447702800326985
897,1.4349678871363127,4.898284463944381,6.333252351080693
898,1.5920495506245316,4.79371680729478,6.385766357919312
899,1.5900008290974614,4.849177301350844,6.439178130448306
900,1.5973783043422616,4.874295106074481,6.471673410416742
901,1.6121301592155597,4.9065478313901245,6.518677990605684
902,1.5675837280342844,4.882784252894416,6.4503679809287
903,1.4579270673047355,5.134626982895195,6.592554050199931
904,1.364994407039216,5.300675343078472,6.665669750117688
905,1.4059322179527314,4.967358425730751,6.373290643683482
906,1.596611929977263,4.829836453677444,6.426448383654707
907,1.595736507783082,4.861092707919863,6.456829215702945
908,1.6115120772830198,4.8940816671633165,6.505593744446337
909,1.6095096851246091,4.906008464056657,6.515518149181267
910,1.5591974554435382,4.869214903882753,6.428412359326291
911,1.4622627511073512,5.1001940894168785,6.56245684052423
912,1.4237189423838437,5.047625273200677,6.471344215584521
913,1.5986187118703732,4.838646975450949,6.4372656873213225
914,1.6036491445827363,4.8758605059738365,6.479509650556572
915,1.6212565127202032,4.902672071151944,6.523928583872147
916,1.5839385439862042,4.867448679077384,6.4513872230635885
917,1.5442867872006956,4.850837126830319,6.395123914031014
918,1.6131221560958846,4.895644833766133,6.508766989862018
919,1.3621854370955704,5.458527921231353,6.820713358326923
920,1.324465490245441,5.126306115603736,6.450771605849177
921,1.3473507056289018,5.008618512510104,6.3559692181390055
922,1.4715997217609187,5.053260630001579,6.524860351762498
923,1.4670665963051281,5.144837895233446,6.611904491538574
924,1.4685757365560066,5.133702478284575,6.602278214840582
925,1.4668458523057437,5.148443030656242,6.615288882961986
926,1.471859558449468,5.1510292122708075,6.622888770720276
927,1.425716829244578,5.224520013628518,6.650236842873096
928,1.3502445618461305,5.363510889384077,6.713755451230208
929,1.3435669325544648,4.966383470530614,6.309950403085079
930,1.4755403656903845,5.090613524363008,6.566153890053393
931,1.4722838041894684,5.134290720452186,6.606574524641655
932,1.4693165523275489,5.152059348473778,6.621375900801327
933,1.471398591348573,5.1540683520655275,6.6254669434141
934,1.4725542765863913,5.099883799971131,6.572438076557523
935,1.4116376558997064,5.145286959562434,6.55692461546214
936,1.3703170559207007,5.147055114434132,6.517372170354833
937,1.4762153302214664,5.126584414912664,6.60279974513413
938,1.472845682226,5.140210879707119,6.613056561933119
939,1.471870902714069,5.141851285895738,6.613722188609807
940,1.4719872271618726,5.134924382872818,6.6069116100346905
941,1.4723527590836993,4.998390085779762,6.4707428448634605
942,1.4744649528389475,5.137148246332905,6.6116131991718525
943,1.3369893769866,5.106710624251918,6.443700001238518
944,1.3362730521125898,5.026035801721587,6.362308853834177
945,1.381327319636625,5.068296560134265,6.44962387977089
946,1.3640358608277745,5.0895321778072,6.453568038634975
947,1.3550941580560154,5.113603965042683,6.468698123098699
948,1.348749653232355,5.145089213215865,6.49383886644822
949,1.3533535925887588,5.141697315419731,6.49505090800849
950,1.3528493991641943,5.150951967354175,6.503801366518369
951,99999.0,99999.0,99999.0
952,1.3586295801553177,5.027286760801573,6.385916340956891
953,1.3827537823064948,5.063739206007217,6.446492988313711
954,1.3682263175725047,5.080159894851096,6.4483862124236015
955,1.3542974949495674,5.142173411996114,6.496470906945682
956,1.3538524016194793,5.142334938137898,6.496187339757377
957,1.3487603354936337,5.1149985303621515,6.463758865855786
958,1.3604237837907012,5.0990643189155325,6.459488102706233
959,99999.0,99999.0,99999.0
960,1.3780916616336492,5.068366463924677,6.446458125558326
961,1.3648125634802526,5.106616610550557,6.471429174030809
962,1.3577540521048503,5.127244139222037,6.484998191326887
963,1.3546862185495523,5.088929273001981,6.443615491551533
964,1.3571295155723104,5.06283155341398,6.41996106898629
965,1.366647374970747,5.090911398724345,6.457558773695093
966,1.4222652168928265,5.0144956066258315,6.436760823518658
967,1.4067421254727512,4.7904119760189445,6.197154101491696
968,1.396827414771406,4.9074224195773395,6.304249834348745
969,1.380882200337532,4.915291359326397,6.296173559663929
970,1.364624568416771,4.942987918342799,6.30761248675957
971,1.3517585514850519,4.936177287801203,6.287935839286255
972,1.3466522850972176,4.958501580007847,6.305153865105065
973,1.3644690770757888,5.31751078157637,6.681979858652159
974,1.4286516754913265,4.9120545421131725,6.340706217604499
975,1.4134002661572684,4.816093989538184,6.229494255695453
976,1.3987306946081988,4.9062394282477575,6.3049701228559565
977,1.3774976667472476,4.907938135725718,6.285435802472966
978,1.3635882599495315,4.890075867915723,6.253664127865254
979,1.3630498986150785,4.903971016817147,6.267020915432226
980,1.3625403598280472,4.8800773441846275,6.242617704012675
981,1.3751437128892512,5.060505089080654,6.435648801969905
982,1.4076977257750602,4.836538004743933,6.2442357305189935
983,1.3925095964748175,4.9079929437006005,6.300502540175418
984,1.3829474738503307,4.887571682661853,6.270519156512183
985,1.3637519909776754,4.8459308786986455,6.209682869676321
986,1.3711323702345688,4.838450850131119,6.209583220365688
987,1.395247203962723,4.905265329158602,6.300512533121324
988,1.5165951034660223,4.699226027793543,6.215821131259565
989,1.5018138947407254,4.71494293915396,6.216756833894685
990,1.4814704604996507,4.7322816077349,6.213752068234551
991,1.4663115876123476,4.772552720727638,6.238864308339985
992,1.41902351224326,4.769049929770368,6.1880734420136285
993,1.3818160890402578,4.825610669956525,6.207426758996783
994,1.3834157565371221,5.162445728776364,6.545861485313486
995,1.484124445451274,4.91842628438869,6.402550729839964
996,1.5163790487033784,4.69924493656265,6.215623985266028
997,1.5004473723726466,4.699449712477511,6.199897084850158
998,1.4790369715542848,4.73338903614063,6.212426007694915
999,1.4532129097012434,4.754283566774835,6.207496476476079
1000,1.4401844981325036,4.755851167195892,6.196035665328395
1001,1.4231650728098757,4.8472703847583345,6.27043545756821
1002,1.4375273393907086,4.9699082698401815,6.40743560923089
1003,1.5166258100898864,4.711552422719436,6.228178232809322
1004,1.489989975003921,4.707325952630363,6.197315927634284
1005,1.4847202351992994,4.740472778194852,6.2251930133941515
1006,1.453493619641346,4.708636190329067,6.162129809970414
1007,1.4591858009729475,4.727511385703344,6.186697186676291
1008,1.5060056398529782,4.747080088614307,6.253085728467285
1009,1.6767581905491489,4.7873444384055,6.464102628954649
1010,1.6455915456636816,4.753177139624103,6.398768685287785
1011,1.6443864520370175,4.768666505413486,6.413052957450503
1012,1.5787555471683925,4.7541378880258645,6.332893435194257
1013,1.473140133533208,4.986938023517801,6.46007815705101
1014,1.4318522064683488,4.920757869913157,6.352610076381506
1015,1.486747131760687,4.732513629509701,6.219260761270388
1016,1.71030602628612,4.794174776831202,6.504480803117322
1017,1.673036309629363,4.778938250698728,6.4519745603280905
1018,1.653608559971887,4.765748672719184,6.419357232691071
1019,1.6221082955092343,4.75102053181717,6.373128827326404
1020,1.5785255278088233,4.743436130107597,6.32196165791642
1021,1.4991791093932791,4.829801081567721,6.328980190961
1022,1.499241064490924,4.722701841643958,6.221942906134882
1023,1.682800561955873,4.761851582279064,6.444652144234937
1024,1.6628490095591892,4.770099299895111,6.4329483094543
1025,1.66258974501665,4.763213124148139,6.425802869164789
1026,1.6302791524384093,4.744739087339444,6.375018239777853
1027,1.594053778258109,4.751547305065309,6.345601083323419
1028,1.673157766267591,4.775989565357637,6.449147331625229
1029,1.6489103306505755,4.8269447536970755,6.475855084347651
1030,1.63422641333928,4.827982074358186,6.462208487697466
1031,1.581101153111985,4.81152094400725,6.392622097119235
1032,1.4648499305080591,5.0237148719526035,6.488564802460663
1033,1.4084490142855008,5.033088693711422,6.441537707996923
1034,1.469828419440011,4.8185334032295355,6.288361822669547
1035,1.6835206017142488,4.826965951428175,6.510486553142424
1036,1.68301129272484,4.861742197117944,6.544753489842783
1037,1.6481814432340112,4.823462298706623,6.4716437419406345
1038,1.6230901446928665,4.816574718697429,6.439664863390295
1039,1.5757754745733121,4.806960285122385,6.382735759695698
1040,1.4856817220620249,4.8452337122162055,6.33091543427823
1041,1.464984415123425,4.750969436568938,6.215953851692363
1042,1.6825296761226545,4.830754569305821,6.513284245428475
1043,1.6638359939507847,4.831915724480432,6.495751718431216
1044,1.6575479926339554,4.829221335791702,6.486769328425658
1045,1.6329851318790127,4.811701469243335,6.444686601122347
1046,1.5886059890584898,4.812041887405769,6.400647876464259
1047,1.6682997975857572,4.8337492620793645,6.502049059665122
1048,1.6504802484426797,4.871557331763197,6.522037580205876
1049,1.5826333693112562,4.833350569614678,6.415983938925935
1050,1.4628565503666677,5.045203023239868,6.508059573606536
1051,1.402898768682481,5.046822999616181,6.449721768298661
1052,1.4499854921040436,4.815506323170478,6.265491815274522
1053,1.6516087750044819,4.792644323400353,6.444253098404834
1054,1.659558245714615,4.849510018532499,6.509068264247114
1055,1.6646296279810548,4.872739299712945,6.537368927694001
1056,1.6246838379379471,4.839660948883267,6.464344786821215
1057,1.569912856876791,4.816421376738588,6.386334233615379
1058,1.4805027021980586,4.913484631580463,6.393987333778521
1059,1.4507663657965926,4.833989458478104,6.284755824274697
1060,1.6606384736624373,4.814659826681249,6.475298300343686
1061,1.6709337793759447,4.868697641021261,6.539631420397206
1062,1.6645684320104226,4.863577868401867,6.52814630041229
1063,1.6303333287914692,4.832787599096335,6.463120927887804
1064,1.589889590261261,4.83606167625971,6.425951266520972
1065,1.6753812189433173,4.87539443118791,6.550775650131228
1066,1.5834957806488574,4.859474635110201,6.442970415759059
1067,1.455847684446696,5.071593863483081,6.527441547929777
1068,1.394984218316443,5.14989224292524,6.544876461241683
1069,1.4397859455730386,4.846308468929405,6.286094414502443
1070,1.6495182575468077,4.803019997803352,6.452538255350159
1071,1.646981784076477,4.848137315168957,6.495119099245434
1072,1.6688766187164683,4.895419307621304,6.564295926337772
1073,1.6340103986207533,4.870905312363538,6.504915710984291
1074,1.5641388709052146,4.82703723851512,6.391176109420335
1075,1.4614295687966057,4.959042235497084,6.42047180429369
1076,1.4457343224558268,4.864267100164341,6.310001422620168
1077,1.6496750798010515,4.810030241712592,6.459705321513644
1078,1.6557483540703435,4.865062688294456,6.5208110423648
1079,1.6755088385613257,4.90642863053883,6.581937469100156
1080,1.6253192634857936,4.849162682431372,6.474481945917165
1081,1.569400119034929,4.845704907804219,6.415105026839148
1082,1.6722611317582066,4.8934368297255775,6.565697961483784
1083,1.4686605685285818,5.124566450156209,6.593227018684791
1084,1.3731978407562822,5.1455493179477685,6.51874715870405
1085,1.4082834896052616,4.880201521923098,6.28848501152836
1086,1.5847669046598483,4.786799291014935,6.3715661956747836
1087,1.5867939514367926,4.827198358744729,6.413992310181522
1088,1.5900835630948655,4.8560785539960865,6.446162117090952
1089,1.5970774348253216,4.876061063453018,6.47313849827834
1090,1.5637502758742265,4.8458785108551075,6.409628786729334
1091,1.458184340645675,4.995826560165159,6.454010900810834
1092,1.4153058129040788,4.931177779973175,6.346483592877254
1093,1.5890258358483011,4.799560723273331,6.388586559121632
1094,1.5876311705558304,4.837173289198898,6.4248044597547285
1095,1.5960395557931648,4.8681629843922325,6.464202540185397
1096,1.6001291341503718,4.8591840293846635,6.459313163535035
1097,1.5510971659924402,4.837097077750646,6.3881942437430865
1098,1.5934542657369006,4.852488666917777,6.4459429326546775
1099,1.3831079232578365,5.153509293618946,6.536617216876782
1100,1.3794217516725542,4.844355758112629,6.223777509785183
1101,1.4765976593298982,4.995602118069267,6.472199777399165
1102,1.4707615044909332,5.019964886322057,6.49072639081299
1103,1.463676702692606,5.0521305576989715,6.515807260391577
1104,1.4617090676868363,5.079223579664829,6.540932647351665
1105,1.4619537530037565,5.075882014167089,6.537835767170845
1106,1.4387895252953662,5.009715338853387,6.448504864148753
1107,1.4040330132512866,4.918539233666047,6.322572246917334
1108,1.4759760234510912,5.018073549630598,6.494049573081689
1109,1.4694154173170912,5.028495746735104,6.497911164052196
1110,1.4676840396490163,5.0408656244894505,6.508549664138467
1111,1.462420246075315,5.062027109772988,6.524447355848302
1112,1.4691351942532753,5.029929842910898,6.499065037164173
1113,1.4725257246857777,5.019970631314855,6.492496356000633
1114,1.3934625424088152,4.972619023879684,6.366081566288499
1115,1.4424054018469243,4.8525300211825275,6.294935423029452
1116,1.416169919656756,4.9593543347634155,6.375524254420172
1117,1.3948302903131273,5.095794698749345,6.490624989062472
1118,1.3876406369438068,5.035729574020485,6.423370210964292
1119,1.3862504811726588,5.04405396703593,6.430304448208589
1120,1.4126849463792788,4.971037115538577,6.383722061917855
1121,99999.0,99999.0,99999.0
1122,1.4307222672679452,4.88572436199882,6.316446629266765
1123,1.4087595312451584,4.987470021223991,6.3962295524691495
1124,1.3990075464187632,5.034652483072382,6.433660029491145
1125,1.38951822630419,5.074905380359394,6.464423606663584
1126,1.4053506557730342,4.983606211606601,6.388956867379635
1127,1.4086552952306601,4.9771883168767035,6.385843612107363
1128,1.4925052222197166,4.793718761428792,6.286223983648509
1129,1.4763697350202762,4.826863389468268,6.3032331244885444
1130,1.4462788455924045,4.782637683094286,6.228916528686691
1131,1.4202766025526365,4.795937816807434,6.21621441936007
1132,1.4135380101024342,4.769881287447031,6.183419297549466
1133,1.4214276870611915,4.795654372112526,6.217082059173718
1134,1.4626418855712653,4.994393660201433,6.457035545772698
1135,1.4815430346860903,4.7558513576597266,6.237394392345816
1136,1.461643772448397,4.77827988385943,6.239923656307827
1137,1.457628623177192,4.79372527173242,6.251353894909612
1138,1.4338251236956034,4.761495705993833,6.195320829689437
1139,1.4372620438622432,4.757085550844279,6.194347594706522
1140,1.4754174169972305,4.8027270648180025,6.278144481815233
1141,1.6805006699428513,4.819563701509162,6.500064371452014
1142,1.6578995614371546,4.798383656381018,6.456283217818173
1143,1.6263486022620106,4.778500975901438,6.404849578163448
1144,1.581993991683165,4.776722229628595,6.358716221311759
1145,1.501672648347627,4.843268398648205,6.3449410469958325
1146,1.4994054036254079,4.7314282314134255,6.230833635038834
1147,1.6944535243115395,4.809974616265116,6.504428140576655
1148,1.6694466873234257,4.807048617890458,6.476495305213883
1149,1.6674330140197624,4.798251789085755,6.465684803105517
1150,1.6351976207998842,4.771146777167321,6.406344397967205
1151,1.6007612688798003,4.799803450058383,6.400564718938184
1152,1.6761330600429385,4.809120211230489,6.485253271273428
1153,1.659850010778921,4.842831657168372,6.502681667947293
1154,1.6270165771054086,4.82631478936481,6.453331366470218
1155,1.5815835662795186,4.814499923817858,6.396083490097377
1156,1.4933346329282653,4.868962570520941,6.362297203449207
1157,1.4746682958787252,4.742092426269351,6.216760722148076
1158,1.6866966171197908,4.833085745645255,6.519782362765046
1159,1.678110957741497,4.859968175103597,6.538079132845094
1160,1.663316455683207,4.839253757776244,6.5025702134594505
1161,1.6407168460643866,4.830458663818576,6.471175509882963
1162,1.6008865018417908,4.834984571920143,6.435871073761934
1163,1.6800369702415479,4.861015995465689,6.5410529657072365
1164,1.6411222876938238,4.867024778331542,6.508147066025366
1165,1.579318886859505,4.8298988900449205,6.409217776904425
1166,1.4821648116379338,4.907427149858386,6.38959196149632
1167,1.4562114567862983,4.8469502663421675,6.303161723128466
1168,1.6634388913834564,4.811743622311573,6.475182513695029
1169,1.6696907507779495,4.861513670040639,6.531204420818589
1170,1.684818894656377,4.89720702447306,6.582025919129437
1171,1.638580042878321,4.847486781432779,6.4860668243111
1172,1.5807977034145095,4.834250333276116,6.415048036690625
1173,1.6861299990335354,4.893931012761072,6.580061011794607
1174,1.595362583841779,4.848298810438961,6.44366139428074
1175,1.4828510112282238,4.986812815264522,6.469663826492746
1176,1.4434306827187324,4.880104415453567,6.323535098172299
1177,1.6300974965079735,4.792946924563288,6.423044421071261
1178,1.634876089342716,4.844840983624391,6.479717072967107
1179,1.6500182259897642,4.878337813021716,6.52835603901148
1180,1.6368736388201186,4.859202555369735,6.496076194189854
1181,1.5781233402496768,4.839382760773341,6.417506101023018
1182,1.6435180837351813,4.86316217672343,6.5066802604586105
1183,1.4873978882707126,4.980824211567445,6.468222099838157
1184,1.4392094644887332,4.835287203937421,6.2744966684261545
1185,1.583970875458087,4.797429571641199,6.381400447099287
1186,1.5816800716208084,4.824807578862979,6.406487650483787
1187,1.5841079591798846,4.834114761012421,6.418222720192305
1188,1.5877409598065018,4.845134174575635,6.432875134382137
1189,1.5663688717741797,4.844525476157728,6.410894347931908
1190,1.584597435270477,4.832179974666028,6.416777409936505
1191,1.4498620973527814,4.83907532916747,6.288937426520252
1192,1.5012451701408496,4.867000329171618,6.368245499312468
1193,1.4919453472917787,4.876706783945046,6.368652131236825
1194,1.484654920412391,4.90620108230898,6.390856002721371
1195,1.4806058949872742,4.919425794564665,6.400031689551939
1196,1.4937576219427786,4.917233365780552,6.410990987723331
1197,1.4942983107091068,4.876451509913492,6.370749820622599
1198,1.4926822125430768,4.720498500932921,6.213180713475998
1199,1.4681056100720395,4.766000842519694,6.234106452591734
1200,1.463690994402946,4.829081252190958,6.292772246593904
1201,1.4449774875341979,4.854064835768244,6.299042323302442
1202,1.4604277164310262,4.823304406046988,6.283732122478014
1203,1.4763716963349602,4.748195649156313,6.224567345491273
1204,1.679011596528407,4.8290492670924134,6.508060863620821
1205,1.6666129227097166,4.804790666175197,6.471403588884914
1206,1.6431407385349999,4.795620472964203,6.438761211499203
1207,1.6040064793476134,4.818944293736785,6.422950773084398
1208,1.6814440575548921,4.826992540362024,6.5084365979169165
1209,1.6715435412486477,4.858955177428027,6.530498718676674
1210,1.6383809987539488,4.834081877356037,6.472462876109986
1211,1.5945170423475927,4.8289805762938816,6.423497618641474
1212,1.6904770886048934,4.878232690993024,6.568709779597918
1213,1.6501260329490384,4.862927983162109,6.513054016111147
1214,1.5905537703475743,4.833730000632641,6.424283770980215
1215,1.6889652458829845,4.89243170769625,6.581396953579235
1216,1.5861543524672792,4.835073041124107,6.421227393591386
1217,1.6485497613349198,4.850784228799243,6.499333990134162
1218,1.5978511799443866,4.834303984356552,6.432155164300939
