0,3
0,121
0,37
0,1519
1,4
1,122
1,38
1,1480
2,5
2,123
2,39
2,1481
3,6
3,124
3,1482
4,7
4,125
4,1483
5,8
5,126
5,1484
6,9
6,127
6,1485
7,10
7,128
7,1486
8,11
8,129
8,1487
9,12
9,130
9,1488
10,13
10,131
10,1489
11,14
11,132
11,1490
12,15
12,133
12,1491
13,16
13,134
13,1492
14,17
14,135
14,1493
15,18
15,136
15,1494
16,19
16,137
16,1495
17,20
17,138
17,1496
18,21
18,139
18,1497
19,22
19,140
19,1498
20,23
20,141
20,1499
21,24
21,142
21,1500
22,25
22,143
22,1501
23,26
23,144
23,1502
24,27
24,145
24,1503
25,28
25,146
25,1504
26,29
26,147
26,1505
27,30
27,148
27,1506
28,31
28,149
28,1507
29,32
29,150
29,1508
30,33
30,151
30,1509
31,34
31,152
31,1510
32,35
32,153
32,1511
33,36
33,154
33,1512
34,37
34,155
34,1513
35,38
35,156
35,1514
36,39
36,157
36,1515
37,158
37,1516
38,159
38,1517
39,120
39,1518
40,43
40,161
40,77
40,1559
41,44
41,162
41,78
41,1520
42,45
42,163
42,79
42,1521
43,46
43,164
43,1522
44,47
44,165
44,1523
45,48
45,166
45,1524
46,49
46,167
46,1525
47,50
47,168
47,1526
48,51
48,169
48,1527
49,52
49,170
49,1528
50,53
50,171
50,1529
51,54
51,172
51,1530
52,55
52,173
52,1531
53,56
53,174
53,1532
54,57
54,175
54,1533
55,58
55,176
55,1534
56,59
56,177
56,1535
57,60
57,178
57,1536
58,61
58,179
58,1537
59,62
59,180
59,1538
60,63
60,181
60,1539
61,64
61,182
61,1540
62,65
62,183
62,1541
63,66
63,184
63,1542
64,67
64,185
64,1543
65,68
65,186
65,1544
66,69
66,187
66,1545
67,70
67,188
67,1546
68,71
68,189
68,1547
69,72
69,190
69,1548
70,73
70,191
70,1549
71,74
71,192
71,1550
72,75
72,193
72,1551
73,76
73,194
73,1552
74,77
74,195
74,1553
75,78
75,196
75,1554
76,79
76,197
76,1555
77,198
77,1556
78,199
78,1557
79,160
79,1558
80,83
80,201
80,117
80,1599
81,84
81,202
81,118
81,1560
82,85
82,203
82,119
82,1561
83,86
83,204
83,1562
84,87
84,205
84,1563
85,88
85,206
85,1564
86,89
86,207
86,1565
87,90
87,208
87,1566
88,91
88,209
88,1567
89,92
89,210
89,1568
90,93
90,211
90,1569
91,94
91,212
91,1570
92,95
92,213
92,1571
93,96
93,214
93,1572
94,97
94,215
94,1573
95,98
95,216
95,1574
96,99
96,217
96,1575
97,100
97,218
97,1576
98,101
98,219
98,1577
99,102
99,220
99,1578
100,103
100,221
100,1579
101,104
101,222
101,1580
102,105
102,223
102,1581
103,106
103,224
103,1582
104,107
104,225
104,1583
105,108
105,226
105,1584
106,109
106,227
106,1585
107,110
107,228
107,1586
108,111
108,229
108,1587
109,112
109,230
109,1588
110,113
110,231
110,1589
111,114
111,232
111,1590
112,115
112,233
112,1591
113,116
113,234
113,1592
114,117
114,235
114,1593
115,118
115,236
115,1594
116,119
116,237
116,1595
117,238
117,1596
118,239
118,1597
119,200
119,1598
120,123
120,241
120,157
121,124
121,242
121,158
122,125
122,243
122,159
123,126
123,244
124,127
124,245
125,128
125,246
126,129
126,247
127,130
127,248
128,131
128,249
129,132
129,250
130,133
130,251
131,134
131,252
132,135
132,253
133,136
133,254
134,137
134,255
135,138
135,256
136,139
136,257
137,140
137,258
138,141
138,259
139,142
139,260
140,143
140,261
141,144
141,262
142,145
142,263
143,146
143,264
144,147
144,265
145,148
145,266
146,149
146,267
147,150
147,268
148,151
148,269
149,152
149,270
150,153
150,271
151,154
151,272
152,155
152,273
153,156
153,274
154,157
154,275
155,158
155,276
156,159
156,277
157,278
158,279
159,240
160,163
160,281
160,197
161,164
161,282
161,198
162,165
162,283
162,199
163,166
163,284
164,167
164,285
165,168
165,286
166,169
166,287
167,170
167,288
168,171
168,289
169,172
169,290
170,173
170,291
171,174
171,292
172,175
172,293
173,176
173,294
174,177
174,295
175,178
175,296
176,179
176,297
177,180
177,298
178,181
178,299
179,182
179,300
180,183
180,301
181,184
181,302
182,185
182,303
183,186
183,304
184,187
184,305
185,188
185,306
186,189
186,307
187,190
187,308
188,191
188,309
189,192
189,310
190,193
190,311
191,194
191,312
192,195
192,313
193,196
193,314
194,197
194,315
195,198
195,316
196,199
196,317
197,318
198,319
199,280
200,203
200,321
200,237
201,204
201,322
201,238
202,205
202,323
202,239
203,206
203,324
204,207
204,325
205,208
205,326
206,209
206,327
207,210
207,328
208,211
208,329
209,212
209,330
210,213
210,331
211,214
211,332
212,215
212,333
213,216
213,334
214,217
214,335
215,218
215,336
216,219
216,337
217,220
217,338
218,221
218,339
219,222
219,340
220,223
220,341
221,224
221,342
222,225
222,343
223,226
223,344
224,227
224,345
225,228
225,346
226,229
226,347
227,230
227,348
228,231
228,349
229,232
229,350
230,233
230,351
231,234
231,352
232,235
232,353
233,236
233,354
234,237
234,355
235,238
235,356
236,239
236,357
237,358
238,359
239,320
240,243
240,361
240,277
241,244
241,362
241,278
242,245
242,363
242,279
243,246
243,364
244,247
244,365
245,248
245,366
246,249
246,367
247,250
247,368
248,251
248,369
249,252
249,370
250,253
250,371
251,254
251,372
252,255
252,373
253,256
253,374
254,257
254,375
255,258
255,376
256,259
256,377
257,260
257,378
258,261
258,379
259,262
259,380
260,263
260,381
261,264
261,382
262,265
262,383
263,266
263,384
264,267
264,385
265,268
265,386
266,269
266,387
267,270
267,388
268,271
268,389
269,272
269,390
270,273
270,391
271,274
271,392
272,275
272,393
273,276
273,394
274,277
274,395
275,278
275,396
276,279
276,397
277,398
278,399
279,360
280,283
280,401
280,317
281,284
281,402
281,318
282,285
282,403
282,319
283,286
283,404
284,287
284,405
285,288
285,406
286,289
286,407
287,290
287,408
288,291
288,409
289,292
289,410
290,293
290,411
291,294
291,412
292,295
292,413
293,296
293,414
294,297
294,415
295,298
295,416
296,299
296,417
297,300
297,418
298,301
298,419
299,302
299,420
300,303
300,421
301,304
301,422
302,305
302,423
303,306
303,424
304,307
304,425
305,308
305,426
306,309
306,427
307,310
307,428
308,311
308,429
309,312
309,430
310,313
310,431
311,314
311,432
312,315
312,433
313,316
313,434
314,317
314,435
315,318
315,436
316,319
316,437
317,438
318,439
319,400
320,323
320,441
320,357
321,324
321,442
321,358
322,325
322,443
322,359
323,326
323,444
324,327
324,445
325,328
325,446
326,329
326,447
327,330
327,448
328,331
328,449
329,332
329,450
330,333
330,451
331,334
331,452
332,335
332,453
333,336
333,454
334,337
334,455
335,338
335,456
336,339
336,457
337,340
337,458
338,341
338,459
339,342
339,460
340,343
340,461
341,344
341,462
342,345
342,463
343,346
343,464
344,347
344,465
345,348
345,466
346,349
346,467
347,350
347,468
348,351
348,469
349,352
349,470
350,353
350,471
351,354
351,472
352,355
352,473
353,356
353,474
354,357
354,475
355,358
355,476
356,359
356,477
357,478
358,479
359,440
360,363
360,481
360,397
361,364
361,482
361,398
362,365
362,483
362,399
363,366
363,484
364,367
364,485
365,368
365,486
366,369
366,487
367,370
367,488
368,371
368,489
369,372
369,490
370,373
370,491
371,374
371,492
372,375
372,493
373,376
373,494
374,377
374,495
375,378
375,496
376,379
376,497
377,380
377,498
378,381
378,499
379,382
379,500
380,383
380,501
381,384
381,502
382,385
382,503
383,386
383,504
384,387
384,505
385,388
385,506
386,389
386,507
387,390
387,508
388,391
388,509
389,392
389,510
390,393
390,511
391,394
391,512
392,395
392,513
393,396
393,514
394,397
394,515
395,398
395,516
396,399
396,517
397,518
398,519
399,480
400,403
400,521
400,437
401,404
401,522
401,438
402,405
402,523
402,439
403,406
403,524
404,407
404,525
405,408
405,526
406,409
406,527
407,410
407,528
408,411
408,529
409,412
409,530
410,413
410,531
411,414
411,532
412,415
412,533
413,416
413,534
414,417
414,535
415,418
415,536
416,419
416,537
417,420
417,538
418,421
418,539
419,422
419,540
420,423
420,541
421,424
421,542
422,425
422,543
423,426
423,544
424,427
424,545
425,428
425,546
426,429
426,547
427,430
427,548
428,431
428,549
429,432
429,550
430,433
430,551
431,434
431,552
432,435
432,553
433,436
433,554
434,437
434,555
435,438
435,556
436,439
436,557
437,558
438,559
439,520
440,443
440,561
440,477
441,444
441,562
441,478
442,445
442,563
442,479
443,446
443,564
444,447
444,565
445,448
445,566
446,449
446,567
447,450
447,568
448,451
448,569
449,452
449,570
450,453
450,571
451,454
451,572
452,455
452,573
453,456
453,574
454,457
454,575
455,458
455,576
456,459
456,577
457,460
457,578
458,461
458,579
459,462
459,580
460,463
460,581
461,464
461,582
462,465
462,583
463,466
463,584
464,467
464,585
465,468
465,586
466,469
466,587
467,470
467,588
468,471
468,589
469,472
469,590
470,473
470,591
471,474
471,592
472,475
472,593
473,476
473,594
474,477
474,595
475,478
475,596
476,479
476,597
477,598
478,599
479,560
480,483
480,601
480,517
481,484
481,602
481,518
482,485
482,603
482,519
483,486
483,604
484,487
484,605
485,488
485,606
486,489
486,607
487,490
487,608
488,491
488,609
489,492
489,610
490,493
490,611
491,494
491,612
492,495
492,613
493,496
493,614
494,497
494,615
495,498
495,616
496,499
496,617
497,500
497,618
498,501
498,619
499,502
499,620
500,503
500,621
501,504
501,622
502,505
502,623
503,506
503,624
504,507
504,625
505,508
505,626
506,509
506,627
507,510
507,628
508,511
508,629
509,512
509,630
510,513
510,631
511,514
511,632
512,515
512,633
513,516
513,634
514,517
514,635
515,518
515,636
516,519
516,637
517,638
518,639
519,600
520,523
520,641
520,557
521,524
521,642
521,558
522,525
522,643
522,559
523,526
523,644
524,527
524,645
525,528
525,646
526,529
526,647
527,530
527,648
528,531
528,649
529,532
529,650
530,533
530,651
531,534
531,652
532,535
532,653
533,536
533,654
534,537
534,655
535,538
535,656
536,539
536,657
537,540
537,658
538,541
538,659
539,542
539,660
540,543
540,661
541,544
541,662
542,545
542,663
543,546
543,664
544,547
544,665
545,548
545,666
546,549
546,667
547,550
547,668
548,551
548,669
549,552
549,670
550,553
550,671
551,554
551,672
552,555
552,673
553,556
553,674
554,557
554,675
555,558
555,676
556,559
556,677
557,678
558,679
559,640
560,563
560,681
560,597
561,564
561,682
561,598
562,565
562,683
562,599
563,566
563,684
564,567
564,685
565,568
565,686
566,569
566,687
567,570
567,688
568,571
568,689
569,572
569,690
570,573
570,691
571,574
571,692
572,575
572,693
573,576
573,694
574,577
574,695
575,578
575,696
576,579
576,697
577,580
577,698
578,581
578,699
579,582
579,700
580,583
580,701
581,584
581,702
582,585
582,703
583,586
583,704
584,587
584,705
585,588
585,706
586,589
586,707
587,590
587,708
588,591
588,709
589,592
589,710
590,593
590,711
591,594
591,712
592,595
592,713
593,596
593,714
594,597
594,715
595,598
595,716
596,599
596,717
597,718
598,719
599,680
600,603
600,721
600,637
601,604
601,722
601,638
602,605
602,723
602,639
603,606
603,724
604,607
604,725
605,608
605,726
606,609
606,727
607,610
607,728
608,611
608,729
609,612
609,730
610,613
610,731
611,614
611,732
612,615
612,733
613,616
613,734
614,617
614,735
615,618
615,736
616,619
616,737
617,620
617,738
618,621
618,739
619,622
619,740
620,623
620,741
621,624
621,742
622,625
622,743
623,626
623,744
624,627
624,745
625,628
625,746
626,629
626,747
627,630
627,748
628,631
628,749
629,632
629,750
630,633
630,751
631,634
631,752
632,635
632,753
633,636
633,754
634,637
634,755
635,638
635,756
636,639
636,757
637,758
638,759
639,720
640,643
640,761
640,677
641,644
641,762
641,678
642,645
642,763
642,679
643,646
643,764
644,647
644,765
645,648
645,766
646,649
646,767
647,650
647,768
648,651
648,769
649,652
649,770
650,653
650,771
651,654
651,772
652,655
652,773
653,656
653,774
654,657
654,775
655,658
655,776
656,659
656,777
657,660
657,778
658,661
658,779
659,662
659,780
660,663
660,781
661,664
661,782
662,665
662,783
663,666
663,784
664,667
664,785
665,668
665,786
666,669
666,787
667,670
667,788
668,671
668,789
669,672
669,790
670,673
670,791
671,674
671,792
672,675
672,793
673,676
673,794
674,677
674,795
675,678
675,796
676,679
676,797
677,798
678,799
679,760
680,683
680,801
680,717
681,684
681,802
681,718
682,685
682,803
682,719
683,686
683,804
684,687
684,805
685,688
685,806
686,689
686,807
687,690
687,808
688,691
688,809
689,692
689,810
690,693
690,811
691,694
691,812
692,695
692,813
693,696
693,814
694,697
694,815
695,698
695,816
696,699
696,817
697,700
697,818
698,701
698,819
699,702
699,820
700,703
700,821
701,704
701,822
702,705
702,823
703,706
703,824
704,707
704,825
705,708
705,826
706,709
706,827
707,710
707,828
708,711
708,829
709,712
709,830
710,713
710,831
711,714
711,832
712,715
712,833
713,716
713,834
714,717
714,835
715,718
715,836
716,719
716,837
717,838
718,839
719,800
720,723
720,841
720,757
721,724
721,842
721,758
722,725
722,843
722,759
723,726
723,844
724,727
724,845
725,728
725,846
726,729
726,847
727,730
727,848
728,731
728,849
729,732
729,850
730,733
730,851
731,734
731,852
732,735
732,853
733,736
733,854
734,737
734,855
735,738
735,856
736,739
736,857
737,740
737,858
738,741
738,859
739,742
739,860
740,743
740,861
741,744
741,862
742,745
742,863
743,746
743,864
744,747
744,865
745,748
745,866
746,749
746,867
747,750
747,868
748,751
748,869
749,752
749,870
750,753
750,871
751,754
751,872
752,755
752,873
753,756
753,874
754,757
754,875
755,758
755,876
756,759
756,877
757,878
758,879
759,840
760,763
760,881
760,797
761,764
761,882
761,798
762,765
762,883
762,799
763,766
763,884
764,767
764,885
765,768
765,886
766,769
766,887
767,770
767,888
768,771
768,889
769,772
769,890
770,773
770,891
771,774
771,892
772,775
772,893
773,776
773,894
774,777
774,895
775,778
775,896
776,779
776,897
777,780
777,898
778,781
778,899
779,782
779,900
780,783
780,901
781,784
781,902
782,785
782,903
783,786
783,904
784,787
784,905
785,788
785,906
786,789
786,907
787,790
787,908
788,791
788,909
789,792
789,910
790,793
790,911
791,794
791,912
792,795
792,913
793,796
793,914
794,797
794,915
795,798
795,916
796,799
796,917
797,918
798,919
799,880
800,803
800,921
800,837
801,804
801,922
801,838
802,805
802,923
802,839
803,806
803,924
804,807
804,925
805,808
805,926
806,809
806,927
807,810
807,928
808,811
808,929
809,812
809,930
810,813
810,931
811,814
811,932
812,815
812,933
813,816
813,934
814,817
814,935
815,818
815,936
816,819
816,937
817,820
817,938
818,821
818,939
819,822
819,940
820,823
820,941
821,824
821,942
822,825
822,943
823,826
823,944
824,827
824,945
825,828
825,946
826,829
826,947
827,830
827,948
828,831
828,949
829,832
829,950
830,833
830,951
831,834
831,952
832,835
832,953
833,836
833,954
834,837
834,955
835,838
835,956
836,839
836,957
837,958
838,959
839,920
840,843
840,961
840,877
841,844
841,962
841,878
842,845
842,963
842,879
843,846
843,964
844,847
844,965
845,848
845,966
846,849
846,967
847,850
847,968
848,851
848,969
849,852
849,970
850,853
850,971
851,854
851,972
852,855
852,973
853,856
853,974
854,857
854,975
855,858
855,976
856,859
856,977
857,860
857,978
858,861
858,979
859,862
859,980
860,863
860,981
861,864
861,982
862,865
862,983
863,866
863,984
864,867
864,985
865,868
865,986
866,869
866,987
867,870
867,988
868,871
868,989
869,872
869,990
870,873
870,991
871,874
871,992
872,875
872,993
873,876
873,994
874,877
874,995
875,878
875,996
876,879
876,997
877,998
878,999
879,960
880,883
880,1001
880,917
881,884
881,1002
881,918
882,885
882,1003
882,919
883,886
883,1004
884,887
884,1005
885,888
885,1006
886,889
886,1007
887,890
887,1008
888,891
888,1009
889,892
889,1010
890,893
890,1011
891,894
891,1012
892,895
892,1013
893,896
893,1014
894,897
894,1015
895,898
895,1016
896,899
896,1017
897,900
897,1018
898,901
898,1019
899,902
899,1020
900,903
900,1021
901,904
901,1022
902,905
902,1023
903,906
903,1024
904,907
904,1025
905,908
905,1026
906,909
906,1027
907,910
907,1028
908,911
908,1029
909,912
909,1030
910,913
910,1031
911,914
911,1032
912,915
912,1033
913,916
913,1034
914,917
914,1035
915,918
915,1036
916,919
916,1037
917,1038
918,1039
919,1000
920,923
920,1041
920,957
921,924
921,1042
921,958
922,925
922,1043
922,959
923,926
923,1044
924,927
924,1045
925,928
925,1046
926,929
926,1047
927,930
927,1048
928,931
928,1049
929,932
929,1050
930,933
930,1051
931,934
931,1052
932,935
932,1053
933,936
933,1054
934,937
934,1055
935,938
935,1056
936,939
936,1057
937,940
937,1058
938,941
938,1059
939,942
939,1060
940,943
940,1061
941,944
941,1062
942,945
942,1063
943,946
943,1064
944,947
944,1065
945,948
945,1066
946,949
946,1067
947,950
947,1068
948,951
948,1069
949,952
949,1070
950,953
950,1071
951,954
951,1072
952,955
952,1073
953,956
953,1074
954,957
954,1075
955,958
955,1076
956,959
956,1077
957,1078
958,1079
959,1040
960,963
960,1081
960,997
961,964
961,1082
961,998
962,965
962,1083
962,999
963,966
963,1084
964,967
964,1085
965,968
965,1086
966,969
966,1087
967,970
967,1088
968,971
968,1089
969,972
969,1090
970,973
970,1091
971,974
971,1092
972,975
972,1093
973,976
973,1094
974,977
974,1095
975,978
975,1096
976,979
976,1097
977,980
977,1098
978,981
978,1099
979,982
979,1100
980,983
980,1101
981,984
981,1102
982,985
982,1103
983,986
983,1104
984,987
984,1105
985,988
985,1106
986,989
986,1107
987,990
987,1108
988,991
988,1109
989,992
989,1110
990,993
990,1111
991,994
991,1112
992,995
992,1113
993,996
993,1114
994,997
994,1115
995,998
995,1116
996,999
996,1117
997,1118
998,1119
999,1080
1000,1003
1000,1121
1000,1037
1001,1004
1001,1122
1001,1038
1002,1005
1002,1123
1002,1039
1003,1006
1003,1124
1004,1007
1004,1125
1005,1008
1005,1126
1006,1009
1006,1127
1007,1010
1007,1128
1008,1011
1008,1129
1009,1012
1009,1130
1010,1013
1010,1131
1011,1014
1011,1132
1012,1015
1012,1133
1013,1016
1013,1134
1014,1017
1014,1135
1015,1018
1015,1136
1016,1019
1016,1137
1017,1020
1017,1138
1018,1021
1018,1139
1019,1022
1019,1140
1020,1023
1020,1141
1021,1024
1021,1142
1022,1025
1022,1143
1023,1026
1023,1144
1024,1027
1024,1145
1025,1028
1025,1146
1026,1029
1026,1147
1027,1030
1027,1148
1028,1031
1028,1149
1029,1032
1029,1150
1030,1033
1030,1151
1031,1034
1031,1152
1032,1035
1032,1153
1033,1036
1033,1154
1034,1037
1034,1155
1035,1038
1035,1156
1036,1039
1036,1157
1037,1158
1038,1159
1039,1120
1040,1043
1040,1161
1040,1077
1041,1044
1041,1162
1041,1078
1042,1045
1042,1163
1042,1079
1043,1046
1043,1164
1044,1047
1044,1165
1045,1048
1045,1166
1046,1049
1046,1167
1047,1050
1047,1168
1048,1051
1048,1169
1049,1052
1049,1170
1050,1053
1050,1171
1051,1054
1051,1172
1052,1055
1052,1173
1053,1056
1053,1174
1054,1057
1054,1175
1055,1058
1055,1176
1056,1059
1056,1177
1057,1060
1057,1178
1058,1061
1058,1179
1059,1062
1059,1180
1060,1063
1060,1181
1061,1064
1061,1182
1062,1065
1062,1183
1063,1066
1063,1184
1064,1067
1064,1185
1065,1068
1065,1186
1066,1069
1066,1187
1067,1070
1067,1188
1068,1071
1068,1189
1069,1072
1069,1190
1070,1073
1070,1191
1071,1074
1071,1192
1072,1075
1072,1193
1073,1076
1073,1194
1074,1077
1074,1195
1075,1078
1075,1196
1076,1079
1076,1197
1077,1198
1078,1199
1079,1160
1080,1083
1080,1201
1080,1117
1081,1084
1081,1202
1081,1118
1082,1085
1082,1203
1082,1119
1083,1086
1083,1204
1084,1087
1084,1205
1085,1088
1085,1206
1086,1089
1086,1207
1087,1090
1087,1208
1088,1091
1088,1209
1089,1092
1089,1210
1090,1093
1090,1211
1091,1094
1091,1212
1092,1095
1092,1213
1093,1096
1093,1214
1094,1097
1094,1215
1095,1098
1095,1216
1096,1099
1096,1217
1097,1100
1097,1218
1098,1101
1098,1219
1099,1102
1099,1220
1100,1103
1100,1221
1101,1104
1101,1222
1102,1105
1102,1223
1103,1106
1103,1224
1104,1107
1104,1225
1105,1108
1105,1226
1106,1109
1106,1227
1107,1110
1107,1228
1108,1111
1108,1229
1109,1112
1109,1230
1110,1113
1110,1231
1111,1114
1111,1232
1112,1115
1112,1233
1113,1116
1113,1234
1114,1117
1114,1235
1115,1118
1115,1236
1116,1119
1116,1237
1117,1238
1118,1239
1119,1200
1120,1123
1120,1241
1120,1157
1121,1124
1121,1242
1121,1158
1122,1125
1122,1243
1122,1159
1123,1126
1123,1244
1124,1127
1124,1245
1125,1128
1125,1246
1126,1129
1126,1247
1127,1130
1127,1248
1128,1131
1128,1249
1129,1132
1129,1250
1130,1133
1130,1251
1131,1134
1131,1252
1132,1135
1132,1253
1133,1136
1133,1254
1134,1137
1134,1255
1135,1138
1135,1256
1136,1139
1136,1257
1137,1140
1137,1258
1138,1141
1138,1259
1139,1142
1139,1260
1140,1143
1140,1261
1141,1144
1141,1262
1142,1145
1142,1263
1143,1146
1143,1264
1144,1147
1144,1265
1145,1148
1145,1266
1146,1149
1146,1267
1147,1150
1147,1268
1148,1151
1148,1269
1149,1152
1149,1270
1150,1153
1150,1271
1151,1154
1151,1272
1152,1155
1152,1273
1153,1156
1153,1274
1154,1157
1154,1275
1155,1158
1155,1276
1156,1159
1156,1277
1157,1278
1158,1279
1159,1240
1160,1163
1160,1281
1160,1197
1161,1164
1161,1282
1161,1198
1162,1165
1162,1283
1162,1199
1163,1166
1163,1284
1164,1167
1164,1285
1165,1168
1165,1286
1166,1169
1166,1287
1167,1170
1167,1288
1168,1171
1168,1289
1169,1172
1169,1290
1170,1173
1170,1291
1171,1174
1171,1292
1172,1175
1172,1293
1173,1176
1173,1294
1174,1177
1174,1295
1175,1178
1175,1296
1176,1179
1176,1297
1177,1180
1177,1298
1178,1181
1178,1299
1179,1182
1179,1300
1180,1183
1180,1301
1181,1184
1181,1302
1182,1185
1182,1303
1183,1186
1183,1304
1184,1187
1184,1305
1185,1188
1185,1306
1186,1189
1186,1307
1187,1190
1187,1308
1188,1191
1188,1309
1189,1192
1189,1310
1190,1193
1190,1311
1191,1194
1191,1312
1192,1195
1192,1313
1193,1196
1193,1314
1194,1197
1194,1315
1195,1198
1195,1316
1196,1199
1196,1317
1197,1318
1198,1319
1199,1280
1200,1203
1200,1321
1200,1237
1201,1204
1201,1322
1201,1238
1202,1205
1202,1323
1202,1239
1203,1206
1203,1324
1204,1207
1204,1325
1205,1208
1205,1326
1206,1209
1206,1327
1207,1210
1207,1328
1208,1211
1208,1329
1209,1212
1209,1330
1210,1213
1210,1331
1211,1214
1211,1332
1212,1215
1212,1333
1213,1216
1213,1334
1214,1217
1214,1335
1215,1218
1215,1336
1216,1219
1216,1337
1217,1220
1217,1338
1218,1221
1218,1339
1219,1222
1219,1340
1220,1223
1220,1341
1221,1224
1221,1342
1222,1225
1222,1343
1223,1226
1223,1344
1224,1227
1224,1345
1225,1228
1225,1346
1226,1229
1226,1347
1227,1230
1227,1348
1228,1231
1228,1349
1229,1232
1229,1350
1230,1233
1230,1351
1231,1234
1231,1352
1232,1235
1232,1353
1233,1236
1233,1354
1234,1237
1234,1355
1235,1238
1235,1356
1236,1239
1236,1357
1237,1358
1238,1359
1239,1320
1240,1243
1240,1361
1240,1277
1241,1244
1241,1362
1241,1278
1242,1245
1242,1363
1242,1279
1243,1246
1243,1364
1244,1247
1244,1365
1245,1248
1245,1366
1246,1249
1246,1367
1247,1250
1247,1368
1248,1251
1248,1369
1249,1252
1249,1370
1250,1253
1250,1371
1251,1254
1251,1372
1252,1255
1252,1373
1253,1256
1253,1374
1254,1257
1254,1375
1255,1258
1255,1376
1256,1259
1256,1377
1257,1260
1257,1378
1258,1261
1258,1379
1259,1262
1259,1380
1260,1263
1260,1381
1261,1264
1261,1382
1262,1265
1262,1383
1263,1266
1263,1384
1264,1267
1264,1385
1265,1268
1265,1386
1266,1269
1266,1387
1267,1270
1267,1388
1268,1271
1268,1389
1269,1272
1269,1390
1270,1273
1270,1391
1271,1274
1271,1392
1272,1275
1272,1393
1273,1276
1273,1394
1274,1277
1274,1395
1275,1278
1275,1396
1276,1279
1276,1397
1277,1398
1278,1399
1279,1360
1280,1283
1280,1401
1280,1317
1281,1284
1281,1402
1281,1318
1282,1285
1282,1403
1282,1319
1283,1286
1283,1404
1284,1287
1284,1405
1285,1288
1285,1406
1286,1289
1286,1407
1287,1290
1287,1408
1288,1291
1288,1409
1289,1292
1289,1410
1290,1293
1290,1411
1291,1294
1291,1412
1292,1295
1292,1413
1293,1296
1293,1414
1294,1297
1294,1415
1295,1298
1295,1416
1296,1299
1296,1417
1297,1300
1297,1418
1298,1301
1298,1419
1299,1302
1299,1420
1300,1303
1300,1421
1301,1304
1301,1422
1302,1305
1302,1423
1303,1306
1303,1424
1304,1307
1304,1425
1305,1308
1305,1426
1306,1309
1306,1427
1307,1310
1307,1428
1308,1311
1308,1429
1309,1312
1309,1430
1310,1313
1310,1431
1311,1314
1311,1432
1312,1315
1312,1433
1313,1316
1313,1434
1314,1317
1314,1435
1315,1318
1315,1436
1316,1319
1316,1437
1317,1438
1318,1439
1319,1400
1320,1323
1320,1441
1320,1357
1321,1324
1321,1442
1321,1358
1322,1325
1322,1443
1322,1359
1323,1326
1323,1444
1324,1327
1324,1445
1325,1328
1325,1446
1326,1329
1326,1447
1327,1330
1327,1448
1328,1331
1328,1449
1329,1332
1329,1450
1330,1333
1330,1451
1331,1334
1331,1452
1332,1335
1332,1453
1333,1336
1333,1454
1334,1337
1334,1455
1335,1338
1335,1456
1336,1339
1336,1457
1337,1340
1337,1458
1338,1341
1338,1459
1339,1342
1339,1460
1340,1343
1340,1461
1341,1344
1341,1462
1342,1345
1342,1463
1343,1346
1343,1464
1344,1347
1344,1465
1345,1348
1345,1466
1346,1349
1346,1467
1347,1350
1347,1468
1348,1351
1348,1469
1349,1352
1349,1470
1350,1353
1350,1471
1351,1354
1351,1472
1352,1355
1352,1473
1353,1356
1353,1474
1354,1357
1354,1475
1355,1358
1355,1476
1356,1359
1356,1477
1357,1478
1358,1479
1359,1440
1360,1363
1360,1481
1360,1397
1361,1364
1361,1482
1361,1398
1362,1365
1362,1483
1362,1399
1363,1366
1363,1484
1364,1367
1364,1485
1365,1368
1365,1486
1366,1369
1366,1487
1367,1370
1367,1488
1368,1371
1368,1489
1369,1372
1369,1490
1370,1373
1370,1491
1371,1374
1371,1492
1372,1375
1372,1493
1373,1376
1373,1494
1374,1377
1374,1495
1375,1378
1375,1496
1376,1379
1376,1497
1377,1380
1377,1498
1378,1381
1378,1499
1379,1382
1379,1500
1380,1383
1380,1501
1381,1384
1381,1502
1382,1385
1382,1503
1383,1386
1383,1504
1384,1387
1384,1505
1385,1388
1385,1506
1386,1389
1386,1507
1387,1390
1387,1508
1388,1391
1388,1509
1389,1392
1389,1510
1390,1393
1390,1511
1391,1394
1391,1512
1392,1395
1392,1513
1393,1396
1393,1514
1394,1397
1394,1515
1395,1398
1395,1516
1396,1399
1396,1517
1397,1518
1398,1519
1399,1480
1400,1403
1400,1521
1400,1437
1401,1404
1401,1522
1401,1438
1402,1405
1402,1523
1402,1439
1403,1406
1403,1524
1404,1407
1404,1525
1405,1408
1405,1526
1406,1409
1406,1527
1407,1410
1407,1528
1408,1411
1408,1529
1409,1412
1409,1530
1410,1413
1410,1531
1411,1414
1411,1532
1412,1415
1412,1533
1413,1416
1413,1534
1414,1417
1414,1535
1415,1418
1415,1536
1416,1419
1416,1537
1417,1420
1417,1538
1418,1421
1418,1539
1419,1422
1419,1540
1420,1423
1420,1541
1421,1424
1421,1542
1422,1425
1422,1543
1423,1426
1423,1544
1424,1427
1424,1545
1425,1428
1425,1546
1426,1429
1426,1547
1427,1430
1427,1548
1428,1431
1428,1549
1429,1432
1429,1550
1430,1433
1430,1551
1431,1434
1431,1552
1432,1435
1432,1553
1433,1436
1433,1554
1434,1437
1434,1555
1435,1438
1435,1556
1436,1439
1436,1557
1437,1558
1438,1559
1439,1520
1440,1443
1440,1561
1440,1477
1441,1444
1441,1562
1441,1478
1442,1445
1442,1563
1442,1479
1443,1446
1443,1564
1444,1447
1444,1565
1445,1448
1445,1566
1446,1449
1446,1567
1447,1450
1447,1568
1448,1451
1448,1569
1449,1452
1449,1570
1450,1453
1450,1571
1451,1454
1451,1572
1452,1455
1452,1573
1453,1456
1453,1574
1454,1457
1454,1575
1455,1458
1455,1576
1456,1459
1456,1577
1457,1460
1457,1578
1458,1461
1458,1579
1459,1462
1459,1580
1460,1463
1460,1581
1461,1464
1461,1582
1462,1465
1462,1583
1463,1466
1463,1584
1464,1467
1464,1585
1465,1468
1465,1586
1466,1469
1466,1587
1467,1470
1467,1588
1468,1471
1468,1589
1469,1472
1469,1590
1470,1473
1470,1591
1471,1474
1471,1592
1472,1475
1472,1593
1473,1476
1473,1594
1474,1477
1474,1595
1475,1478
1475,1596
1476,1479
1476,1597
1477,1598
1478,1599
1479,1560
1480,1483
1480,1517
1481,1484
1481,1518
1482,1485
1482,1519
1483,1486
1484,1487
1485,1488
1486,1489
1487,1490
1488,1491
1489,1492
1490,1493
1491,1494
1492,1495
1493,1496
1494,1497
1495,1498
1496,1499
1497,1500
1498,1501
1499,1502
1500,1503
1501,1504
1502,1505
1503,1506
1504,1507
1505,1508
1506,1509
1507,1510
1508,1511
1509,1512
1510,1513
1511,1514
1512,1515
1513,1516
1514,1517
1515,1518
1516,1519
1520,1523
1520,1557
1521,1524
1521,1558
1522,1525
1522,1559
1523,1526
1524,1527
1525,1528
1526,1529
1527,1530
1528,1531
1529,1532
1530,1533
1531,1534
1532,1535
1533,1536
1534,1537
1535,1538
1536,1539
1537,1540
1538,1541
1539,1542
1540,1543
1541,1544
1542,1545
1543,1546
1544,1547
1545,1548
1546,1549
1547,1550
1548,1551
1549,1552
1550,1553
1551,1554
1552,1555
1553,1556
1554,1557
1555,1558
1556,1559
1560,1563
1560,1597
1561,1564
1561,1598
1562,1565
1562,1599
1563,1566
1564,1567
1565,1568
1566,1569
1567,1570
1568,1571
1569,1572
1570,1573
1571,1574
1572,1575
1573,1576
1574,1577
1575,1578
1576,1579
1577,1580
1578,1581
1579,1582
1580,1583
1581,1584
1582,1585
1583,1586
1584,1587
1585,1588
1586,1589
1587,1590
1588,1591
1589,1592
1590,1593
1591,1594
1592,1595
1593,1596
1594,1597
1595,1598
1596,1599
